/*--------------------------------*- C++ -*----------------------------------*\
  =========                 |
  \\      /  F ield         | OpenFOAM: The Open Source CFD Toolbox
   \\    /   O peration     | Website:  https://openfoam.org
    \\  /    A nd           | Version:  9
     \\/     M anipulation  |
\*---------------------------------------------------------------------------*/
FoamFile
{
    format      ascii;
    class       volScalarField;
    location    "2.5";
    object      k;
}
// * * * * * * * * * * * * * * * * * * * * * * * * * * * * * * * * * * * * * //

dimensions      [0 2 -2 0 0 0 0];

internalField   nonuniform List<scalar> 
4545
(
0.885401
1.12377
1.01877
1.12377
0.885396
1.43767
1.4508
1.34285
1.4508
1.43767
1.66504
1.62661
1.5125
1.62661
1.66504
1.78395
1.73396
1.6198
1.73396
1.78396
1.85846
1.80529
1.69212
1.80529
1.85847
1.90935
1.85497
1.74282
1.855
1.90941
1.94498
1.89017
1.77906
1.89021
1.945
1.96971
1.9151
1.80504
1.91515
1.96959
1.98684
1.93248
1.82348
1.93259
1.98675
1.99841
1.94418
1.83618
1.94428
1.9985
2.00573
1.95156
1.84443
1.95159
2.00585
2.00958
1.95528
1.84896
1.95518
2.00939
2.01007
1.95595
1.85047
1.95575
2.01004
2.00829
1.95415
1.8495
1.95397
2.00821
2.00466
1.94993
1.84621
1.94968
2.00383
1.99911
1.94349
1.84056
1.94318
1.9977
1.99118
1.93504
1.83306
1.93482
1.98959
1.98078
1.92478
1.82375
1.92468
1.97985
1.96851
1.91274
1.81265
1.91271
1.96838
1.95557
1.89896
1.79973
1.89892
1.95536
1.94152
1.88338
1.78497
1.88338
1.94118
1.92479
1.86582
1.76826
1.86575
1.92468
1.90601
1.84621
1.74956
1.84607
1.90596
1.8863
1.82454
1.72876
1.82422
1.88471
1.86342
1.80041
1.70572
1.79997
1.8611
1.83705
1.77375
1.68047
1.77367
1.83647
1.80928
1.7449
1.65272
1.74502
1.81007
1.77976
1.71368
1.62363
1.71374
1.78056
1.74739
1.67991
1.59229
1.67981
1.74756
1.71289
1.64371
1.55866
1.6436
1.71294
1.67566
1.60496
1.52275
1.60499
1.67601
1.63605
1.56377
1.48457
1.56383
1.63617
1.59474
1.52034
1.44415
1.52043
1.59476
1.55099
1.47463
1.40148
1.47471
1.55111
1.50482
1.4266
1.35653
1.42665
1.50493
1.45614
1.37626
1.30922
1.37629
1.45618
1.40519
1.32362
1.25941
1.32363
1.4052
1.35209
1.26826
1.20674
1.26826
1.35209
1.29603
1.20883
1.15073
1.20883
1.29602
3.07406
3.11899
2.82996
3.119
3.07406
3.78853
3.67481
3.39746
3.67482
3.78854
4.17378
4.03305
3.75272
4.03306
4.1738
4.40372
4.25539
3.98078
4.25541
4.40375
4.55261
4.4024
4.1335
4.40242
4.55265
4.65386
4.50254
4.2387
4.50259
4.65396
4.72339
4.57132
4.31198
4.57136
4.72326
4.76981
4.61795
4.36271
4.61794
4.76916
4.80054
4.64848
4.39698
4.64855
4.79949
4.81965
4.66691
4.41874
4.66702
4.81932
4.82911
4.67595
4.43081
4.67603
4.82918
4.83084
4.67736
4.43501
4.67731
4.83076
4.82655
4.67278
4.43296
4.67267
4.82777
4.81755
4.66253
4.42531
4.6623
4.8182
4.80495
4.64764
4.41251
4.64705
4.80332
4.78909
4.62851
4.39538
4.62766
4.78584
4.76852
4.60518
4.37421
4.60431
4.76388
4.74116
4.57783
4.34925
4.57732
4.73813
4.70957
4.54688
4.32065
4.54673
4.70902
4.67752
4.51278
4.28848
4.51269
4.67691
4.64352
4.47536
4.25272
4.47526
4.64182
4.6028
4.43394
4.21312
4.43387
4.60254
4.55767
4.38853
4.16959
4.38839
4.55762
4.51087
4.33942
4.12201
4.33864
4.50643
4.45729
4.28573
4.07014
4.28472
4.45177
4.39618
4.22731
4.01398
4.22696
4.39414
4.33117
4.16471
3.95335
4.16488
4.33289
4.26317
4.09762
3.88769
4.09793
4.26599
4.18958
4.02585
3.81712
4.02603
4.19167
4.11078
3.94965
3.74197
3.94978
4.1125
4.02679
3.86892
3.6623
3.86907
4.0278
3.93824
3.78379
3.57808
3.78384
3.93825
3.84585
3.69442
3.48943
3.69444
3.84517
3.74791
3.60063
3.39624
3.60072
3.74765
3.64523
3.50232
3.29835
3.50243
3.64535
3.53779
3.39929
3.19553
3.39936
3.5379
3.42592
3.29112
3.08734
3.29116
3.42599
3.31021
3.17654
2.97288
3.17656
3.31024
3.18861
3.05129
2.85114
3.0513
3.18862
4.13716
4.0557
3.79445
4.05572
4.13719
4.81379
4.64022
4.4033
4.64024
4.81383
5.22018
5.03948
4.80801
5.03951
5.22023
5.48337
5.30198
5.07872
5.30201
5.48343
5.6591
5.47993
5.26391
5.47996
5.65916
5.77949
5.60238
5.39255
5.60242
5.77957
5.86217
5.68677
5.48222
5.68682
5.86224
5.91798
5.74399
5.54402
5.74404
5.91802
5.95413
5.78119
5.5852
5.78122
5.95415
5.97537
5.80311
5.61065
5.80315
5.97543
5.98499
5.81315
5.62384
5.81317
5.98505
5.9853
5.81362
5.62717
5.8136
5.9853
5.9784
5.80668
5.6228
5.80666
5.97846
5.96459
5.79264
5.61128
5.79261
5.96458
5.94512
5.77271
5.59358
5.77263
5.94491
5.92062
5.74759
5.57057
5.74748
5.92024
5.89131
5.7177
5.5427
5.71758
5.89086
5.85729
5.68327
5.51025
5.68319
5.857
5.81889
5.64454
5.47342
5.64451
5.81881
5.77634
5.60158
5.43227
5.60155
5.77628
5.72948
5.55438
5.38681
5.55432
5.72935
5.67785
5.50276
5.33693
5.50269
5.67776
5.6214
5.44663
5.28252
5.44651
5.62123
5.56009
5.38586
5.22346
5.38564
5.55955
5.4934
5.32023
5.15961
5.32
5.49276
5.42112
5.24963
5.09087
5.24952
5.42083
5.34344
5.17405
5.01716
5.17408
5.34354
5.26036
5.09342
4.93834
5.09348
5.26059
5.17168
5.00762
4.85431
5.00766
5.17187
5.07742
4.91663
4.76506
4.91667
5.07758
4.97759
4.82043
4.67057
4.8205
4.97774
4.87226
4.71901
4.57078
4.7191
4.87238
4.7615
4.61234
4.4656
4.61243
4.7616
4.64519
4.50028
4.35489
4.50036
4.64532
4.52327
4.38263
4.23841
4.38271
4.5234
4.39559
4.25911
4.11582
4.25917
4.39569
4.26208
4.1292
3.98662
4.12924
4.26215
4.12287
3.9918
3.85011
3.99183
4.12292
3.97535
3.84389
3.70586
3.84391
3.97538
4.7984
4.68858
4.45864
4.68862
4.79846
5.44977
5.26871
5.06479
5.26876
5.44984
5.86159
5.67994
5.48409
5.67999
5.86167
6.14085
5.96102
5.77388
5.96107
6.14094
6.33267
6.1562
5.97643
6.15625
6.33276
6.46607
6.2925
6.11891
6.29256
6.46617
6.55845
6.38726
6.21886
6.38732
6.55856
6.62111
6.45183
6.28785
6.45189
6.62122
6.66165
6.49384
6.33368
6.4939
6.66176
6.68527
6.51854
6.36171
6.5186
6.68538
6.69567
6.5297
6.37582
6.52976
6.69577
6.69545
6.52996
6.37874
6.53001
6.69553
6.68701
6.52179
6.3729
6.52183
6.68708
6.67074
6.50563
6.359
6.50566
6.67079
6.64806
6.48288
6.33826
6.4829
6.64808
6.61969
6.45436
6.31162
6.45437
6.61968
6.5861
6.42057
6.27961
6.42058
6.58609
6.54757
6.38186
6.24261
6.38188
6.54758
6.50431
6.33848
6.20085
6.3385
6.50435
6.45635
6.29049
6.15446
6.29051
6.45639
6.40368
6.23795
6.10346
6.23796
6.40371
6.34617
6.18079
6.04785
6.18079
6.34618
6.2837
6.11894
5.98755
6.11891
6.28367
6.21612
6.05228
5.92246
6.05224
6.21603
6.14325
5.98071
5.85249
5.98067
6.14315
6.06497
5.90411
5.77754
5.9041
6.06492
5.98121
5.82241
5.6975
5.82243
5.98124
5.89191
5.7355
5.61227
5.73554
5.89197
5.79697
5.64329
5.52172
5.64333
5.79703
5.69632
5.54567
5.42574
5.54572
5.69639
5.58989
5.44252
5.32419
5.44258
5.58999
5.47762
5.3337
5.21689
5.33376
5.47773
5.35938
5.21903
5.10364
5.2191
5.3595
5.23499
5.09829
4.98419
5.09836
5.23512
5.10423
4.9712
4.85822
4.97127
5.10435
4.96687
4.83742
4.72534
4.83747
4.96697
4.82276
4.69645
4.58507
4.6965
4.82284
4.67215
4.54746
4.43686
4.54749
4.67222
4.513
4.38818
4.28053
4.38821
4.51305
5.26007
5.14418
4.93877
5.14423
5.26015
5.89448
5.71578
5.53448
5.71584
5.89458
6.30765
6.13059
5.95773
6.13066
6.30776
6.5962
6.42171
6.25729
6.42178
6.59632
6.79879
6.62783
6.47047
6.62791
6.79892
6.94179
6.77382
6.62232
6.7739
6.94192
7.04184
6.87633
6.72973
6.87641
7.04198
7.11022
6.94668
6.80422
6.94676
7.11036
7.1547
6.99271
6.8538
6.99279
7.15484
7.18076
7.01993
6.88411
7.02
7.18089
7.1923
7.03234
6.89924
7.03241
7.19243
7.19218
7.03283
6.90217
7.0329
7.19231
7.183
7.02404
6.89552
7.0241
7.18312
7.16533
7.00663
6.88015
7.00669
7.16544
7.14072
6.98211
6.85746
6.98217
7.14083
7.11
6.95141
6.82845
6.95146
7.1101
7.07376
6.91514
6.79377
6.91519
7.07385
7.03236
6.87372
6.75388
6.87377
7.03245
6.98608
6.82747
6.70908
6.82752
6.98617
6.93501
6.77652
6.65956
6.77657
6.9351
6.87921
6.721
6.60543
6.72104
6.87929
6.81866
6.66091
6.54674
6.66095
6.81873
6.75331
6.59624
6.48347
6.59627
6.75336
6.68306
6.52693
6.41558
6.52696
6.6831
6.60782
6.45291
6.343
6.45294
6.60785
6.52749
6.37409
6.26564
6.37412
6.52753
6.44199
6.29037
6.18338
6.29041
6.44205
6.3512
6.20161
6.09609
6.20165
6.35128
6.25501
6.10765
6.00359
6.1077
6.25509
6.15324
6.00831
5.90566
6.00837
6.15333
6.04571
5.90334
5.80205
5.9034
6.04581
5.93216
5.79245
5.69244
5.79252
5.93228
5.8123
5.67532
5.5765
5.67539
5.81242
5.68577
5.55157
5.45381
5.55164
5.68588
5.55215
5.4208
5.32394
5.42086
5.55227
5.41109
5.28255
5.18642
5.28261
5.4112
5.26238
5.13632
5.04072
5.13637
5.26248
5.10629
4.98133
4.88631
4.98138
5.10638
4.94107
4.81563
4.72294
4.81567
4.94115
5.59431
5.47717
5.28895
5.47724
5.59442
6.21659
6.04135
5.87498
6.04142
6.21671
6.62972
6.45701
6.29883
6.45709
6.62986
6.92399
6.75405
6.60388
6.75414
6.92414
7.13393
6.96744
6.82395
6.96753
7.13409
7.2839
7.12031
6.98236
7.1204
7.28406
7.3898
7.22859
7.09527
7.22869
7.38997
7.46269
7.3034
7.17398
7.3035
7.46285
7.51038
7.35262
7.22654
7.35272
7.51054
7.53848
7.38191
7.25872
7.382
7.53864
7.55107
7.39542
7.27477
7.39551
7.55123
7.55118
7.39621
7.27784
7.39629
7.55134
7.54155
7.38704
7.27068
7.38713
7.5417
7.52292
7.36879
7.25431
7.36887
7.52307
7.49698
7.34305
7.23026
7.34313
7.49711
7.46464
7.31085
7.19965
7.31093
7.46478
7.42663
7.27293
7.1632
7.27301
7.42676
7.38341
7.2298
7.12148
7.22988
7.38354
7.33535
7.18186
7.07488
7.18193
7.33547
7.28264
7.12934
7.02367
7.12941
7.28276
7.22543
7.07244
6.96806
7.07251
7.22555
7.1638
7.01126
6.90815
7.01132
7.16391
7.09778
6.94585
6.844
6.9459
7.09788
7.02735
6.8762
6.77563
6.87626
7.02744
6.95247
6.8023
6.703
6.80235
6.95256
6.87307
6.72406
6.62603
6.72411
6.87316
6.78907
6.64137
6.54461
6.64143
6.78916
6.7003
6.55406
6.45853
6.55412
6.7004
6.60658
6.46189
6.36756
6.46195
6.60668
6.50762
6.36456
6.27137
6.36462
6.50773
6.40307
6.26167
6.16955
6.26174
6.40319
6.29249
6.15278
6.06164
6.15285
6.29261
6.17536
6.03737
5.94711
6.03744
6.17548
6.05108
5.91486
5.82537
5.91493
6.0512
5.91903
5.78467
5.69581
5.78473
5.91915
5.77866
5.64618
5.55779
5.64624
5.77878
5.6296
5.49877
5.41067
5.49883
5.62971
5.47203
5.34158
5.25378
5.34164
5.47213
5.30421
5.17265
5.0867
5.17271
5.3043
5.83348
5.7161
5.53949
5.71618
5.8336
6.44701
6.27462
6.11809
6.2747
6.44716
6.85967
6.69021
6.54153
6.6903
6.85983
7.1575
6.99083
6.84979
6.99093
7.15767
7.37233
7.20901
7.07433
7.20911
7.37251
7.52712
7.3666
7.23721
7.36671
7.5273
7.63716
7.47896
7.35397
7.47907
7.63735
7.71327
7.55696
7.4357
7.55707
7.71346
7.76325
7.60847
7.49039
7.60858
7.76344
7.79278
7.63921
7.52389
7.63932
7.79296
7.80603
7.65343
7.54055
7.65354
7.80622
7.80619
7.65434
7.54363
7.65444
7.80636
7.79608
7.64481
7.53601
7.6449
7.79625
7.77662
7.62582
7.51882
7.62591
7.77679
7.7496
7.59911
7.49373
7.5992
7.74976
7.71605
7.56582
7.46194
7.56591
7.71621
7.67681
7.52677
7.4243
7.52686
7.67696
7.63246
7.48259
7.38146
7.48268
7.63261
7.58347
7.43378
7.33392
7.43386
7.58362
7.53016
7.38067
7.28204
7.38075
7.5303
7.47276
7.32356
7.22613
7.32364
7.4729
7.41149
7.26264
7.16637
7.26271
7.41162
7.34644
7.19803
7.10292
7.1981
7.34656
7.27768
7.12981
7.03583
7.12988
7.2778
7.20524
7.05799
6.96513
7.05806
7.20536
7.12907
6.98253
6.89076
6.9826
7.12919
7.04909
6.9033
6.81258
6.90337
7.0492
6.96509
6.82008
6.73035
6.82015
6.96521
6.8768
6.73255
6.64375
6.73262
6.87692
6.78381
6.64028
6.55233
6.64035
6.78393
6.68558
6.54272
6.45553
6.54279
6.6857
6.58145
6.43923
6.35269
6.4393
6.58158
6.47065
6.32905
6.24305
6.32912
6.47078
6.35232
6.21137
6.12581
6.21145
6.35245
6.22557
6.08537
6.00012
6.08545
6.2257
6.08958
5.95021
5.86513
5.95028
6.0897
5.94375
5.80505
5.71996
5.80511
5.94387
5.78806
5.64883
5.56374
5.6489
5.78818
5.62067
5.47947
5.39576
5.47953
5.62078
5.9947
5.87733
5.70816
5.87742
5.99485
6.6022
6.43184
6.28158
6.43193
6.60236
7.01425
6.84704
6.70436
6.84715
7.01443
7.31412
7.14971
7.01438
7.14982
7.31431
7.53193
7.3708
7.24161
7.37091
7.53213
7.68971
7.53133
7.40725
7.53145
7.68991
7.80231
7.64622
7.52641
7.64634
7.80251
7.88036
7.72617
7.60997
7.72629
7.88056
7.93162
7.77899
7.66588
7.77911
7.93183
7.96183
7.81046
7.70003
7.81058
7.96203
7.97521
7.8249
7.71684
7.82501
7.9754
7.97505
7.82559
7.71965
7.8257
7.97524
7.96428
7.81551
7.71145
7.81561
7.96447
7.94393
7.79574
7.69344
7.79584
7.94411
7.9159
7.76815
7.66743
7.76825
7.91607
7.88134
7.73395
7.6347
7.73405
7.88151
7.84119
7.69409
7.59622
7.69418
7.84135
7.79615
7.6493
7.55272
7.64939
7.79631
7.74681
7.60017
7.50483
7.60026
7.74697
7.6936
7.54717
7.453
7.54726
7.69376
7.63689
7.49067
7.39764
7.49076
7.63704
7.57699
7.43098
7.33904
7.43107
7.57713
7.5141
7.36832
7.27743
7.3684
7.51424
7.44838
7.30284
7.21296
7.30292
7.44852
7.37994
7.23462
7.14571
7.2347
7.38007
7.30876
7.16364
7.07564
7.16371
7.30889
7.23477
7.08977
7.00261
7.08985
7.23489
7.15773
7.01277
6.92637
7.01285
7.15786
7.07729
6.93224
6.8465
6.93231
7.07742
6.99291
6.84763
6.76243
6.8477
6.99304
6.90388
6.75821
6.67345
6.75829
6.90401
6.8093
6.66313
6.57867
6.6632
6.80943
6.70812
6.56137
6.4771
6.56145
6.70826
6.59918
6.45187
6.36766
6.45194
6.59932
6.48127
6.33347
6.24921
6.33354
6.48141
6.35323
6.20503
6.12058
6.2051
6.35336
6.21415
6.06541
5.98061
6.06549
6.21427
6.06368
5.91329
5.82811
5.91336
6.06381
5.89978
5.74631
5.66205
5.74637
5.8999
6.08764
5.97031
5.80529
5.97039
6.08779
6.69144
6.52231
6.37554
6.52241
6.6916
7.10288
6.93703
6.79768
6.93714
7.10306
7.40361
7.24058
7.10842
7.2407
7.4038
7.6228
7.46303
7.33689
7.46315
7.623
7.78193
7.62493
7.5038
7.62505
7.78214
7.8956
7.74091
7.62399
7.74104
7.89582
7.97433
7.82159
7.70822
7.82171
7.97454
8.02586
7.87474
7.76442
7.87486
8.02607
8.05592
7.90615
7.79849
7.90627
8.05612
8.06881
7.92021
7.81491
7.92033
8.06901
8.06791
7.92027
7.81707
7.92039
8.06811
8.05617
7.90938
7.80806
7.90949
8.05636
8.03476
7.88868
7.78911
7.88878
8.03495
8.00567
7.86016
7.76218
7.86026
8.00585
7.97015
7.82512
7.72862
7.82523
7.97033
7.92925
7.78462
7.68948
7.78471
7.92942
7.88378
7.73947
7.64562
7.73956
7.88394
7.83445
7.69039
7.59775
7.69048
7.83461
7.78181
7.63794
7.54645
7.63803
7.78196
7.72635
7.58262
7.49223
7.58271
7.7265
7.66849
7.52484
7.43548
7.52493
7.66864
7.60856
7.46492
7.37653
7.46501
7.6087
7.54682
7.4031
7.31562
7.40318
7.54696
7.48344
7.33953
7.25289
7.33961
7.48358
7.41851
7.27427
7.18838
7.27434
7.41864
7.35197
7.20721
7.12197
7.20729
7.3521
7.2836
7.13811
7.0534
7.13818
7.28373
7.21298
7.06652
6.98221
7.06659
7.21311
7.13949
6.99178
6.90772
6.99186
7.13963
7.06225
6.91303
6.82907
6.91311
7.06238
6.98012
6.82917
6.74515
6.82925
6.98025
6.89176
6.73893
6.65471
6.73901
6.8919
6.79567
6.64089
6.55632
6.64096
6.79581
6.69024
6.53353
6.4485
6.53361
6.69037
6.57389
6.41534
6.32969
6.41542
6.57402
6.44527
6.28475
6.19832
6.28482
6.4454
6.30364
6.14005
6.05281
6.14012
6.30377
6.1466
5.97855
5.89172
5.97862
6.14672
6.11735
6.00006
5.83639
6.00015
6.1175
6.71962
6.55099
6.40535
6.55109
6.71979
7.13052
6.96525
6.82698
6.96536
7.13071
7.43113
7.26872
7.1376
7.26883
7.43133
7.65029
7.49117
7.36605
7.49129
7.65049
7.8093
7.653
7.53288
7.65312
7.80951
7.92267
7.76876
7.65283
7.76888
7.92288
8.00088
7.84901
7.73664
7.84914
8.00109
8.05168
7.90154
7.79223
7.90166
8.05189
8.08081
7.93215
7.82552
7.93227
8.08102
8.09261
7.94525
7.841
7.94537
8.09281
8.09056
7.9443
7.84216
7.94441
8.09075
8.07752
7.93228
7.83208
7.93239
8.07771
8.05486
7.91047
7.81204
7.91058
8.05504
8.0246
7.88094
7.78413
7.88104
8.02478
7.98809
7.84506
7.74975
7.84516
7.98826
7.94647
7.80395
7.71005
7.80405
7.94663
7.90065
7.75855
7.66596
7.75864
7.90081
7.85146
7.70967
7.6183
7.70976
7.85162
7.79957
7.65798
7.56777
7.65807
7.79973
7.7456
7.6041
7.51498
7.60419
7.74575
7.6901
7.54855
7.46043
7.54864
7.69024
7.63351
7.49177
7.40458
7.49185
7.63366
7.57623
7.43411
7.34775
7.43419
7.57636
7.51853
7.37582
7.29019
7.37589
7.51866
7.4606
7.31704
7.23204
7.31712
7.46073
7.40246
7.25777
7.17326
7.25784
7.40259
7.34395
7.19779
7.11361
7.19786
7.34408
7.28471
7.13668
7.05265
7.13676
7.28484
7.22406
7.07373
6.98965
7.0738
7.22418
7.16096
7.00792
6.9236
7.00799
7.16108
7.09408
6.93797
6.85321
6.93805
7.09421
7.0218
6.86233
6.77695
6.86241
7.02193
6.94223
6.77921
6.69302
6.77928
6.94236
6.85328
6.68665
6.5995
6.68673
6.85341
6.75285
6.58262
6.49434
6.58269
6.75298
6.639
6.465
6.37541
6.46507
6.63913
6.5104
6.33154
6.2406
6.33161
6.51053
6.3642
6.17907
6.08793
6.17914
6.36432
6.08545
5.96819
5.80317
5.96827
6.08559
6.68837
6.51948
6.37273
6.51957
6.68853
7.09886
6.93335
6.79404
6.93345
7.09904
7.39845
7.23586
7.10377
7.23597
7.39864
7.61626
7.45706
7.33103
7.45718
7.61645
7.77374
7.61748
7.49651
7.61759
7.77395
7.8855
7.73175
7.61503
7.73187
7.88571
7.96206
7.81048
7.69738
7.8106
7.96227
8.01119
7.86148
7.75149
7.8616
8.01139
8.03865
7.89058
7.78332
7.89069
8.03885
8.04879
7.90219
7.79738
7.9023
8.04898
8.04519
7.89984
7.79719
7.89995
8.04537
8.03054
7.88641
7.7858
7.88651
8.03072
8.00644
7.86333
7.76454
7.86343
8.00661
7.9749
7.83269
7.73559
7.83279
7.97506
7.93733
7.79592
7.70039
7.79601
7.93749
7.89496
7.75421
7.66014
7.7543
7.89511
7.84878
7.70858
7.61589
7.70867
7.84894
7.79974
7.65993
7.56852
7.66002
7.79989
7.74861
7.60905
7.51884
7.60914
7.74875
7.69613
7.55667
7.46756
7.55675
7.69627
7.643
7.50342
7.41533
7.5035
7.64314
7.5898
7.44988
7.3627
7.44996
7.58994
7.53707
7.39653
7.31015
7.39661
7.5372
7.48523
7.34376
7.25806
7.34383
7.48536
7.4346
7.29183
7.20666
7.2919
7.43473
7.38533
7.24084
7.15604
7.24091
7.38545
7.33738
7.1907
7.10606
7.19077
7.3375
7.29051
7.14109
7.05639
7.14116
7.29063
7.24415
7.09137
7.00635
7.09144
7.24427
7.19723
7.0405
6.9549
7.04057
7.19735
7.14833
6.98706
6.90062
6.98713
7.14845
7.09555
6.92923
6.8417
6.9293
7.09567
7.03656
6.86481
6.77595
6.86488
7.03668
6.96877
6.79134
6.70093
6.79141
6.96889
6.88935
6.70611
6.61393
6.70618
6.88947
6.79557
6.60626
6.51211
6.60633
6.79569
6.68525
6.48872
6.39253
6.48879
6.68537
6.55477
6.34957
6.25243
6.34963
6.55488
5.99042
5.87315
5.70395
5.87322
5.99054
6.59629
6.42633
6.27609
6.42641
6.59643
7.00655
6.83992
6.69732
6.84002
7.00671
7.30422
7.14061
7.00541
7.14071
7.30439
7.51935
7.35928
7.2303
7.35939
7.51953
7.67393
7.51695
7.39316
7.51706
7.67411
7.78281
7.6285
7.50909
7.62861
7.78299
7.85663
7.70467
7.58899
7.70478
7.85682
7.90321
7.75331
7.64084
7.75341
7.90339
7.92833
7.78025
7.67062
7.78036
7.92851
7.93633
7.78991
7.68283
7.79001
7.93651
7.93086
7.78589
7.68106
7.78599
7.93103
7.91439
7.77083
7.66815
7.77093
7.91455
7.88873
7.74641
7.64564
7.7465
7.88889
7.85585
7.71463
7.61565
7.71472
7.856
7.81721
7.67698
7.57967
7.67706
7.81735
7.77407
7.6347
7.53895
7.63478
7.77422
7.72753
7.58886
7.49458
7.58894
7.72767
7.67858
7.54046
7.44754
7.54054
7.67872
7.6281
7.49034
7.39871
7.49042
7.62824
7.57697
7.43937
7.34891
7.43944
7.5771
7.52599
7.38828
7.2989
7.38835
7.52612
7.47591
7.3378
7.24937
7.33787
7.47603
7.42742
7.28857
7.20097
7.28864
7.42754
7.38117
7.24115
7.15424
7.24122
7.38128
7.33767
7.19601
7.10959
7.19608
7.33778
7.2973
7.15345
7.06732
7.15351
7.29741
7.26025
7.11355
7.02748
7.11361
7.26036
7.22639
7.07613
6.98984
7.07619
7.2265
7.19528
7.04065
6.95383
7.04071
7.19539
7.16607
7.00621
6.91851
7.00627
7.16618
7.13742
6.97141
6.88247
6.97147
7.13753
7.10744
6.93442
6.84385
6.93448
7.10755
7.07363
6.89288
6.80035
6.89294
7.07374
7.0327
6.84367
6.74886
6.84373
7.03281
6.98085
6.78313
6.68575
6.7832
6.98096
6.91423
6.70734
6.6071
6.7074
6.91434
6.82929
6.612
6.50878
6.61206
6.82939
6.72113
6.49189
6.38679
6.49195
6.72124
5.82729
5.70998
5.53329
5.71004
5.82739
6.4387
6.26679
6.11027
6.26686
6.43882
6.84892
6.68021
6.53161
6.68029
6.84906
7.14368
6.97808
6.8372
6.97817
7.14382
7.35472
7.19287
7.05845
7.19296
7.35488
7.50498
7.34641
7.2174
7.34651
7.50514
7.60972
7.45404
7.32959
7.45414
7.60989
7.6798
7.52667
7.40612
7.52677
7.67997
7.72308
7.57221
7.45503
7.57231
7.72325
7.74534
7.5965
7.4823
7.59659
7.7455
7.75087
7.60389
7.49238
7.60398
7.75102
7.74338
7.59806
7.48893
7.59815
7.74353
7.72502
7.58134
7.4745
7.58142
7.72515
7.69784
7.55562
7.45082
7.55569
7.69797
7.6637
7.52281
7.41994
7.52289
7.66383
7.62408
7.48441
7.38335
7.48449
7.62421
7.58027
7.44168
7.34232
7.44176
7.5804
7.5334
7.39574
7.29797
7.39581
7.53352
7.48452
7.3476
7.25134
7.34768
7.48464
7.43458
7.29822
7.20336
7.29829
7.43471
7.38456
7.2485
7.15495
7.24857
7.38468
7.33537
7.19932
7.10697
7.19939
7.33548
7.2879
7.15151
7.06023
7.15157
7.28801
7.24302
7.10588
7.01553
7.10595
7.24312
7.20157
7.0632
6.9736
7.06326
7.20167
7.16433
7.02414
6.93511
7.0242
7.16443
7.132
6.9893
6.90058
6.98936
7.13209
7.10511
6.9591
6.87042
6.95915
7.1052
7.08399
6.93372
6.84475
6.93378
7.08408
7.06862
6.91304
6.82339
6.91309
7.06872
7.05855
6.89647
6.8057
6.89653
7.05865
7.05274
6.88286
6.79049
6.88291
7.05283
7.04927
6.87028
6.77581
6.87034
7.04936
7.04548
6.85605
6.75892
6.8561
7.04557
7.03794
6.8368
6.73646
6.83686
7.03803
7.02244
6.80851
6.70439
6.80856
7.02254
6.99318
6.76565
6.65742
6.76571
6.99328
6.94439
6.70173
6.58919
6.70179
6.94449
6.86869
6.60928
6.49353
6.60933
6.86878
5.58643
5.46921
5.28081
5.46926
5.58651
6.20646
6.03166
5.8652
6.03171
6.20655
6.6168
6.44485
6.28668
6.44491
6.6169
6.90738
6.73862
6.58857
6.73869
6.9075
7.1127
6.9479
6.80467
6.94797
7.11282
7.25709
7.09582
6.95828
7.09589
7.25722
7.35647
7.1983
7.06557
7.19838
7.3566
7.42189
7.2665
7.13789
7.26658
7.42202
7.46127
7.30836
7.18333
7.30844
7.4614
7.48033
7.32965
7.20779
7.32973
7.48046
7.48326
7.33467
7.21568
7.33474
7.48339
7.47384
7.32711
7.21065
7.32717
7.47395
7.45376
7.30891
7.19493
7.30898
7.45386
7.42533
7.28217
7.1704
7.28223
7.42543
7.39026
7.24867
7.139
7.24873
7.39035
7.34998
7.20987
7.10218
7.20993
7.35009
7.30579
7.16702
7.06121
7.16709
7.3059
7.25881
7.12125
7.01721
7.12131
7.25893
7.21014
7.07359
6.97124
7.07365
7.21025
7.16075
7.02501
6.92427
7.02508
7.16087
7.11168
6.9765
6.87726
6.97656
7.11179
7.06392
6.929
6.83115
6.92906
7.06403
7.01849
6.88344
6.78686
6.8835
7.01859
6.97641
6.84079
6.74534
6.84085
6.97651
6.93874
6.802
6.7075
6.80205
6.93883
6.90652
6.76801
6.67425
6.76806
6.90661
6.8808
6.73973
6.64646
6.73978
6.88089
6.86259
6.718
6.62491
6.71805
6.86267
6.85276
6.70352
6.61021
6.70356
6.85285
6.85201
6.69674
6.60276
6.69678
6.85209
6.8605
6.69778
6.60262
6.69783
6.86058
6.87849
6.7062
6.60915
6.70624
6.87856
6.90491
6.72115
6.62147
6.72119
6.90498
6.93758
6.7401
6.63698
6.74014
6.93766
6.97278
6.75931
6.65189
6.75936
6.97285
7.00516
6.77339
6.66073
6.77344
7.00523
7.0283
6.77567
6.65688
6.77571
7.02838
7.03319
6.75806
6.63282
6.75811
7.03327
7.00788
6.70788
6.57718
6.70793
7.00795
5.25069
5.13442
4.92867
5.13444
5.25073
5.88321
5.70469
5.52315
5.70473
5.88327
6.29354
6.11706
5.94407
6.1171
6.29361
6.5781
6.40469
6.24028
6.40474
6.57818
6.77557
6.60632
6.44911
6.60637
6.77566
6.91233
6.74682
6.59566
6.74687
6.91242
7.00506
6.84287
6.69682
6.84293
7.00516
7.06504
6.90583
6.76416
6.90589
7.06514
7.10012
6.94358
6.80574
6.94364
7.10022
7.11592
6.96179
6.82734
6.96185
7.11601
7.11647
6.9646
6.83323
6.96465
7.11654
7.10549
6.95567
6.82703
6.9557
7.10555
7.08424
6.93651
6.81057
6.93654
7.08429
7.05518
6.90935
6.78583
6.90939
7.05523
7.01983
6.87582
6.7546
6.87587
7.01991
6.97958
6.8373
6.71829
6.83736
6.97968
6.93567
6.79501
6.6781
6.79508
6.93578
6.88918
6.75002
6.63513
6.75009
6.8893
6.84119
6.70337
6.59041
6.70344
6.84132
6.7927
6.65602
6.54491
6.65608
6.79282
6.74472
6.60895
6.49962
6.60901
6.74483
6.69831
6.56315
6.45549
6.5632
6.69841
6.65453
6.51961
6.41353
6.51967
6.65462
6.61453
6.47941
6.37477
6.47946
6.61461
6.57952
6.44365
6.3403
6.4437
6.57961
6.5508
6.4135
6.31125
6.41355
6.55089
6.5298
6.39022
6.28881
6.39027
6.52988
6.51799
6.3751
6.27422
6.37515
6.51807
6.51698
6.36946
6.26871
6.3695
6.51704
6.52795
6.37438
6.27328
6.37442
6.52801
6.5531
6.39126
6.28914
6.39129
6.55315
6.59374
6.42126
6.31729
6.42129
6.59379
6.65065
6.4645
6.35767
6.46454
6.6507
6.72378
6.52033
6.40937
6.52036
6.72384
6.81148
6.58645
6.46987
6.58648
6.81153
6.90906
6.65783
6.53401
6.65787
6.90912
7.00826
6.72578
6.59302
6.72581
7.00832
7.09774
6.7779
6.6345
6.77794
7.0978
7.15625
6.79603
6.64322
6.79606
7.15631
4.78755
4.67693
4.44646
4.67694
4.78756
5.43795
5.25664
5.05225
5.25665
5.43799
5.84726
5.66581
5.46962
5.66583
5.8473
6.12257
5.94351
5.75619
5.94354
6.12262
6.30914
6.13417
5.95439
6.1342
6.30919
6.43611
6.26488
6.09146
6.26492
6.43616
6.52089
6.35302
6.185
6.35306
6.52095
6.57483
6.40996
6.24661
6.41
6.57489
6.60553
6.44339
6.28411
6.44342
6.60558
6.61836
6.4587
6.30305
6.45873
6.6184
6.61719
6.45981
6.30747
6.45982
6.6172
6.60549
6.45026
6.30086
6.45024
6.60545
6.58417
6.4311
6.28463
6.43108
6.58411
6.55561
6.40458
6.26077
6.40459
6.55561
6.52119
6.37215
6.2309
6.3722
6.52127
6.48221
6.3351
6.19631
6.33518
6.48235
6.43982
6.29456
6.15813
6.29466
6.43999
6.39504
6.25154
6.11741
6.25164
6.39523
6.34889
6.20702
6.0751
6.20712
6.34908
6.30229
6.16189
6.03214
6.16198
6.30245
6.25624
6.11711
5.98946
6.11717
6.25636
6.21172
6.07361
5.94801
6.07366
6.21181
6.16979
6.0324
5.90878
6.03246
6.16989
6.13166
5.99458
5.87286
5.99465
6.13178
6.09862
5.96136
5.84141
5.96143
6.09876
6.07213
5.93405
5.81574
5.93412
6.07227
6.05389
5.91417
5.7973
5.91422
6.05398
6.04579
5.90341
5.78771
5.90344
6.04584
6.04987
5.90365
5.78877
5.90367
6.04988
6.06846
5.91662
5.80213
5.91663
6.06846
6.1054
5.9457
5.83093
5.9457
6.10539
6.16385
5.99342
5.87746
5.99343
6.16385
6.24767
6.06252
5.94412
6.06254
6.24769
6.36086
6.15567
6.03307
6.15569
6.3609
6.50684
6.27447
6.14534
6.27449
6.50688
6.68687
6.41798
6.27924
6.41801
6.68691
6.89685
6.57982
6.42792
6.57985
6.8969
7.12416
6.74492
6.57624
6.74494
7.12421
7.33871
6.88486
6.69789
6.88489
7.33876
4.12472
4.04199
3.78004
4.04198
4.12471
4.80184
4.62749
4.38989
4.62749
4.80185
5.20635
5.02541
4.79339
5.02542
5.20636
5.46598
5.285
5.06134
5.28501
5.466
5.63676
5.4588
5.24257
5.45882
5.63679
5.75105
5.57605
5.36617
5.57606
5.75107
5.82648
5.65422
5.4498
5.65424
5.82651
5.87398
5.70425
5.50458
5.70426
5.87403
5.90059
5.73324
5.53778
5.73324
5.90063
5.91125
5.74608
5.55441
5.74607
5.91128
5.90973
5.74643
5.55818
5.74637
5.90966
5.89902
5.73754
5.55234
5.7374
5.89874
5.87952
5.71995
5.53788
5.71981
5.87912
5.85336
5.69576
5.51658
5.69573
5.8532
5.8219
5.66626
5.48989
5.66637
5.82209
5.78635
5.63262
5.45896
5.63282
5.78675
5.74775
5.59587
5.42483
5.59609
5.74816
5.70708
5.55692
5.38841
5.55713
5.70747
5.6651
5.5166
5.35059
5.5168
5.66552
5.62266
5.47573
5.31217
5.47588
5.623
5.58072
5.43513
5.27399
5.43522
5.58088
5.53994
5.39561
5.23688
5.39566
5.54
5.50138
5.3581
5.2018
5.35818
5.50155
5.46626
5.32369
5.16978
5.32381
5.46656
5.43577
5.29351
5.14198
5.29367
5.43616
5.41139
5.26893
5.1197
5.26909
5.41178
5.39504
5.25158
5.10453
5.25166
5.39514
5.38866
5.24333
5.09833
5.24331
5.38846
5.3944
5.24623
5.10306
5.24616
5.39407
5.41549
5.26287
5.12135
5.26279
5.41517
5.45691
5.29781
5.15753
5.29774
5.45663
5.52376
5.35532
5.21554
5.35526
5.5236
5.62327
5.44121
5.30085
5.4412
5.62325
5.76482
5.56295
5.42027
5.56296
5.76483
5.96076
5.72973
5.58196
5.72975
5.96079
6.22722
5.95194
5.79454
5.95196
6.22726
6.58157
6.23803
6.06398
6.23805
6.58161
7.03453
6.58743
6.38682
6.58745
7.03457
7.5635
6.96497
6.72812
6.96499
7.56354
3.05971
3.10368
2.81403
3.10367
3.0597
3.77628
3.66204
3.38403
3.66203
3.77627
4.16056
4.01986
3.73903
4.01986
4.16056
4.38779
4.24009
3.96512
4.24009
4.38779
4.53262
4.38383
4.1147
4.38383
4.53263
4.62885
4.47978
4.21582
4.47978
4.62885
4.69199
4.54349
4.28412
4.54347
4.6923
4.73189
4.58421
4.32901
4.58422
4.73251
4.75388
4.60782
4.35648
4.60783
4.75451
4.76289
4.61845
4.37059
4.61832
4.76364
4.76409
4.61921
4.37441
4.61895
4.76448
4.75876
4.61299
4.37076
4.61243
4.75736
4.7447
4.59952
4.36022
4.59877
4.74153
4.72336
4.58028
4.34399
4.58012
4.72168
4.69806
4.55663
4.32334
4.55705
4.69871
4.66973
4.52972
4.29922
4.53036
4.67179
4.63891
4.50046
4.27252
4.50103
4.64048
4.60788
4.46948
4.24398
4.47004
4.60908
4.57531
4.43745
4.21434
4.43808
4.57712
4.54183
4.40501
4.18421
4.40539
4.54352
4.51009
4.37274
4.15416
4.37275
4.51079
4.47781
4.341
4.12482
4.34088
4.47741
4.44663
4.31069
4.09708
4.31082
4.44769
4.41925
4.28296
4.07187
4.28332
4.42115
4.39512
4.25852
4.05011
4.25912
4.39764
4.37592
4.23868
4.03299
4.2393
4.3787
4.36533
4.22527
4.02201
4.22528
4.36526
4.36303
4.21974
4.01892
4.21913
4.36043
4.37029
4.22363
4.02528
4.22294
4.36679
4.39153
4.23998
4.04431
4.23939
4.38847
4.43134
4.27362
4.08066
4.27312
4.42859
4.4971
4.32981
4.1393
4.32953
4.49556
4.5967
4.41625
4.22776
4.4162
4.59682
4.74165
4.5439
4.35679
4.5439
4.74168
4.94805
4.72982
4.54312
4.72983
4.94808
5.25854
5.00418
4.81412
5.0042
5.25857
5.74399
5.4139
5.21082
5.41392
5.74403
6.515
6.02275
5.78399
6.02277
6.51504
7.71922
6.88962
6.59149
6.88964
7.71925
0.875062
1.11238
1.00754
1.11237
0.875048
1.42989
1.4429
1.335
1.44289
1.42988
1.65801
1.61897
1.50506
1.61896
1.65801
1.77619
1.72548
1.61151
1.72547
1.77618
1.84914
1.79532
1.68239
1.79532
1.84914
1.89803
1.843
1.73112
1.84299
1.89802
1.93115
1.87571
1.7649
1.87567
1.93116
1.95315
1.89764
1.78794
1.89758
1.9532
1.96669
1.91148
1.80293
1.91141
1.96676
1.97396
1.9191
1.81167
1.91897
1.97398
1.97715
1.92179
1.81547
1.92156
1.97691
1.97728
1.92113
1.81559
1.9208
1.97635
1.97402
1.91746
1.81299
1.91711
1.97249
1.96686
1.91053
1.80731
1.91057
1.9665
1.95767
1.90153
1.79948
1.90181
1.95833
1.94706
1.89094
1.79002
1.89132
1.94818
1.93557
1.87924
1.77927
1.8796
1.9365
1.92355
1.86662
1.76758
1.86693
1.92429
1.9109
1.85346
1.75532
1.85377
1.91192
1.89818
1.84014
1.74281
1.84031
1.89889
1.88595
1.82685
1.7304
1.82681
1.88588
1.8733
1.81374
1.71842
1.8137
1.87298
1.86094
1.80122
1.70707
1.8013
1.86133
1.85044
1.78994
1.69679
1.79004
1.85094
1.84115
1.78017
1.68802
1.78038
1.84206
1.83371
1.77252
1.68127
1.77281
1.83505
1.83029
1.76795
1.67721
1.76801
1.83032
1.83085
1.76753
1.67729
1.76739
1.82985
1.83513
1.7714
1.68164
1.77127
1.83405
1.84581
1.78213
1.6927
1.78201
1.84493
1.86482
1.80252
1.71318
1.80234
1.86377
1.89515
1.83534
1.74587
1.83523
1.89462
1.94043
1.88591
1.79574
1.8859
1.94053
2.00469
1.96089
1.86949
1.96091
2.00475
2.12233
2.07199
1.97768
2.07201
2.12238
2.29895
2.23814
2.13856
2.23815
2.29898
2.57138
2.49192
2.38294
2.49193
2.5714
3.10308
2.91997
2.77914
2.91998
3.1031
4.95499
4.17264
3.91127
4.17266
4.95501
1.09257
1.0043
0.947718
1.0043
1.09257
2.75554
2.63466
2.43248
2.63466
2.75554
3.44331
3.34054
3.19931
3.34055
3.44333
3.91993
3.82674
3.71583
3.82676
3.91996
4.30144
4.20928
4.11395
4.20931
4.30149
4.62898
4.53129
4.44326
4.53133
4.62905
4.92058
4.81248
4.72694
4.81252
4.92067
5.18582
5.06322
4.97694
5.06327
5.18591
5.43027
5.28927
5.19975
5.28933
5.43037
5.65728
5.49391
5.39894
5.49396
5.65739
5.86953
5.67937
5.5768
5.67943
5.86964
6.0712
5.84866
5.73598
5.84871
6.0713
6.27132
6.0078
5.88152
6.00785
6.27141
6.48994
6.16965
6.02398
6.16969
6.49001
6.76825
6.35908
6.18344
6.35911
6.76831
7.18461
6.61866
6.39293
6.61868
7.18466
7.87098
7.01375
6.70734
7.01377
7.87102
9.13185
7.66024
7.22678
7.66025
9.13188
10.5417
7.53482
6.94539
7.53482
10.5417
1.13791
1.04982
0.995751
1.04982
1.13791
2.84203
2.71687
2.52553
2.71687
2.84204
3.55181
3.44664
3.31624
3.44665
3.55183
4.04815
3.95178
3.85062
3.9518
4.04819
4.44712
4.35051
4.26372
4.35054
4.44718
4.78923
4.68611
4.60566
4.68615
4.78931
5.09235
4.97835
4.89971
4.9784
5.09245
5.36612
5.23765
5.15784
5.23771
5.36623
5.6163
5.46987
5.38659
5.46993
5.61641
5.84629
5.67835
5.58961
5.67842
5.8464
6.05895
5.86556
5.7694
5.86562
6.05906
6.25897
6.03492
5.92901
6.03498
6.25907
6.45632
6.1933
6.07431
6.19335
6.45642
6.67279
6.35505
6.21729
6.3551
6.67287
6.95329
6.54841
6.38132
6.54844
6.95336
7.3896
6.82643
6.60941
6.82645
7.38965
8.17236
7.29137
6.98783
7.29139
8.1724
9.80878
8.20399
7.74742
8.204
9.8088
13.373
9.79347
8.99413
9.79348
13.373
1.18662
1.09859
1.0452
1.09859
1.18661
2.94318
2.81292
2.62581
2.81293
2.94318
3.67707
3.56526
3.43868
3.56527
3.67709
4.19026
4.08642
3.98837
4.08644
4.1903
4.60263
4.49787
4.41354
4.49791
4.60269
4.95526
4.84362
4.76516
4.84367
4.95535
5.26609
5.1436
5.06665
5.14366
5.26619
5.54476
5.40826
5.33002
5.40832
5.54486
5.79704
5.64345
5.56174
5.64351
5.79715
6.02639
5.85244
5.76542
5.85251
6.02651
6.2356
6.03766
5.94352
6.03772
6.23572
6.42928
6.20249
6.09907
6.20255
6.42938
6.61706
6.35358
6.23772
6.35363
6.61715
6.81964
6.50453
6.37083
6.50458
6.81972
7.07875
6.68172
6.52025
6.68176
7.07882
7.47899
6.93419
6.72575
6.93421
7.47904
8.20991
7.36619
7.07559
7.36621
8.20995
9.78498
8.24249
7.80251
8.24251
9.785
13.3427
9.86824
9.08077
9.86825
13.3427
1.23867
1.15041
1.09591
1.15041
1.23867
3.05863
2.92186
2.73249
2.92186
3.05863
3.81821
3.69503
3.56612
3.69505
3.81823
4.34504
4.22904
4.12879
4.22907
4.34509
4.76684
4.64981
4.56337
4.64985
4.76691
5.12623
5.00248
4.92197
5.00253
5.12632
5.44133
5.30714
5.22826
5.3072
5.44142
5.72165
5.5742
5.4942
5.57426
5.72176
5.97271
5.80934
5.72616
5.80941
5.97282
6.19793
6.01571
5.92758
6.01577
6.19804
6.39995
6.19547
6.10068
6.19553
6.40006
6.58274
6.35148
6.24798
6.35154
6.58284
6.75433
6.48915
6.37399
6.4892
6.75442
6.9317
6.61927
6.48752
6.61931
6.93177
7.146
6.76135
6.60438
6.76139
7.14606
7.46035
6.9494
6.75064
6.94942
7.4604
7.99484
7.24795
6.98109
7.24797
7.99488
9.07417
7.7859
7.40442
7.78591
9.07419
10.5487
7.72876
7.15775
7.72878
10.5487
8.45756
6.41045
5.8495
6.41046
8.45758
13.0433
9.13876
8.35525
9.13877
13.0433
13.0038
9.0554
8.26976
9.0554
13.0038
8.50335
6.27801
5.71717
6.27801
8.50336
6.46419
4.89423
4.48958
4.89423
6.46421
12.3874
8.061
7.26906
8.06101
12.3874
12.2827
7.96899
7.18567
7.96899
12.2827
6.45099
4.83528
4.42955
4.83528
6.45099
5.47179
4.11347
3.78105
4.11347
5.47181
11.3354
7.11321
6.34479
7.11322
11.3354
11.2582
7.05011
6.28869
7.05011
11.2582
5.38851
4.04696
3.7216
4.04696
5.38852
4.39103
3.19322
2.9159
3.19323
4.39104
9.94918
5.95262
5.22452
5.95262
9.9492
9.88984
5.90948
5.18672
5.90949
9.88986
4.29367
3.12872
2.86052
3.12872
4.29367
0.282971
0.252993
0.228055
0.252993
0.282971
0.822826
0.805277
0.728388
0.805276
0.822825
1.13413
1.1163
1.03112
1.11629
1.13412
1.35223
1.33245
1.24641
1.33244
1.35223
1.51267
1.49304
1.40863
1.49304
1.51267
1.64061
1.62102
1.53828
1.62102
1.64061
1.74907
1.72847
1.64672
1.72847
1.74908
1.84443
1.82166
1.74017
1.82166
1.84443
1.9297
1.90362
1.82172
1.90363
1.9297
2.00567
1.97517
1.89227
1.97518
2.00567
2.07114
2.03522
1.95085
2.03522
2.07114
2.12242
2.08059
1.99447
2.08059
2.12242
2.15324
2.10344
2.0153
2.10344
2.15325
2.16578
2.0938
2.004
2.0938
2.16579
2.14768
2.04337
1.95596
2.04337
2.14768
2.07979
1.94572
1.86496
1.94572
2.07979
1.90972
1.76737
1.68467
1.76737
1.90972
1.51185
1.39285
1.31308
1.39285
1.51184
0.548322
0.490964
0.452815
0.490964
0.548322
0.788831
0.759595
0.658835
0.759592
0.788826
2.29927
2.23697
1.91129
2.23697
2.29927
2.92798
2.81745
2.52385
2.81746
2.92798
3.31502
3.19599
2.92923
3.19599
3.31503
3.60047
3.47958
3.23184
3.47959
3.60048
3.83837
3.71233
3.47646
3.71234
3.83839
4.04992
3.91387
3.68484
3.91388
4.04994
4.24501
4.09415
3.86818
4.09417
4.24504
4.42862
4.25817
4.03214
4.25819
4.42865
4.60277
4.4079
4.179
4.40792
4.60281
4.76726
4.54312
4.30862
4.54314
4.76729
4.91956
4.66163
4.41864
4.66165
4.91959
5.0528
4.75836
4.50383
4.75838
5.05282
5.15147
4.82338
4.55389
4.82339
5.1515
5.19888
4.8371
4.54501
4.83711
5.1989
5.15899
4.7562
4.43321
4.75621
5.159
4.91167
4.4747
4.12102
4.4747
4.91168
4.16777
3.80744
3.44111
3.80744
4.16777
1.62188
1.5825
1.41913
1.5825
1.62188
0.980637
0.90413
0.825971
0.904127
0.980632
2.59575
2.49547
2.21477
2.49547
2.59575
3.25335
3.13792
2.91303
3.13792
3.25336
3.6784
3.56686
3.37628
3.56687
3.67842
4.0065
3.89714
3.72765
3.89715
4.00652
4.28614
4.17323
4.01576
4.17326
4.28617
4.53684
4.41485
4.26358
4.41487
4.53689
4.76815
4.63204
4.48285
4.63207
4.7682
4.9852
4.83011
4.67968
4.83014
4.98526
5.19065
5.01161
4.85704
5.01165
5.19071
5.38585
5.17757
5.01601
5.1776
5.3859
5.57191
5.32838
5.15676
5.32841
5.57197
5.75119
5.46482
5.27937
5.46485
5.75124
5.92963
5.58911
5.38441
5.58914
5.92967
6.1204
5.70423
5.47105
5.70425
6.12044
6.33102
5.80184
5.52407
5.80186
6.33105
6.47205
5.79575
5.46805
5.79576
6.47207
6.16745
5.42633
5.0435
5.42633
6.16747
2.76875
2.53408
2.3217
2.53408
2.76875
1.04786
0.960339
0.897631
0.960337
1.04785
2.68585
2.56956
2.34095
2.56956
2.68585
3.3556
3.24784
3.08005
3.24785
3.35561
3.80866
3.71032
3.57492
3.71033
3.80868
4.16737
4.07171
3.9542
4.07173
4.16741
4.47514
4.37548
4.26712
4.37551
4.4752
4.75038
4.64128
4.53681
4.64132
4.75044
5.00254
4.87935
4.77514
4.87939
5.00261
5.23699
5.09527
4.98847
5.09532
5.23707
5.45683
5.29206
5.18017
5.29211
5.45691
5.6643
5.47153
5.35209
5.47157
5.66438
5.86255
5.63573
5.50598
5.63577
5.86263
6.05845
5.78886
5.64514
5.7889
6.05852
6.26752
5.94006
5.77659
5.94009
6.26758
6.52115
6.10621
5.9128
6.10623
6.5212
6.86908
6.30914
6.06724
6.30916
6.86912
7.33703
6.54653
6.23575
6.54655
7.33706
7.77765
6.66089
6.26295
6.6609
7.77767
4.93909
4.05948
3.74586
4.05949
4.93909
)
;

boundaryField
{
    empty
    {
        type            empty;
    }
    top
    {
        type            fixedValue;
        value           uniform 0.00375;
    }
    fixedwall
    {
        type            kqRWallFunction;
        value           nonuniform List<scalar> 
585
(
0.885401
1.12377
1.01877
1.12377
0.885396
1.43767
1.4508
1.34285
1.4508
1.43767
1.66504
1.62661
1.5125
1.62661
1.66504
1.78395
1.73396
1.6198
1.73396
1.78396
1.85846
1.80529
1.69212
1.80529
1.85847
1.90935
1.85497
1.74282
1.855
1.90941
1.94498
1.89017
1.77906
1.89021
1.945
1.96971
1.9151
1.80504
1.91515
1.96959
1.98684
1.93248
1.82348
1.93259
1.98675
1.99841
1.94418
1.83618
1.94428
1.9985
2.00573
1.95156
1.84443
1.95159
2.00585
2.00958
1.95528
1.84896
1.95518
2.00939
2.01007
1.95595
1.85047
1.95575
2.01004
2.00829
1.95415
1.8495
1.95397
2.00821
2.00466
1.94993
1.84621
1.94968
2.00383
1.99911
1.94349
1.84056
1.94318
1.9977
1.99118
1.93504
1.83306
1.93482
1.98959
1.98078
1.92478
1.82375
1.92468
1.97985
1.96851
1.91274
1.81265
1.91271
1.96838
1.95557
1.89896
1.79973
1.89892
1.95536
1.94152
1.88338
1.78497
1.88338
1.94118
1.92479
1.86582
1.76826
1.86575
1.92468
1.90601
1.84621
1.74956
1.84607
1.90596
1.8863
1.82454
1.72876
1.82422
1.88471
1.86342
1.80041
1.70572
1.79997
1.8611
1.83705
1.77375
1.68047
1.77367
1.83647
1.80928
1.7449
1.65272
1.74502
1.81007
1.77976
1.71368
1.62363
1.71374
1.78056
1.74739
1.67991
1.59229
1.67981
1.74756
1.71289
1.64371
1.55866
1.6436
1.71294
1.67566
1.60496
1.52275
1.60499
1.67601
1.63605
1.56377
1.48457
1.56383
1.63617
1.59474
1.52034
1.44415
1.52043
1.59476
1.55099
1.47463
1.40148
1.47471
1.55111
1.50482
1.4266
1.35653
1.42665
1.50493
1.45614
1.37626
1.30922
1.37629
1.45618
1.40519
1.32362
1.25941
1.32363
1.4052
1.35209
1.26826
1.20674
1.26826
1.35209
1.29603
1.20883
1.15073
1.20883
1.29602
0.875062
1.11238
1.00754
1.11237
0.875048
1.42989
1.4429
1.335
1.44289
1.42988
1.65801
1.61897
1.50506
1.61896
1.65801
1.77619
1.72548
1.61151
1.72547
1.77618
1.84914
1.79532
1.68239
1.79532
1.84914
1.89803
1.843
1.73112
1.84299
1.89802
1.93115
1.87571
1.7649
1.87567
1.93116
1.95315
1.89764
1.78794
1.89758
1.9532
1.96669
1.91148
1.80293
1.91141
1.96676
1.97396
1.9191
1.81167
1.91897
1.97398
1.97715
1.92179
1.81547
1.92156
1.97691
1.97728
1.92113
1.81559
1.9208
1.97635
1.97402
1.91746
1.81299
1.91711
1.97249
1.96686
1.91053
1.80731
1.91057
1.9665
1.95767
1.90153
1.79948
1.90181
1.95833
1.94706
1.89094
1.79002
1.89132
1.94818
1.93557
1.87924
1.77927
1.8796
1.9365
1.92355
1.86662
1.76758
1.86693
1.92429
1.9109
1.85346
1.75532
1.85377
1.91192
1.89818
1.84014
1.74281
1.84031
1.89889
1.88595
1.82685
1.7304
1.82681
1.88588
1.8733
1.81374
1.71842
1.8137
1.87298
1.86094
1.80122
1.70707
1.8013
1.86133
1.85044
1.78994
1.69679
1.79004
1.85094
1.84115
1.78017
1.68802
1.78038
1.84206
1.83371
1.77252
1.68127
1.77281
1.83505
1.83029
1.76795
1.67721
1.76801
1.83032
1.83085
1.76753
1.67729
1.76739
1.82985
1.83513
1.7714
1.68164
1.77127
1.83405
1.84581
1.78213
1.6927
1.78201
1.84493
1.86482
1.80252
1.71318
1.80234
1.86377
1.89515
1.83534
1.74587
1.83523
1.89462
1.94043
1.88591
1.79574
1.8859
1.94053
2.00469
1.96089
1.86949
1.96091
2.00475
2.12233
2.07199
1.97768
2.07201
2.12238
2.29895
2.23814
2.13856
2.23815
2.29898
2.57138
2.49192
2.38294
2.49193
2.5714
3.10308
2.91997
2.77914
2.91998
3.1031
4.95499
4.17264
3.91127
4.17266
4.95501
1.09257
1.0043
0.947718
1.0043
1.09257
1.13791
1.04982
0.995751
1.04982
1.13791
1.18662
1.09859
1.0452
1.09859
1.18661
1.23867
1.15041
1.09591
1.15041
1.23867
8.45756
6.41045
5.8495
6.41046
8.45758
8.50335
6.27801
5.71717
6.27801
8.50336
6.46419
4.89423
4.48958
4.89423
6.46421
6.45099
4.83528
4.42955
4.83528
6.45099
5.47179
4.11347
3.78105
4.11347
5.47181
5.38851
4.04696
3.7216
4.04696
5.38852
4.39103
3.19322
2.9159
3.19323
4.39104
4.29367
3.12872
2.86052
3.12872
4.29367
0.282971
0.282971
0.252993
0.252993
0.228055
0.228055
0.252993
0.252993
0.282971
0.282971
0.822826
0.805277
0.728388
0.805276
0.822825
1.13413
1.1163
1.03112
1.11629
1.13412
1.35223
1.33245
1.24641
1.33244
1.35223
1.51267
1.49304
1.40863
1.49304
1.51267
1.64061
1.62102
1.53828
1.62102
1.64061
1.74907
1.72847
1.64672
1.72847
1.74908
1.84443
1.82166
1.74017
1.82166
1.84443
1.9297
1.90362
1.82172
1.90363
1.9297
2.00567
1.97517
1.89227
1.97518
2.00567
2.07114
2.03522
1.95085
2.03522
2.07114
2.12242
2.08059
1.99447
2.08059
2.12242
2.15324
2.10344
2.0153
2.10344
2.15325
2.16578
2.0938
2.004
2.0938
2.16579
2.14768
2.04337
1.95596
2.04337
2.14768
2.07979
1.94572
1.86496
1.94572
2.07979
1.90972
1.76737
1.68467
1.76737
1.90972
1.51185
1.39285
1.31308
1.39285
1.51184
0.548322
0.548322
0.490964
0.490964
0.452815
0.452815
0.490964
0.490964
0.548322
0.548322
0.788831
0.759595
0.658835
0.759592
0.788826
1.62188
1.5825
1.41913
1.5825
1.62188
0.980637
0.90413
0.825971
0.904127
0.980632
2.76875
2.53408
2.3217
2.53408
2.76875
1.04786
0.960339
0.897631
0.960337
1.04785
4.93909
4.05948
3.74586
4.05949
4.93909
)
;
    }
    outlet
    {
        type            zeroGradient;
    }
}


// ************************************************************************* //
