/*--------------------------------*- C++ -*----------------------------------*\
  =========                 |
  \\      /  F ield         | OpenFOAM: The Open Source CFD Toolbox
   \\    /   O peration     | Website:  https://openfoam.org
    \\  /    A nd           | Version:  9
     \\/     M anipulation  |
\*---------------------------------------------------------------------------*/
FoamFile
{
    format      ascii;
    class       volScalarField;
    location    "2.5";
    object      nut;
}
// * * * * * * * * * * * * * * * * * * * * * * * * * * * * * * * * * * * * * //

dimensions      [0 2 -1 0 0 0 0];

internalField   nonuniform List<scalar> 
4545
(
0.00557435
0.00627709
0.00597803
0.00627709
0.00557434
0.00709746
0.00712935
0.00685998
0.00712935
0.00709746
0.00763566
0.0075472
0.00727852
0.0075472
0.00763567
0.00790225
0.00779106
0.00753099
0.00779107
0.00790226
0.00806465
0.00794879
0.0076963
0.00794881
0.00806468
0.00817376
0.00805671
0.00780995
0.00805679
0.00817381
0.00824966
0.00813229
0.00789007
0.00813225
0.00824952
0.00830055
0.00818528
0.00794688
0.00818518
0.0082992
0.00833686
0.00822178
0.00798687
0.0082221
0.00833283
0.00836156
0.00824615
0.00801413
0.00824639
0.00836016
0.00837576
0.00826106
0.00803163
0.00826137
0.00837527
0.00838144
0.00826818
0.0080411
0.00826865
0.0083796
0.00838027
0.00826938
0.00804408
0.00826935
0.00838393
0.00837708
0.00826552
0.00804176
0.00826509
0.00838024
0.00836909
0.00825688
0.00803442
0.00825588
0.00836806
0.00836069
0.0082435
0.00802202
0.00824207
0.0083566
0.00834809
0.00822555
0.00800548
0.00822414
0.00833975
0.00832399
0.00820328
0.00798493
0.00820255
0.00831795
0.00829482
0.00817694
0.0079604
0.00817691
0.00829375
0.00826826
0.00814744
0.00793191
0.00814754
0.00826672
0.00824155
0.0081143
0.00789933
0.00811459
0.00823601
0.00820397
0.00807641
0.00786225
0.00807652
0.0082038
0.0081632
0.00803335
0.00782048
0.00803368
0.0081635
0.00812327
0.00798617
0.00777381
0.0079857
0.00811397
0.00807412
0.00793342
0.00772178
0.00793235
0.0080634
0.00801416
0.00787455
0.00766438
0.00787432
0.00800878
0.00794912
0.00781036
0.00760086
0.00781044
0.00795324
0.00788643
0.00773977
0.0075336
0.00774023
0.0078921
0.00781608
0.00766287
0.00746045
0.00766325
0.00781967
0.00773775
0.00757979
0.00738119
0.00757993
0.00774081
0.00765316
0.00748995
0.00729562
0.00749003
0.00765448
0.00756224
0.00739337
0.0072035
0.00739309
0.0075629
0.00746715
0.00728984
0.00710471
0.0072896
0.00746599
0.00736316
0.00717919
0.00699893
0.00717922
0.00736234
0.00725212
0.00706119
0.00688574
0.00706126
0.00725219
0.00713369
0.00693542
0.00676457
0.00693548
0.00713378
0.00700771
0.00680142
0.00663458
0.00680145
0.00700775
0.00687397
0.00665761
0.00649433
0.00665762
0.00687399
0.0067299
0.00649967
0.00634177
0.00649967
0.00672989
0.050106
0.0526231
0.0518289
0.0526228
0.0501056
0.0565017
0.058151
0.0575531
0.0581507
0.0565014
0.0597219
0.0615154
0.0610135
0.0615152
0.0597216
0.0618905
0.0637953
0.0633707
0.0637952
0.0618903
0.0635128
0.0654537
0.0650686
0.0654538
0.0635128
0.0647462
0.0666943
0.0663303
0.0666947
0.064746
0.0656882
0.0676336
0.0672824
0.0676336
0.0656862
0.0664034
0.0683458
0.0680041
0.0683453
0.0663982
0.066949
0.0688817
0.0685483
0.0688823
0.0669373
0.0673549
0.0692764
0.0689504
0.0692779
0.0673495
0.0676407
0.0695572
0.0692387
0.0695594
0.0676407
0.0678204
0.0697346
0.0694282
0.0697379
0.0678254
0.0679509
0.06986
0.0695516
0.0698637
0.0679723
0.0680246
0.0699125
0.0696108
0.0699121
0.0680373
0.0680331
0.0699031
0.0696001
0.0698987
0.0680359
0.0679995
0.0698406
0.0695371
0.0698339
0.0679943
0.067917
0.0697246
0.069422
0.069717
0.0678975
0.0677612
0.0695551
0.0692568
0.0695507
0.0677465
0.0675493
0.0693354
0.069043
0.0693355
0.0675485
0.0673017
0.0690707
0.0687816
0.0690732
0.067302
0.067008
0.0687579
0.0684712
0.0687619
0.066999
0.0666397
0.0683898
0.0681085
0.0683964
0.0666468
0.0662124
0.0679655
0.0676919
0.0679743
0.0662247
0.0657361
0.0674891
0.0672205
0.0674943
0.0657301
0.0651944
0.0669562
0.0666925
0.0669583
0.0651874
0.0645804
0.0663622
0.0661048
0.066363
0.0645735
0.0638907
0.0657028
0.0654484
0.065702
0.0638961
0.0631409
0.064969
0.0646927
0.0649701
0.0631556
0.0623179
0.0641636
0.0638529
0.0641666
0.0623354
0.0614146
0.0632892
0.0629393
0.0632906
0.061429
0.0604413
0.0623457
0.0619542
0.0623425
0.0604395
0.0593971
0.0613315
0.0608964
0.0613243
0.0593862
0.0582771
0.0602432
0.0597652
0.0602355
0.0582605
0.0570769
0.0590802
0.0585589
0.0590749
0.057064
0.0558077
0.0578424
0.0572751
0.0578394
0.0558017
0.0544739
0.0565266
0.0559097
0.0565251
0.0544714
0.0530755
0.0551257
0.0544552
0.0551251
0.0530746
0.0516157
0.0536256
0.0528986
0.0536253
0.0516153
0.0500923
0.0519979
0.0512248
0.0519976
0.050092
0.0830485
0.0845831
0.084103
0.0845825
0.0830477
0.0934629
0.0940624
0.0937473
0.0940619
0.0934623
0.0997932
0.1004
0.100154
0.100399
0.0997928
0.104254
0.10493
0.104746
0.10493
0.104253
0.107609
0.108334
0.108191
0.108334
0.107609
0.110203
0.110958
0.110843
0.110958
0.110203
0.112232
0.113006
0.112912
0.113006
0.112232
0.113825
0.114611
0.114533
0.114611
0.113825
0.115072
0.115866
0.1158
0.115866
0.115071
0.116025
0.116827
0.116776
0.116828
0.116025
0.116746
0.117551
0.117509
0.117553
0.116747
0.117276
0.118087
0.118055
0.118089
0.11728
0.117672
0.118484
0.118456
0.118486
0.117678
0.117913
0.118723
0.118705
0.118724
0.117918
0.118025
0.118834
0.118819
0.118834
0.118031
0.118027
0.118831
0.11882
0.118831
0.118033
0.117925
0.118722
0.118715
0.118722
0.117929
0.117721
0.118512
0.118508
0.118512
0.117723
0.117417
0.118202
0.118203
0.118204
0.11742
0.117014
0.117796
0.117801
0.117799
0.117018
0.116509
0.117292
0.117302
0.117296
0.116514
0.115904
0.116687
0.116704
0.116693
0.115912
0.115195
0.115981
0.116004
0.115989
0.115206
0.114379
0.115172
0.1152
0.11518
0.114394
0.11346
0.114258
0.114291
0.114265
0.113475
0.112432
0.113235
0.113271
0.113238
0.112437
0.111283
0.112094
0.112133
0.112093
0.111281
0.11001
0.11083
0.110871
0.110828
0.110007
0.108612
0.10944
0.10948
0.109438
0.10861
0.107081
0.10792
0.107957
0.107918
0.107078
0.105418
0.106267
0.106299
0.106262
0.10541
0.103616
0.104475
0.104502
0.104469
0.103606
0.101667
0.102537
0.102558
0.10253
0.101656
0.0995667
0.100445
0.10046
0.100439
0.0995565
0.0973093
0.0981914
0.0981977
0.098187
0.0973017
0.0948862
0.0957641
0.0957582
0.0957611
0.0948811
0.0922821
0.0931446
0.0931219
0.0931425
0.0922786
0.0894756
0.0903054
0.0902622
0.0903039
0.0894731
0.0864286
0.0872069
0.087149
0.0872057
0.0864266
0.108015
0.109069
0.108583
0.109068
0.108015
0.120631
0.120671
0.120287
0.120671
0.120631
0.129173
0.129123
0.128763
0.129123
0.129173
0.13546
0.135426
0.135103
0.135427
0.13546
0.140282
0.140274
0.139982
0.140275
0.140282
0.144064
0.144076
0.143807
0.144076
0.144065
0.147062
0.147088
0.146837
0.147088
0.147063
0.149449
0.149484
0.149247
0.149484
0.14945
0.151342
0.151386
0.15116
0.151386
0.151343
0.152814
0.152862
0.152652
0.152863
0.152815
0.15397
0.154021
0.153815
0.154022
0.153972
0.154846
0.1549
0.154704
0.154901
0.154848
0.155512
0.155567
0.155375
0.155568
0.155515
0.155952
0.156007
0.155824
0.156008
0.155954
0.156209
0.156263
0.156084
0.156263
0.156211
0.156302
0.156354
0.15618
0.156354
0.156304
0.156245
0.156294
0.156124
0.156295
0.156247
0.156046
0.156092
0.155926
0.156093
0.156047
0.155711
0.155754
0.155593
0.155755
0.155712
0.155241
0.155284
0.155126
0.155285
0.155244
0.154639
0.154681
0.154528
0.154684
0.154642
0.153904
0.153947
0.153799
0.15395
0.153909
0.153034
0.153079
0.152936
0.153083
0.153041
0.152028
0.152075
0.151936
0.152079
0.152035
0.150881
0.150932
0.150797
0.150936
0.150888
0.14959
0.149644
0.149513
0.149646
0.149592
0.148145
0.148205
0.148076
0.148204
0.148144
0.14654
0.146605
0.14648
0.146604
0.146537
0.144767
0.144839
0.144716
0.144836
0.144763
0.142818
0.142896
0.142775
0.142893
0.142813
0.140682
0.140768
0.140648
0.140763
0.140675
0.138349
0.138441
0.138322
0.138436
0.138341
0.135804
0.135902
0.135783
0.135897
0.135795
0.13303
0.133134
0.133013
0.133129
0.133022
0.130009
0.130117
0.129993
0.130113
0.130002
0.126715
0.126823
0.126694
0.12682
0.126709
0.123114
0.123219
0.123084
0.123216
0.123109
0.11916
0.119254
0.119121
0.119252
0.119156
0.114784
0.114861
0.114738
0.114859
0.114781
0.127638
0.128458
0.127966
0.128458
0.127638
0.141478
0.141256
0.140817
0.141257
0.141479
0.151466
0.151118
0.150676
0.151119
0.151468
0.159084
0.158725
0.158306
0.158726
0.159086
0.165044
0.164697
0.164301
0.164699
0.165047
0.169782
0.169445
0.169067
0.169447
0.169784
0.173576
0.173248
0.172885
0.17325
0.173579
0.176626
0.176303
0.175952
0.176305
0.176629
0.179058
0.178744
0.178406
0.178746
0.17906
0.180985
0.18067
0.180339
0.180671
0.180988
0.182513
0.1822
0.181876
0.182201
0.182515
0.183691
0.183379
0.183063
0.18338
0.183693
0.184599
0.184286
0.183973
0.184287
0.184601
0.185223
0.184911
0.184606
0.184911
0.185225
0.18562
0.185306
0.185005
0.185306
0.185621
0.185813
0.185496
0.1852
0.185497
0.185814
0.18582
0.185501
0.185209
0.185501
0.18582
0.185653
0.185333
0.185044
0.185333
0.185654
0.185323
0.185001
0.184716
0.185001
0.185324
0.184835
0.184512
0.184231
0.184512
0.184837
0.184193
0.183868
0.183592
0.183869
0.184194
0.183396
0.183072
0.182799
0.183073
0.183398
0.182444
0.182121
0.181852
0.182122
0.182447
0.181335
0.181013
0.180748
0.181015
0.181337
0.180063
0.179744
0.179483
0.179745
0.180065
0.178623
0.178307
0.178049
0.178307
0.178623
0.177006
0.176693
0.176438
0.176692
0.177004
0.1752
0.174892
0.17464
0.17489
0.175197
0.173194
0.172891
0.172642
0.172889
0.173191
0.170975
0.170677
0.17043
0.170674
0.17097
0.168524
0.168231
0.167987
0.168228
0.168518
0.165823
0.165536
0.165292
0.165532
0.165817
0.162849
0.162566
0.162323
0.162562
0.162842
0.159572
0.159295
0.159055
0.159291
0.159565
0.155959
0.155689
0.155454
0.155686
0.155953
0.15197
0.151707
0.151477
0.151704
0.151964
0.147553
0.147298
0.147071
0.147295
0.147548
0.142645
0.142399
0.142167
0.142396
0.14264
0.13716
0.136916
0.136685
0.136913
0.137155
0.142952
0.143652
0.143167
0.143652
0.142954
0.157509
0.157165
0.156702
0.157166
0.157511
0.168435
0.167953
0.167476
0.167955
0.168438
0.176987
0.176485
0.176024
0.176488
0.176991
0.183792
0.183295
0.182851
0.183297
0.183796
0.189262
0.188771
0.188343
0.188773
0.189266
0.19368
0.193194
0.19278
0.193197
0.193684
0.197255
0.196772
0.196367
0.196774
0.197259
0.200118
0.199644
0.199254
0.199646
0.200122
0.202414
0.201936
0.201548
0.201938
0.202418
0.204244
0.203767
0.203387
0.203769
0.204247
0.205668
0.205192
0.204819
0.205194
0.205672
0.206775
0.206297
0.205927
0.206299
0.206778
0.207558
0.20708
0.206717
0.207081
0.20756
0.208077
0.207597
0.207238
0.207598
0.208079
0.208362
0.20788
0.207525
0.207881
0.208364
0.208435
0.207951
0.2076
0.207952
0.208437
0.208314
0.207828
0.207481
0.207828
0.208315
0.208011
0.207522
0.207179
0.207523
0.208012
0.207534
0.207044
0.206704
0.207045
0.207535
0.206888
0.206398
0.206061
0.206398
0.206889
0.206077
0.205586
0.205253
0.205587
0.206078
0.2051
0.204609
0.204279
0.204609
0.205101
0.203953
0.203463
0.203137
0.203463
0.203954
0.202632
0.202143
0.20182
0.202143
0.202632
0.201128
0.200641
0.200321
0.20064
0.201127
0.19943
0.198945
0.198629
0.198944
0.199428
0.197524
0.197042
0.196728
0.197041
0.197522
0.195394
0.194915
0.194603
0.194913
0.195391
0.193019
0.192543
0.192234
0.19254
0.193015
0.190376
0.189902
0.189598
0.1899
0.190371
0.187435
0.186967
0.186667
0.186964
0.18743
0.184167
0.183705
0.183408
0.183702
0.184161
0.180535
0.18008
0.179783
0.180077
0.180529
0.176495
0.176044
0.175744
0.176042
0.17649
0.171989
0.171541
0.171237
0.171538
0.171984
0.166945
0.166499
0.166192
0.166496
0.16694
0.161276
0.160829
0.160527
0.160826
0.161271
0.154868
0.154425
0.15414
0.154423
0.154863
0.154484
0.155116
0.154645
0.155118
0.154487
0.169473
0.169069
0.168599
0.169071
0.169477
0.181002
0.180459
0.17997
0.180462
0.181007
0.190191
0.189624
0.189147
0.189627
0.190197
0.197594
0.197029
0.196568
0.197033
0.1976
0.203597
0.203036
0.20259
0.20304
0.203603
0.208477
0.20792
0.207486
0.207923
0.208483
0.212445
0.21189
0.211465
0.211893
0.212451
0.215634
0.215086
0.214676
0.21509
0.215639
0.218211
0.217658
0.217249
0.217661
0.218216
0.22027
0.219719
0.219318
0.219722
0.220275
0.221884
0.221333
0.220938
0.221335
0.221888
0.223145
0.222592
0.2222
0.222594
0.223149
0.224052
0.223498
0.223113
0.2235
0.224055
0.22467
0.224115
0.223733
0.224116
0.224673
0.225033
0.224476
0.224098
0.224477
0.225035
0.225167
0.224608
0.224234
0.22461
0.22517
0.225094
0.224533
0.224162
0.224534
0.225096
0.224829
0.224266
0.223898
0.224267
0.22483
0.224382
0.223817
0.223453
0.223818
0.224383
0.223761
0.223195
0.222834
0.223195
0.223762
0.22297
0.222402
0.222045
0.222403
0.222971
0.222009
0.221441
0.221086
0.221441
0.222009
0.220875
0.220307
0.219956
0.220307
0.220876
0.219563
0.218994
0.218646
0.218994
0.219563
0.218061
0.217493
0.217148
0.217493
0.218061
0.216358
0.21579
0.215447
0.215789
0.216356
0.214434
0.213866
0.213526
0.213865
0.214432
0.212268
0.211702
0.211365
0.2117
0.212266
0.209836
0.209271
0.208937
0.20927
0.209833
0.20711
0.206545
0.206211
0.206543
0.207106
0.204052
0.203486
0.203151
0.203484
0.204048
0.200617
0.200049
0.199714
0.200047
0.200613
0.196754
0.196185
0.195852
0.196183
0.19675
0.192404
0.191839
0.191508
0.191836
0.1924
0.187502
0.186943
0.186615
0.18694
0.187497
0.181968
0.181419
0.181094
0.181416
0.181963
0.17571
0.17517
0.174851
0.175167
0.175705
0.168606
0.168076
0.167774
0.168073
0.168601
0.162537
0.163131
0.162671
0.163133
0.162541
0.177782
0.177349
0.176879
0.177352
0.177787
0.189684
0.189112
0.188621
0.189116
0.18969
0.199281
0.198684
0.198203
0.198688
0.199288
0.207078
0.206482
0.206016
0.206486
0.207086
0.213439
0.212846
0.212395
0.212851
0.213446
0.218632
0.218043
0.217603
0.218048
0.21864
0.22287
0.222282
0.221851
0.222287
0.222877
0.226282
0.225702
0.225285
0.225706
0.226289
0.229053
0.228467
0.228051
0.228471
0.229059
0.23127
0.230686
0.230277
0.230689
0.231276
0.233014
0.23243
0.232028
0.232434
0.23302
0.234383
0.233798
0.233398
0.233801
0.234389
0.235377
0.234791
0.234398
0.234794
0.235382
0.236067
0.235479
0.23509
0.235482
0.236071
0.23649
0.2359
0.235515
0.235903
0.236494
0.236676
0.236084
0.235702
0.236086
0.236679
0.236648
0.236055
0.235676
0.236056
0.236651
0.236425
0.235829
0.235454
0.235831
0.236427
0.236019
0.235422
0.23505
0.235423
0.236021
0.235441
0.234842
0.234473
0.234843
0.235443
0.234696
0.234095
0.233728
0.234096
0.234697
0.233785
0.233182
0.232818
0.233182
0.233786
0.232704
0.2321
0.231739
0.2321
0.232705
0.231448
0.230842
0.230483
0.230842
0.231448
0.230004
0.229396
0.229041
0.229396
0.230004
0.228357
0.227748
0.227394
0.227747
0.228357
0.226486
0.225875
0.225524
0.225874
0.226485
0.224367
0.223753
0.223402
0.223752
0.224365
0.221966
0.221347
0.220998
0.221346
0.221964
0.219243
0.218621
0.218274
0.21862
0.219241
0.216157
0.215532
0.215186
0.215531
0.216154
0.212656
0.21203
0.211684
0.212028
0.212653
0.208684
0.208056
0.207711
0.208054
0.20868
0.204171
0.203543
0.203201
0.203541
0.204167
0.199041
0.198417
0.198077
0.198415
0.199036
0.193204
0.192587
0.192251
0.192585
0.193199
0.186559
0.18595
0.185621
0.185947
0.186554
0.178977
0.178378
0.178066
0.178376
0.178972
0.167291
0.167864
0.167411
0.167866
0.167296
0.18267
0.182222
0.181754
0.182226
0.182675
0.194773
0.194187
0.193697
0.194191
0.19478
0.204594
0.203983
0.203502
0.203988
0.204602
0.212611
0.212001
0.211534
0.212006
0.21262
0.219173
0.218566
0.218113
0.218571
0.219182
0.224544
0.22394
0.223499
0.223945
0.224553
0.228934
0.228331
0.227898
0.228336
0.228942
0.23247
0.231874
0.231455
0.231879
0.232477
0.235348
0.234748
0.23433
0.234752
0.235355
0.237652
0.237054
0.236643
0.237058
0.237659
0.239469
0.23887
0.238466
0.238874
0.239476
0.240896
0.240297
0.239896
0.240301
0.240902
0.241938
0.241339
0.240943
0.241342
0.241944
0.24267
0.242069
0.241678
0.242072
0.242675
0.243131
0.242529
0.242141
0.242531
0.243135
0.243354
0.24275
0.242365
0.242752
0.243358
0.243364
0.242759
0.242377
0.242761
0.243368
0.243184
0.242576
0.242198
0.242578
0.243187
0.242827
0.242217
0.241842
0.242218
0.242829
0.242305
0.241693
0.241321
0.241695
0.242308
0.241625
0.241011
0.240642
0.241012
0.241628
0.240789
0.240173
0.239806
0.240174
0.240791
0.239794
0.239175
0.238811
0.239176
0.239796
0.238633
0.238011
0.237649
0.238011
0.238635
0.237294
0.236668
0.236309
0.236668
0.237295
0.235759
0.235129
0.234771
0.235129
0.235759
0.234004
0.233368
0.233012
0.233368
0.234004
0.231998
0.231357
0.231002
0.231356
0.231997
0.229705
0.229057
0.228703
0.229057
0.229704
0.227081
0.226426
0.226073
0.226426
0.227079
0.224075
0.223414
0.223061
0.223413
0.224073
0.220629
0.219962
0.21961
0.219961
0.220627
0.216677
0.216005
0.215653
0.216003
0.216674
0.212144
0.211468
0.211118
0.211466
0.21214
0.206943
0.206267
0.20592
0.206265
0.206939
0.200978
0.200306
0.199963
0.200304
0.200974
0.194141
0.193474
0.193138
0.193472
0.194136
0.186298
0.18564
0.18532
0.185637
0.186294
0.168844
0.169409
0.168959
0.169412
0.168848
0.184259
0.183808
0.18334
0.183811
0.184265
0.196421
0.195832
0.195342
0.195836
0.196428
0.206308
0.205694
0.205213
0.205699
0.206316
0.21439
0.213776
0.21331
0.213781
0.214398
0.221009
0.220399
0.219946
0.220404
0.221018
0.226429
0.225822
0.225381
0.225827
0.226437
0.230858
0.230253
0.229819
0.230257
0.230866
0.234422
0.233824
0.233405
0.233829
0.23443
0.237325
0.236724
0.236305
0.236728
0.237332
0.239647
0.239047
0.238637
0.239051
0.239654
0.24148
0.24088
0.240474
0.240883
0.241487
0.242916
0.242317
0.241917
0.24232
0.242922
0.243968
0.243369
0.242973
0.243372
0.243973
0.244711
0.244111
0.243719
0.244114
0.244716
0.245186
0.244585
0.244197
0.244588
0.245191
0.245429
0.244826
0.244442
0.244829
0.245433
0.245466
0.244862
0.244481
0.244864
0.24547
0.245322
0.244716
0.244338
0.244718
0.245325
0.245014
0.244406
0.244031
0.244407
0.245017
0.244554
0.243943
0.243572
0.243945
0.244557
0.243951
0.243338
0.242969
0.243339
0.243954
0.243209
0.242592
0.242225
0.242593
0.243211
0.242324
0.241703
0.241339
0.241704
0.242326
0.24129
0.240664
0.240302
0.240665
0.241292
0.240095
0.239464
0.239104
0.239465
0.240097
0.23872
0.238082
0.237723
0.238082
0.238721
0.237137
0.236492
0.236134
0.236492
0.237138
0.235314
0.23466
0.234304
0.23466
0.235315
0.23321
0.232546
0.23219
0.232546
0.23321
0.230777
0.230102
0.229746
0.230102
0.230776
0.227956
0.22727
0.226914
0.227269
0.227955
0.224683
0.223986
0.22363
0.223986
0.224682
0.220885
0.220178
0.219822
0.220177
0.220883
0.216478
0.215763
0.215408
0.215762
0.216475
0.21137
0.210651
0.210297
0.210649
0.211367
0.205458
0.204738
0.204389
0.204737
0.205455
0.198628
0.19791
0.197567
0.197908
0.198624
0.190743
0.190028
0.189702
0.190026
0.190739
0.167225
0.167798
0.167345
0.1678
0.167229
0.182591
0.182144
0.181675
0.182147
0.182595
0.194679
0.194095
0.193604
0.194098
0.194685
0.204482
0.203873
0.203392
0.203877
0.204489
0.212478
0.21187
0.211404
0.211875
0.212486
0.219016
0.218412
0.217959
0.218416
0.219024
0.224359
0.223758
0.223317
0.223763
0.224366
0.228717
0.228119
0.227686
0.228123
0.228725
0.232215
0.231624
0.231206
0.231628
0.232222
0.235061
0.234467
0.23405
0.234471
0.235067
0.237331
0.23674
0.236331
0.236744
0.237337
0.239123
0.238531
0.238126
0.238535
0.239129
0.240517
0.239929
0.239531
0.239932
0.240523
0.24154
0.240951
0.240557
0.240954
0.241545
0.242261
0.241672
0.241283
0.241675
0.242266
0.242725
0.242136
0.24175
0.242138
0.242729
0.242968
0.242377
0.241995
0.24238
0.242971
0.243018
0.242426
0.242048
0.242429
0.243022
0.242901
0.242308
0.241932
0.24231
0.242904
0.242637
0.242041
0.241669
0.242043
0.24264
0.242239
0.241641
0.241272
0.241643
0.242242
0.24172
0.241118
0.240751
0.24112
0.241722
0.241082
0.240477
0.240112
0.240478
0.241085
0.240328
0.239717
0.239355
0.239718
0.24033
0.239448
0.238831
0.238471
0.238833
0.23945
0.238432
0.237807
0.237448
0.237808
0.238434
0.237258
0.236624
0.236267
0.236625
0.237259
0.235898
0.235255
0.234898
0.235256
0.2359
0.23432
0.233665
0.233308
0.233665
0.234322
0.232482
0.231813
0.231456
0.231813
0.232483
0.230329
0.229645
0.229287
0.229645
0.230329
0.227801
0.2271
0.226742
0.2271
0.227801
0.224823
0.224107
0.223748
0.224106
0.224822
0.221315
0.220583
0.220224
0.220583
0.221314
0.217189
0.216444
0.216085
0.216443
0.217187
0.212345
0.21159
0.211233
0.211589
0.212343
0.206676
0.205914
0.20556
0.205913
0.206673
0.20006
0.199293
0.198946
0.199292
0.200057
0.19236
0.191588
0.191256
0.191586
0.192356
0.162406
0.163
0.162539
0.163001
0.162408
0.177627
0.177195
0.176725
0.177197
0.17763
0.189501
0.188931
0.18844
0.188933
0.189506
0.199064
0.198469
0.197989
0.198473
0.199069
0.20682
0.206227
0.205762
0.206231
0.206826
0.213133
0.212545
0.212093
0.212548
0.213139
0.218272
0.217688
0.217248
0.217692
0.218278
0.222448
0.221868
0.221437
0.221871
0.222454
0.225785
0.225213
0.224796
0.225216
0.22579
0.228492
0.227918
0.227503
0.227921
0.228497
0.230641
0.23007
0.229664
0.230073
0.230645
0.232335
0.231764
0.231361
0.231766
0.232339
0.233638
0.233071
0.232677
0.233074
0.233643
0.23459
0.234024
0.233633
0.234026
0.234594
0.235257
0.234691
0.234305
0.234693
0.23526
0.235682
0.235116
0.234734
0.235118
0.235685
0.235902
0.235336
0.234958
0.235338
0.235905
0.235947
0.235381
0.235007
0.235383
0.23595
0.235845
0.235278
0.234907
0.235279
0.235848
0.235616
0.235047
0.234679
0.235048
0.235619
0.235277
0.234705
0.23434
0.234707
0.235279
0.23484
0.234265
0.233903
0.234266
0.234843
0.234313
0.233733
0.233374
0.233735
0.234316
0.233699
0.233113
0.232756
0.233114
0.233701
0.232993
0.2324
0.232044
0.232401
0.232995
0.232184
0.231582
0.231228
0.231583
0.232186
0.231255
0.230642
0.230289
0.230643
0.231257
0.230177
0.229552
0.229199
0.229553
0.230179
0.228912
0.228272
0.22792
0.228273
0.228914
0.227413
0.226756
0.226403
0.226756
0.227414
0.225621
0.224946
0.224593
0.224947
0.225621
0.223481
0.222778
0.222423
0.222778
0.223481
0.220908
0.220186
0.219826
0.220186
0.220908
0.21783
0.217085
0.216726
0.217085
0.21783
0.214148
0.213383
0.213023
0.213383
0.214147
0.20975
0.208969
0.20861
0.208968
0.209749
0.204522
0.203727
0.203372
0.203726
0.20452
0.198338
0.197532
0.197184
0.197531
0.198336
0.191054
0.190238
0.189902
0.190236
0.191051
0.154291
0.154924
0.154452
0.154924
0.154292
0.169249
0.168847
0.168377
0.168848
0.16925
0.18074
0.180199
0.179711
0.180201
0.180742
0.189881
0.189318
0.188841
0.18932
0.189884
0.197227
0.196667
0.196206
0.196669
0.19723
0.203161
0.202607
0.202161
0.202609
0.203165
0.207963
0.207414
0.206981
0.207417
0.207967
0.211843
0.211299
0.210875
0.211302
0.211847
0.214923
0.214388
0.21398
0.21439
0.214927
0.217408
0.216873
0.216466
0.216875
0.217411
0.219367
0.218836
0.218439
0.218838
0.21937
0.220906
0.220376
0.219981
0.220377
0.220909
0.22207
0.221545
0.221159
0.221546
0.222073
0.222911
0.222388
0.222007
0.222389
0.222914
0.22349
0.222968
0.222591
0.222969
0.223492
0.223849
0.223328
0.222956
0.223329
0.223851
0.224024
0.223503
0.223135
0.223504
0.224026
0.224047
0.223526
0.223162
0.223527
0.224048
0.223944
0.223422
0.223062
0.223423
0.223945
0.223737
0.223214
0.222857
0.223215
0.223739
0.223446
0.222921
0.222567
0.222922
0.223447
0.223085
0.222556
0.222205
0.222557
0.223086
0.222664
0.222131
0.221782
0.222132
0.222665
0.222188
0.221649
0.221302
0.22165
0.22219
0.221658
0.221111
0.220766
0.221112
0.22166
0.221066
0.220508
0.220165
0.220509
0.221068
0.220398
0.219827
0.219484
0.219828
0.220399
0.219629
0.219043
0.2187
0.219044
0.21963
0.218725
0.218123
0.21778
0.218124
0.218726
0.217647
0.217022
0.216677
0.217022
0.217648
0.216341
0.21569
0.215342
0.21569
0.216342
0.214712
0.21404
0.213692
0.21404
0.214713
0.212683
0.211984
0.211635
0.211984
0.212683
0.210162
0.209434
0.209085
0.209434
0.210162
0.207062
0.206302
0.205951
0.206301
0.207061
0.203297
0.202504
0.20215
0.202504
0.203296
0.198727
0.197914
0.197564
0.197913
0.198725
0.193213
0.192381
0.192039
0.19238
0.19321
0.186606
0.185754
0.185425
0.185753
0.186604
0.142704
0.143404
0.14292
0.143404
0.142703
0.157228
0.156886
0.156423
0.156886
0.157228
0.168109
0.167631
0.167154
0.167631
0.16811
0.176605
0.176108
0.175646
0.176108
0.176606
0.18334
0.182849
0.182405
0.182849
0.183341
0.188725
0.188243
0.187816
0.188244
0.188726
0.193047
0.192572
0.192158
0.192572
0.193048
0.196513
0.196044
0.19564
0.196044
0.196514
0.199238
0.19878
0.198393
0.198781
0.199239
0.201419
0.200961
0.200576
0.200962
0.201419
0.20312
0.202669
0.202293
0.202669
0.203121
0.204448
0.203998
0.203626
0.203998
0.204449
0.205426
0.204983
0.204621
0.204983
0.205427
0.206119
0.205678
0.205321
0.205678
0.206119
0.206578
0.20614
0.205788
0.20614
0.206579
0.206845
0.206409
0.206062
0.206409
0.206845
0.206953
0.206518
0.206176
0.206518
0.206953
0.206933
0.2065
0.206161
0.206499
0.206933
0.206812
0.206378
0.206044
0.206378
0.206811
0.206612
0.206178
0.205847
0.206178
0.206612
0.206353
0.205918
0.20559
0.205918
0.206354
0.206053
0.205615
0.20529
0.205615
0.206054
0.205725
0.205282
0.20496
0.205282
0.205726
0.205377
0.204928
0.204608
0.204928
0.205378
0.205015
0.204556
0.204238
0.204557
0.205016
0.204636
0.204166
0.203848
0.204166
0.204637
0.204232
0.203748
0.20343
0.203748
0.204233
0.203785
0.203284
0.202966
0.203284
0.203786
0.203267
0.202746
0.202427
0.202746
0.203267
0.202663
0.202106
0.201782
0.202106
0.202664
0.201873
0.201302
0.200979
0.201302
0.201874
0.200852
0.200239
0.199911
0.200239
0.200852
0.199517
0.198869
0.198538
0.198869
0.199517
0.197761
0.197077
0.196745
0.197077
0.197761
0.195463
0.194746
0.194414
0.194745
0.195462
0.192502
0.19175
0.191421
0.191749
0.192501
0.188799
0.187993
0.187665
0.187993
0.188798
0.184211
0.183399
0.183084
0.183398
0.184209
0.178589
0.17774
0.177435
0.177739
0.178587
0.127348
0.128169
0.127676
0.128167
0.127346
0.14116
0.140941
0.140501
0.14094
0.141159
0.151103
0.150758
0.150316
0.150757
0.151101
0.158659
0.158306
0.157887
0.158305
0.158658
0.164543
0.164203
0.163807
0.164202
0.164542
0.169187
0.168861
0.168483
0.16886
0.169186
0.172874
0.172558
0.172196
0.172558
0.172873
0.175802
0.175494
0.175143
0.175493
0.1758
0.178075
0.177783
0.177451
0.177782
0.178073
0.17987
0.179579
0.179249
0.179578
0.179869
0.181249
0.180966
0.180647
0.180965
0.181248
0.182312
0.182032
0.181718
0.182032
0.182312
0.183063
0.182792
0.182489
0.182792
0.183063
0.183575
0.183308
0.18301
0.183307
0.183574
0.183889
0.183625
0.183333
0.183624
0.183887
0.184041
0.183781
0.183494
0.18378
0.184039
0.184064
0.183807
0.183525
0.183805
0.184061
0.183985
0.18373
0.183453
0.183728
0.183982
0.183829
0.183576
0.183303
0.183574
0.183826
0.183619
0.183366
0.183098
0.183365
0.183616
0.183375
0.183122
0.182857
0.18312
0.183373
0.183116
0.18286
0.182599
0.182859
0.183114
0.182857
0.182597
0.182339
0.182596
0.182856
0.182612
0.182345
0.182089
0.182345
0.182611
0.18239
0.182115
0.18186
0.182114
0.182389
0.182197
0.18191
0.181655
0.181909
0.182197
0.182034
0.18173
0.181475
0.18173
0.182033
0.181893
0.181569
0.181313
0.181569
0.181892
0.181762
0.181411
0.18115
0.18141
0.181761
0.181619
0.181238
0.180974
0.181238
0.181619
0.181405
0.180988
0.180719
0.180988
0.181405
0.181064
0.180603
0.180327
0.180603
0.181064
0.180515
0.180005
0.179722
0.180005
0.180514
0.179655
0.179095
0.178807
0.179094
0.179654
0.178367
0.177757
0.177468
0.177756
0.178366
0.176505
0.175856
0.175576
0.175856
0.176504
0.173931
0.17325
0.172985
0.173249
0.17393
0.170584
0.169837
0.169574
0.169836
0.170583
0.16627
0.165481
0.165248
0.16548
0.166269
0.107707
0.108761
0.108274
0.108759
0.107705
0.120307
0.120349
0.119964
0.120347
0.120304
0.128807
0.128761
0.128401
0.12876
0.128805
0.135035
0.135007
0.134685
0.135006
0.135033
0.139782
0.139783
0.139491
0.139781
0.13978
0.143472
0.143494
0.143226
0.143493
0.14347
0.14636
0.1464
0.14615
0.146398
0.146358
0.148623
0.148675
0.148439
0.148673
0.14862
0.150354
0.150426
0.15021
0.150424
0.150351
0.151684
0.15176
0.151549
0.151758
0.151682
0.152685
0.152771
0.152573
0.15277
0.152685
0.153436
0.15353
0.153339
0.153531
0.153437
0.153931
0.154036
0.153857
0.154036
0.153933
0.154238
0.154349
0.154177
0.154349
0.154237
0.154391
0.154508
0.154341
0.154506
0.154387
0.154419
0.154541
0.15438
0.154537
0.154413
0.154348
0.154474
0.154319
0.15447
0.15434
0.154202
0.154332
0.154183
0.154328
0.154194
0.154002
0.154136
0.153993
0.154132
0.153995
0.153769
0.153906
0.153768
0.153902
0.153763
0.153521
0.15366
0.153527
0.153658
0.153517
0.15328
0.153418
0.15329
0.153416
0.153277
0.153061
0.153196
0.153071
0.153195
0.153059
0.15288
0.15301
0.152887
0.153008
0.152877
0.152752
0.152873
0.152752
0.152871
0.152749
0.15269
0.152798
0.152677
0.152796
0.152686
0.152704
0.152794
0.152672
0.152792
0.1527
0.152801
0.152868
0.152743
0.152866
0.152799
0.152978
0.153019
0.152888
0.153017
0.152976
0.153252
0.153245
0.153107
0.153243
0.15325
0.153589
0.153533
0.153383
0.153532
0.153588
0.153935
0.153817
0.153652
0.153817
0.153934
0.154237
0.154045
0.153863
0.154044
0.154235
0.154395
0.154125
0.153927
0.154124
0.154393
0.154282
0.153936
0.15373
0.153935
0.15428
0.153751
0.153344
0.153144
0.153343
0.15375
0.152645
0.152201
0.152036
0.152201
0.152644
0.150873
0.150404
0.150296
0.150403
0.150871
0.148398
0.1479
0.14784
0.147899
0.148397
0.0827652
0.0842994
0.0838174
0.0842983
0.0827635
0.093179
0.0937806
0.0934643
0.0937795
0.0931774
0.0994766
0.100088
0.0998426
0.100087
0.099475
0.103889
0.104573
0.10439
0.104572
0.103888
0.107182
0.107917
0.107776
0.107916
0.10718
0.109695
0.110465
0.110353
0.110464
0.109694
0.111626
0.11242
0.11233
0.112419
0.111624
0.113106
0.113918
0.113845
0.113917
0.113104
0.114219
0.115051
0.114992
0.115049
0.114217
0.115027
0.11587
0.115829
0.115869
0.115027
0.115612
0.116466
0.116433
0.116467
0.115616
0.116023
0.116894
0.116871
0.116897
0.116033
0.116254
0.117138
0.117129
0.11714
0.116262
0.116358
0.117251
0.117249
0.11725
0.116356
0.116359
0.117257
0.117263
0.117254
0.11635
0.116276
0.11718
0.117192
0.117174
0.116262
0.116124
0.117036
0.117055
0.117028
0.116109
0.115924
0.116843
0.116869
0.116835
0.115909
0.115691
0.116617
0.116651
0.11661
0.115675
0.115437
0.116373
0.116414
0.116367
0.115427
0.115183
0.116125
0.116175
0.116121
0.115179
0.114947
0.115892
0.115947
0.115889
0.114945
0.114744
0.115688
0.115748
0.115686
0.114741
0.114586
0.115527
0.115591
0.115525
0.114582
0.114492
0.115426
0.115492
0.115423
0.114485
0.11448
0.1154
0.115468
0.115396
0.11447
0.114561
0.115466
0.115535
0.115462
0.114556
0.114761
0.115642
0.11571
0.115638
0.11476
0.11509
0.115939
0.115997
0.115935
0.115088
0.1156
0.116387
0.116437
0.116384
0.115599
0.116312
0.117016
0.117044
0.117015
0.116312
0.117192
0.117786
0.117784
0.117786
0.117192
0.118244
0.118699
0.118658
0.118698
0.118242
0.119401
0.119702
0.119618
0.1197
0.119399
0.120536
0.120698
0.120585
0.120697
0.120534
0.121506
0.121562
0.121442
0.121561
0.121504
0.122148
0.12215
0.122071
0.122149
0.122147
0.122384
0.12243
0.122456
0.122429
0.122383
0.122361
0.122467
0.122626
0.122466
0.12236
0.0499163
0.0524433
0.0516458
0.0524429
0.0499156
0.0563175
0.0579787
0.0573806
0.0579783
0.0563169
0.0595166
0.0613281
0.0608291
0.0613278
0.0595161
0.0616572
0.0635835
0.0631621
0.0635832
0.0616567
0.0632419
0.0652084
0.0648272
0.0652081
0.0632414
0.0644235
0.0664049
0.0660459
0.0664043
0.064423
0.0652956
0.0672883
0.0669443
0.0672876
0.0652985
0.065935
0.0679345
0.0676027
0.0679346
0.0659403
0.0663884
0.0683962
0.0680749
0.0683965
0.0663931
0.0666919
0.0687118
0.0683988
0.0687104
0.0667003
0.0668799
0.0688972
0.0685977
0.0688976
0.0668927
0.0669972
0.0690191
0.0687214
0.0690219
0.0670102
0.0670142
0.0690452
0.0687606
0.069044
0.0670133
0.0669652
0.0690067
0.0687297
0.0690045
0.0669519
0.0668738
0.068918
0.0686494
0.068916
0.0668614
0.0667431
0.0687902
0.0685284
0.0687865
0.0667345
0.0665739
0.0686325
0.068377
0.0686266
0.0665619
0.0663956
0.0684534
0.0682046
0.0684485
0.0663811
0.0661974
0.0682612
0.0680193
0.0682576
0.0661854
0.0659822
0.0680614
0.067827
0.0680575
0.0659796
0.0657809
0.0678618
0.0676331
0.0678584
0.0657861
0.0655917
0.067673
0.0674462
0.0676692
0.0655908
0.0654258
0.0675053
0.0672795
0.0675029
0.065429
0.0652929
0.067366
0.0671436
0.0673674
0.0653011
0.0652069
0.0672666
0.0670488
0.0672688
0.0652118
0.0651827
0.0672217
0.0670094
0.0672213
0.0651825
0.0652351
0.0672459
0.0670401
0.06724
0.0652285
0.0653806
0.067354
0.0671528
0.0673431
0.0653695
0.0656384
0.0675577
0.0673508
0.0675468
0.0656176
0.0660848
0.0679024
0.0676909
0.0678947
0.0660692
0.0667673
0.0684313
0.0681957
0.0684267
0.0667548
0.067732
0.0691548
0.0688819
0.0691529
0.0677246
0.0690554
0.0701249
0.0697949
0.0701238
0.0690555
0.0707244
0.07135
0.0709556
0.0713487
0.0707228
0.072434
0.0728014
0.0723802
0.0728003
0.0724322
0.0743836
0.0745451
0.074131
0.0745443
0.0743823
0.0766787
0.0766764
0.076315
0.0766758
0.0766779
0.079196
0.0791852
0.078984
0.0791849
0.0791955
0.0826936
0.0828277
0.0829566
0.0828275
0.0826933
0.00554103
0.00624456
0.00594431
0.00624453
0.00554098
0.00707797
0.0071097
0.00683967
0.00710968
0.00707794
0.00761948
0.00752935
0.00726047
0.00752934
0.00761946
0.00788506
0.00777195
0.00751165
0.00777194
0.00788505
0.00804445
0.0079268
0.0076741
0.00792679
0.00804444
0.00814934
0.00803062
0.00778365
0.00803059
0.00814933
0.00821881
0.00810094
0.00785853
0.00810085
0.00821986
0.00826532
0.00814749
0.00790904
0.00814754
0.00826666
0.00829246
0.00817658
0.00794152
0.0081767
0.00829349
0.00830551
0.00819257
0.00796021
0.00819214
0.00830889
0.00831451
0.00819793
0.0079681
0.00819743
0.00831715
0.0083167
0.00819631
0.00796803
0.00819561
0.00831594
0.00830967
0.00818813
0.00796193
0.00818699
0.00830479
0.00829259
0.00817292
0.00794903
0.0081727
0.00828814
0.00827331
0.0081531
0.00793146
0.00815356
0.00827317
0.00825063
0.00812998
0.00791019
0.00813043
0.00825443
0.00822328
0.00810461
0.00788607
0.00810479
0.00822669
0.00819989
0.00807694
0.00785988
0.00807751
0.00820072
0.00817266
0.00804823
0.0078324
0.00804913
0.008174
0.00814202
0.00801916
0.00780426
0.00801938
0.00814562
0.00811719
0.00798978
0.00777625
0.00798941
0.00812018
0.00808987
0.00796076
0.0077491
0.00796039
0.00808947
0.00806193
0.00793323
0.00772335
0.0079333
0.00806406
0.00803867
0.00790829
0.00769997
0.00790878
0.00804164
0.00801876
0.00788649
0.00767991
0.00788733
0.00802198
0.00800326
0.0078694
0.00766439
0.00787037
0.00800715
0.00799676
0.00785948
0.00765502
0.00785932
0.00799725
0.00799748
0.00785878
0.0076551
0.00785743
0.00799573
0.00800666
0.00786731
0.00766501
0.00786606
0.00800125
0.00803015
0.00789106
0.00769019
0.00789011
0.00802548
0.00807178
0.00793582
0.00773653
0.00793501
0.00806724
0.0081382
0.00800757
0.00780993
0.00800721
0.00813512
0.00823371
0.00811701
0.00792066
0.00811694
0.00823446
0.00836894
0.00827672
0.00808162
0.0082767
0.00836896
0.00861054
0.00850793
0.00831215
0.00850793
0.00861057
0.00896156
0.0088424
0.00864358
0.00884241
0.00896158
0.0094776
0.00933021
0.00912404
0.00933022
0.00947763
0.0104115
0.0100998
0.00985337
0.0100998
0.0104115
0.0131564
0.0120734
0.0116893
0.0120734
0.0131564
0.0061787
0.00592403
0.00575487
0.00592402
0.00617869
0.0437817
0.0451933
0.0443021
0.0451931
0.0437812
0.0723847
0.0730588
0.0729688
0.073058
0.0723832
0.0937443
0.0940126
0.0939189
0.0940115
0.0937419
0.110296
0.110331
0.110204
0.11033
0.110293
0.123195
0.123161
0.123025
0.12316
0.123192
0.133302
0.133215
0.13308
0.133214
0.133298
0.141074
0.140934
0.140799
0.140933
0.14107
0.146787
0.146589
0.146449
0.146587
0.146783
0.150585
0.15032
0.150174
0.150318
0.150581
0.152507
0.152168
0.152012
0.152166
0.152504
0.152493
0.152072
0.151904
0.152071
0.15249
0.150377
0.14987
0.149693
0.149869
0.150375
0.145874
0.145286
0.145112
0.145285
0.145872
0.138536
0.137893
0.137758
0.137893
0.138534
0.127624
0.127049
0.127036
0.127048
0.127622
0.111597
0.111427
0.111699
0.111427
0.111597
0.0894684
0.0892195
0.0894456
0.0892193
0.0894681
0.0523099
0.0453814
0.0443652
0.0453814
0.0523098
0.00630575
0.00605694
0.00589902
0.00605693
0.00630574
0.0455082
0.0470112
0.0461731
0.0470109
0.0455078
0.0764641
0.0771591
0.0770872
0.0771582
0.0764624
0.0999449
0.100147
0.100043
0.100146
0.0999421
0.118259
0.118181
0.118021
0.118179
0.118256
0.132573
0.132389
0.132213
0.132387
0.132568
0.143765
0.143511
0.143327
0.143509
0.14376
0.152322
0.152007
0.151819
0.152005
0.152318
0.158543
0.158165
0.15797
0.158163
0.158538
0.16259
0.162147
0.161938
0.162145
0.162586
0.164503
0.16399
0.163771
0.163988
0.164499
0.164215
0.16363
0.163404
0.163629
0.164212
0.161547
0.160891
0.160662
0.16089
0.161544
0.156198
0.155484
0.155269
0.155483
0.156195
0.147673
0.146958
0.146806
0.146957
0.147671
0.135139
0.134664
0.134699
0.134663
0.135137
0.11756
0.117565
0.117993
0.117564
0.117559
0.0972218
0.0970234
0.0976293
0.0970232
0.0972215
0.0820911
0.0751006
0.0738389
0.0751005
0.0820909
0.0064394
0.00619614
0.00604383
0.00619613
0.00643939
0.0470867
0.0487029
0.0479076
0.0487027
0.0470863
0.0800558
0.0807773
0.0807199
0.0807763
0.0800541
0.105373
0.105517
0.105413
0.105516
0.10537
0.125221
0.125066
0.124877
0.125064
0.125217
0.14079
0.140496
0.140279
0.140494
0.140786
0.152937
0.152562
0.152331
0.152559
0.152932
0.162181
0.161739
0.161501
0.161737
0.162176
0.168831
0.168327
0.168081
0.168325
0.168827
0.173055
0.172487
0.172233
0.172485
0.17305
0.174897
0.174266
0.174004
0.174264
0.174893
0.174301
0.173604
0.173334
0.173603
0.174298
0.171071
0.170314
0.170045
0.170312
0.171068
0.164861
0.164063
0.163815
0.164062
0.164859
0.155109
0.15435
0.15418
0.154349
0.155107
0.140808
0.140377
0.140424
0.140376
0.140806
0.120999
0.121128
0.121593
0.121127
0.120998
0.0984234
0.0983174
0.0989271
0.0983172
0.0984231
0.0828025
0.0757129
0.0743374
0.0757129
0.0828024
0.00657923
0.00634066
0.0061888
0.00634066
0.00657922
0.0485711
0.0503169
0.0495452
0.0503167
0.0485707
0.0832726
0.0840163
0.0839637
0.0840152
0.0832708
0.110167
0.110263
0.110159
0.110261
0.110164
0.131329
0.131117
0.130906
0.131114
0.131325
0.148003
0.147616
0.147366
0.147614
0.147998
0.160974
0.160502
0.160236
0.1605
0.16097
0.170806
0.170265
0.169989
0.170263
0.170801
0.177812
0.17721
0.176926
0.177208
0.177808
0.182166
0.181504
0.181212
0.181502
0.182162
0.18391
0.183192
0.182894
0.18319
0.183906
0.182986
0.182205
0.181902
0.182203
0.182983
0.179173
0.178345
0.178045
0.178344
0.17917
0.172101
0.171244
0.170967
0.171243
0.172099
0.161072
0.160309
0.160119
0.160308
0.161071
0.145042
0.144582
0.144589
0.144582
0.145041
0.122207
0.122468
0.122839
0.122468
0.122207
0.0928143
0.0931811
0.0935147
0.0931808
0.0928141
0.0538597
0.0465522
0.0452402
0.0465522
0.0538597
0.00816399
0.0071079
0.00678986
0.0071079
0.008164
0.0414546
0.0377876
0.0371475
0.0377876
0.0414547
0.040356
0.0370049
0.0364249
0.0370049
0.0403559
0.0081856
0.00703331
0.00671184
0.0070333
0.0081856
0.00713738
0.00621058
0.00594836
0.00621059
0.00713739
0.0364939
0.0305609
0.029504
0.0305609
0.0364939
0.0355843
0.0297758
0.0288027
0.0297758
0.0355843
0.00712959
0.00617248
0.00590787
0.00617248
0.0071296
0.00656665
0.00569367
0.00545882
0.00569368
0.00656665
0.0318686
0.0260366
0.0249915
0.0260366
0.0318686
0.0313345
0.0256088
0.0245933
0.0256088
0.0313345
0.00651595
0.00564687
0.00541514
0.00564687
0.00651595
0.00588243
0.0050165
0.00479377
0.0050165
0.00588243
0.0278448
0.0224246
0.0213253
0.0224246
0.0278448
0.0276218
0.0221978
0.0211077
0.0221978
0.0276218
0.0058164
0.00496507
0.0047475
0.00496507
0.0058164
0.00314479
0.00297371
0.0028235
0.00297372
0.00314479
0.00804411
0.00795822
0.00756905
0.00795824
0.00804413
0.00944416
0.00937011
0.00900576
0.00937
0.00944417
0.0103129
0.0102372
0.00990143
0.0102372
0.0103129
0.0109076
0.0108367
0.0105261
0.0108366
0.0109076
0.0113595
0.0112916
0.0109999
0.0112916
0.0113595
0.011729
0.0116598
0.0113809
0.0116598
0.011729
0.0120445
0.0119699
0.0116993
0.0119699
0.0120445
0.0123196
0.0122362
0.0119702
0.0122362
0.0123197
0.0125597
0.0124639
0.0121996
0.0124639
0.0125597
0.0127628
0.0126517
0.0123868
0.0126517
0.0127629
0.0129197
0.0127917
0.0125243
0.0127917
0.0129197
0.0130129
0.0128615
0.0125892
0.0128615
0.0130129
0.0130505
0.0128317
0.0125537
0.0128317
0.0130505
0.0129956
0.0126759
0.012402
0.0126759
0.0129956
0.0127883
0.0123692
0.0121099
0.0123692
0.0127883
0.012254
0.0117885
0.0115094
0.0117885
0.012254
0.0109029
0.010465
0.010161
0.010465
0.0109029
0.00437714
0.00414185
0.00397773
0.00414185
0.00437714
0.00524959
0.00515136
0.00479786
0.00515136
0.00524957
0.0319854
0.0330732
0.0318944
0.0330731
0.0319853
0.046983
0.0473778
0.046514
0.0473776
0.0469826
0.0566082
0.0568313
0.0560851
0.056831
0.0566077
0.0634365
0.0637088
0.0630358
0.0637084
0.0634359
0.0686121
0.0689535
0.0683137
0.0689531
0.0686115
0.0726666
0.0730435
0.0724194
0.0730431
0.0726659
0.0758831
0.0762564
0.0756355
0.076256
0.0758824
0.0784133
0.0787455
0.0781185
0.0787451
0.0784125
0.0803232
0.0805766
0.0799388
0.0805761
0.0803225
0.0816157
0.0817576
0.0811052
0.0817571
0.081615
0.082223
0.0822381
0.0815647
0.0822376
0.0822224
0.0819173
0.0818599
0.0811746
0.0818595
0.0819167
0.0801519
0.0802733
0.0796072
0.080273
0.0801514
0.0764868
0.0768639
0.0761143
0.0768636
0.0764864
0.0703572
0.0707447
0.069812
0.0707444
0.0703568
0.0612452
0.0613396
0.0603451
0.0613395
0.0612449
0.045881
0.0458359
0.0447323
0.0458359
0.0458809
0.0075268
0.00743479
0.0070406
0.00743478
0.00752679
0.00585332
0.00562039
0.00537226
0.00562039
0.00585331
0.0387007
0.0399929
0.0388616
0.0399928
0.0387004
0.0605193
0.0611108
0.0607411
0.0611104
0.0605186
0.0758773
0.0762309
0.075953
0.0762303
0.0758762
0.0873683
0.0876908
0.0874745
0.08769
0.0873669
0.0962648
0.0966023
0.0964339
0.0966014
0.0962632
0.103247
0.10359
0.103454
0.103589
0.103245
0.108699
0.109026
0.108907
0.109025
0.108697
0.112838
0.113123
0.113009
0.113122
0.112836
0.115768
0.115987
0.115867
0.115986
0.115767
0.117508
0.117638
0.117503
0.117637
0.117507
0.117992
0.118013
0.117856
0.118012
0.11799
0.117041
0.116948
0.116768
0.116947
0.11704
0.114322
0.114138
0.113943
0.114137
0.114321
0.109388
0.109106
0.108888
0.109105
0.109387
0.101569
0.101095
0.100846
0.101094
0.101568
0.0889103
0.0882168
0.0880379
0.0882165
0.0889098
0.0657686
0.0649361
0.0643741
0.064936
0.0657684
0.0098343
0.00940824
0.00900536
0.00940824
0.0098343
0.0060508
0.00579277
0.00560061
0.00579276
0.00605079
0.0417638
0.043112
0.042132
0.0431118
0.0417635
0.0675757
0.0682237
0.0680531
0.0682231
0.0675746
0.0864503
0.0867725
0.0866335
0.0867715
0.0864486
0.10089
0.101071
0.100949
0.10107
0.100888
0.112119
0.112268
0.11217
0.112267
0.112116
0.120928
0.121047
0.120964
0.121046
0.120925
0.127744
0.127824
0.127748
0.127822
0.127741
0.132819
0.132847
0.13277
0.132845
0.132816
0.136281
0.136243
0.136159
0.136241
0.136279
0.138163
0.138044
0.137947
0.138043
0.138161
0.138403
0.138191
0.138077
0.13819
0.138401
0.13684
0.136525
0.136394
0.136524
0.136838
0.133182
0.132763
0.132623
0.132762
0.13318
0.126999
0.126476
0.126341
0.126475
0.126998
0.117592
0.116976
0.11689
0.116975
0.117591
0.103076
0.102525
0.102564
0.102525
0.103076
0.0769383
0.0758608
0.0756185
0.0758606
0.0769381
0.0131342
0.0119076
0.0114384
0.0119076
0.0131343
)
;

boundaryField
{
    empty
    {
        type            empty;
    }
    top
    {
        type            fixedValue;
        value           uniform 0;
    }
    fixedwall
    {
        type            nutkWallFunction;
        Cmu             0.09;
        kappa           0.41;
        E               9.8;
        value           nonuniform List<scalar> 
585
(
0.000575655
0.000641617
0.00061361
0.000641616
0.000575653
0.000717704
0.000720677
0.000695769
0.000720677
0.000717704
0.000767276
0.000759169
0.000734463
0.00075917
0.000767277
0.000791733
0.000781563
0.000757722
0.000781563
0.000791735
0.000806609
0.000796028
0.000772928
0.000796029
0.000806611
0.000816581
0.00080592
0.000783377
0.000805924
0.000816593
0.000823478
0.00081284
0.000790745
0.000812848
0.000823483
0.000828226
0.000817699
0.000795977
0.000817708
0.000828202
0.000831493
0.000821067
0.000799667
0.000821089
0.000831477
0.000833692
0.000823324
0.000802195
0.000823343
0.00083371
0.000835081
0.000824744
0.000803833
0.00082475
0.000835103
0.000835809
0.00082546
0.000804731
0.00082544
0.000835773
0.000835903
0.000825588
0.000805029
0.00082555
0.000835896
0.000835565
0.000825242
0.000804837
0.000825207
0.000835551
0.000834877
0.000824432
0.000804185
0.000824384
0.00083472
0.000833825
0.000823191
0.000803065
0.000823131
0.000833558
0.00083232
0.000821562
0.000801575
0.000821519
0.000832017
0.000830339
0.000819576
0.000799721
0.000819557
0.000830162
0.000827995
0.000817241
0.000797502
0.000817235
0.00082797
0.000825514
0.000814557
0.000794911
0.000814549
0.000825474
0.000822811
0.00081151
0.000791939
0.000811511
0.000822746
0.00081958
0.000808059
0.000788559
0.000808046
0.000819558
0.000815931
0.000804185
0.000784754
0.000804157
0.000815921
0.000812082
0.000799878
0.000780497
0.000799813
0.000811771
0.000807586
0.000795048
0.000775746
0.00079496
0.000807128
0.000802367
0.000789672
0.000770502
0.000789655
0.000802253
0.000796828
0.000783802
0.000764689
0.000783827
0.000796986
0.000790886
0.000777392
0.000758535
0.000777403
0.000791048
0.000784312
0.000770386
0.00075184
0.000770364
0.000784345
0.000777228
0.000762789
0.000744575
0.000762766
0.00077724
0.000769498
0.000754556
0.000736723
0.000754561
0.000769571
0.00076117
0.000745684
0.00072826
0.000745698
0.000761196
0.000752367
0.000736191
0.000719173
0.00073621
0.00075237
0.000742905
0.000726038
0.000709429
0.000726057
0.000742933
0.000732763
0.000715183
0.000698985
0.000715196
0.000732788
0.000721883
0.000703592
0.000687788
0.000703598
0.000721893
0.000710281
0.000691218
0.000675757
0.00069122
0.000710284
0.000697943
0.000677913
0.000662751
0.000677914
0.000697944
0.000684626
0.000663273
0.000648575
0.000663273
0.000684626
0.00057259
0.000638654
0.000610527
0.000638652
0.000572585
0.000715938
0.000718895
0.000693922
0.000718894
0.000715936
0.000765807
0.000757549
0.00073282
0.000757548
0.000765805
0.00079017
0.000779827
0.000755961
0.000779826
0.000790169
0.000804772
0.00079403
0.000770908
0.00079403
0.000804771
0.000814381
0.000803554
0.000780986
0.000803553
0.000814379
0.000820815
0.000810011
0.000787883
0.000810003
0.000820817
0.000825055
0.000814306
0.000792545
0.000814293
0.000825066
0.000827652
0.000817002
0.000795559
0.000816987
0.000827665
0.000829042
0.000818481
0.000797312
0.000818456
0.000829047
0.000829652
0.000819003
0.000798071
0.000818958
0.000829606
0.000829677
0.000818876
0.000798095
0.00081881
0.000829499
0.000829054
0.000818163
0.000797575
0.000818094
0.000828762
0.000827686
0.000816817
0.000796438
0.000816824
0.000827616
0.000825925
0.000815065
0.000794867
0.000815119
0.00082605
0.000823884
0.000812996
0.000792964
0.00081307
0.000824101
0.000821669
0.000810704
0.000790793
0.000810774
0.000821849
0.000819343
0.000808223
0.000788427
0.000808284
0.000819488
0.000816889
0.000805626
0.000785934
0.000805687
0.000817087
0.00081441
0.000802987
0.000783381
0.00080302
0.00081455
0.000812019
0.000800344
0.000780839
0.000800335
0.000812006
0.000809537
0.000797727
0.000778374
0.000797718
0.000809475
0.000807103
0.000795217
0.000776031
0.000795233
0.00080718
0.000805028
0.000792947
0.000773902
0.000792967
0.000805128
0.000803187
0.000790975
0.00077208
0.000791018
0.000803368
0.00080171
0.000789427
0.000770674
0.000789485
0.000801977
0.000801029
0.0007885
0.000769827
0.000788514
0.000801035
0.00080114
0.000788416
0.000769843
0.000788387
0.000800941
0.000801991
0.000789199
0.00077075
0.000789175
0.000801777
0.000804111
0.000791372
0.000773053
0.000791347
0.000803937
0.000807867
0.000795477
0.000777294
0.000795441
0.000807661
0.000813818
0.000802033
0.000784006
0.000802012
0.000813715
0.000822607
0.000812011
0.000794115
0.000812009
0.000822626
0.00083489
0.000826542
0.000808787
0.000826546
0.000834901
0.000856831
0.000847525
0.000829753
0.000847529
0.00085684
0.000888562
0.000877791
0.000859805
0.000877794
0.000888568
0.000935006
0.000921749
0.000903186
0.000921751
0.00093501
0.00101848
0.000990682
0.00096865
0.000990684
0.00101849
0.00126027
0.00116544
0.00113162
0.00116544
0.00126027
0.000633449
0.000609628
0.000593752
0.000609627
0.000633448
0.000645278
0.00062205
0.000607261
0.000622049
0.000645277
0.0006577
0.000635036
0.000620803
0.000635035
0.000657698
0.000670672
0.000648493
0.000634331
0.000648492
0.000670671
0.000816365
0.000719673
0.000690309
0.000719673
0.000816365
0.000818372
0.000712871
0.00068316
0.000712871
0.000818373
0.000722411
0.000636524
0.000612015
0.000636524
0.000722412
0.00072174
0.000633024
0.000608277
0.000633024
0.00072174
0.000669662
0.000588127
0.000566
0.000588127
0.000669663
0.000665005
0.00058378
0.000561932
0.00058378
0.000665006
0.000605865
0.000524097
0.000502858
0.000524097
0.000605865
0.000599714
0.00051925
0.000498486
0.00051925
0.000599715
0.000342247
0.000342247
0.000325169
0.000325169
0.000310094
0.000310094
0.000325169
0.000325169
0.000342247
0.000342247
0.000805301
0.000797443
0.000761858
0.000797442
0.000805301
0.000931863
0.00092517
0.000892359
0.000925167
0.000931862
0.0010095
0.00100276
0.000972758
0.00100276
0.0010095
0.00106234
0.00105605
0.00102845
0.00105605
0.00106234
0.00110233
0.00109632
0.00107049
0.00109632
0.00110233
0.00113492
0.00112882
0.0011042
0.00112882
0.00113492
0.00116268
0.00115612
0.00113229
0.00115612
0.00116268
0.00118685
0.00117952
0.00115614
0.00117952
0.00118685
0.00120789
0.0011995
0.00117631
0.0011995
0.00120789
0.00122569
0.00121596
0.00119275
0.00121596
0.00122569
0.00123941
0.00122823
0.00120482
0.00122823
0.00123941
0.00124757
0.00123435
0.00121053
0.00123435
0.00124757
0.00125088
0.00123177
0.00120743
0.00123177
0.00125088
0.0012461
0.00121818
0.00119417
0.00121818
0.0012461
0.00122801
0.00119132
0.00116855
0.00119132
0.00122801
0.00118124
0.00114031
0.00111571
0.00114031
0.00118124
0.00106208
0.00102319
0.000996098
0.00102319
0.00106208
0.000462816
0.000462816
0.00044009
0.00044009
0.000424158
0.000424158
0.00044009
0.00044009
0.000462816
0.000462816
0.000546177
0.000536867
0.000503184
0.000536866
0.000546175
0.000758169
0.000749739
0.000713484
0.000749739
0.000758168
0.00060305
0.000581165
0.000557735
0.000581164
0.000603048
0.000967001
0.000928811
0.000892551
0.000928811
0.000967001
0.00062152
0.000597337
0.00057926
0.000597336
0.000621519
0.00125843
0.00115094
0.00110958
0.00115094
0.00125843
)
;
    }
    outlet
    {
        type            zeroGradient;
    }
}


// ************************************************************************* //
