/*--------------------------------*- C++ -*----------------------------------*\
  =========                 |
  \\      /  F ield         | OpenFOAM: The Open Source CFD Toolbox
   \\    /   O peration     | Website:  https://openfoam.org
    \\  /    A nd           | Version:  9
     \\/     M anipulation  |
\*---------------------------------------------------------------------------*/
FoamFile
{
    format      ascii;
    class       volScalarField;
    location    "1";
    object      p;
}
// * * * * * * * * * * * * * * * * * * * * * * * * * * * * * * * * * * * * * //

dimensions      [0 2 -2 0 0 0 0];

internalField   nonuniform List<scalar> 
4545
(
20.098
20.098
20.098
20.098
20.098
20.0942
20.0942
20.0942
20.0942
20.0942
20.0905
20.0905
20.0905
20.0905
20.0905
20.0869
20.0869
20.0869
20.0869
20.0869
20.0834
20.0834
20.0834
20.0834
20.0834
20.0801
20.0801
20.0801
20.0801
20.0801
20.0768
20.0768
20.0768
20.0768
20.0768
20.0737
20.0737
20.0737
20.0737
20.0737
20.0708
20.0708
20.0708
20.0708
20.0708
20.068
20.068
20.068
20.068
20.068
20.0654
20.0654
20.0654
20.0654
20.0654
20.063
20.063
20.063
20.063
20.063
20.0608
20.0608
20.0608
20.0608
20.0608
20.0589
20.0589
20.0589
20.0589
20.0589
20.0572
20.0571
20.0571
20.0571
20.0572
20.0557
20.0557
20.0557
20.0557
20.0557
20.0544
20.0544
20.0544
20.0544
20.0544
20.0534
20.0534
20.0534
20.0534
20.0534
20.0527
20.0527
20.0527
20.0527
20.0527
20.0522
20.0522
20.0522
20.0522
20.0522
20.052
20.052
20.052
20.052
20.052
20.0521
20.0521
20.0521
20.0521
20.0521
20.0524
20.0524
20.0524
20.0524
20.0524
20.053
20.053
20.053
20.053
20.053
20.0538
20.0538
20.0538
20.0538
20.0538
20.0548
20.0548
20.0548
20.0548
20.0548
20.0561
20.056
20.056
20.056
20.0561
20.0575
20.0575
20.0575
20.0575
20.0575
20.0591
20.0591
20.0591
20.0591
20.0591
20.0609
20.0608
20.0608
20.0608
20.0609
20.0627
20.0627
20.0627
20.0627
20.0627
20.0647
20.0647
20.0647
20.0647
20.0647
20.0667
20.0667
20.0667
20.0667
20.0667
20.0688
20.0688
20.0688
20.0688
20.0688
20.0709
20.0708
20.0708
20.0708
20.0709
20.0729
20.0729
20.0729
20.0729
20.0729
20.0749
20.0749
20.0749
20.0749
20.0749
20.0769
20.0768
20.0768
20.0768
20.0769
20.0787
20.0787
20.0787
20.0787
20.0787
20.098
20.098
20.098
20.098
20.098
20.0943
20.0943
20.0943
20.0943
20.0943
20.0906
20.0906
20.0906
20.0906
20.0906
20.087
20.087
20.087
20.087
20.087
20.0835
20.0835
20.0835
20.0835
20.0835
20.0801
20.0802
20.0802
20.0802
20.0801
20.0769
20.0769
20.0769
20.0769
20.0769
20.0739
20.0739
20.0739
20.0739
20.0739
20.071
20.071
20.071
20.071
20.071
20.0682
20.0682
20.0682
20.0682
20.0682
20.0657
20.0657
20.0657
20.0657
20.0657
20.0634
20.0634
20.0634
20.0634
20.0634
20.0612
20.0612
20.0612
20.0612
20.0612
20.0593
20.0594
20.0594
20.0594
20.0593
20.0577
20.0577
20.0577
20.0577
20.0577
20.0563
20.0563
20.0563
20.0563
20.0563
20.0551
20.0551
20.0551
20.0551
20.0551
20.0542
20.0542
20.0542
20.0542
20.0542
20.0536
20.0536
20.0536
20.0536
20.0536
20.0532
20.0532
20.0532
20.0532
20.0532
20.0531
20.0531
20.0531
20.0531
20.0531
20.0533
20.0533
20.0533
20.0533
20.0533
20.0537
20.0538
20.0538
20.0538
20.0537
20.0544
20.0544
20.0544
20.0544
20.0544
20.0554
20.0554
20.0554
20.0554
20.0554
20.0565
20.0565
20.0565
20.0565
20.0565
20.0579
20.0579
20.0579
20.0579
20.0579
20.0595
20.0595
20.0595
20.0595
20.0595
20.0612
20.0612
20.0612
20.0612
20.0612
20.0631
20.0631
20.0631
20.0631
20.0631
20.065
20.065
20.065
20.065
20.065
20.0671
20.0671
20.0671
20.0671
20.0671
20.0692
20.0692
20.0692
20.0692
20.0692
20.0714
20.0714
20.0714
20.0714
20.0714
20.0735
20.0735
20.0735
20.0735
20.0735
20.0756
20.0756
20.0756
20.0756
20.0756
20.0777
20.0777
20.0777
20.0777
20.0777
20.0797
20.0797
20.0797
20.0797
20.0797
20.0816
20.0816
20.0816
20.0816
20.0816
20.098
20.098
20.098
20.098
20.098
20.0942
20.0942
20.0942
20.0942
20.0942
20.0905
20.0905
20.0905
20.0905
20.0905
20.0869
20.0869
20.0869
20.0869
20.0869
20.0834
20.0834
20.0834
20.0834
20.0834
20.0801
20.0801
20.0801
20.0801
20.0801
20.0769
20.0769
20.0769
20.0769
20.0769
20.0738
20.0738
20.0738
20.0738
20.0738
20.0709
20.0709
20.0709
20.0709
20.0709
20.0681
20.0681
20.0681
20.0681
20.0681
20.0656
20.0656
20.0656
20.0656
20.0656
20.0632
20.0632
20.0632
20.0632
20.0632
20.0611
20.0611
20.0611
20.0611
20.0611
20.0592
20.0592
20.0592
20.0592
20.0592
20.0575
20.0575
20.0575
20.0575
20.0575
20.0561
20.0561
20.0561
20.0561
20.0561
20.055
20.0549
20.0549
20.0549
20.055
20.0541
20.0541
20.0541
20.0541
20.0541
20.0534
20.0534
20.0534
20.0534
20.0534
20.0531
20.0531
20.0531
20.0531
20.0531
20.053
20.053
20.053
20.053
20.053
20.0532
20.0532
20.0532
20.0532
20.0532
20.0537
20.0537
20.0537
20.0537
20.0537
20.0545
20.0544
20.0544
20.0544
20.0545
20.0555
20.0554
20.0554
20.0554
20.0555
20.0567
20.0567
20.0567
20.0567
20.0567
20.0581
20.0581
20.0581
20.0581
20.0581
20.0598
20.0598
20.0598
20.0598
20.0598
20.0616
20.0616
20.0616
20.0616
20.0616
20.0636
20.0636
20.0636
20.0636
20.0636
20.0657
20.0657
20.0657
20.0657
20.0657
20.0679
20.0679
20.0679
20.0679
20.0679
20.0702
20.0701
20.0701
20.0701
20.0702
20.0724
20.0724
20.0724
20.0724
20.0724
20.0747
20.0747
20.0747
20.0747
20.0747
20.0769
20.0769
20.0769
20.0769
20.0769
20.0791
20.0791
20.0791
20.0791
20.0791
20.0812
20.0812
20.0812
20.0812
20.0812
20.0832
20.0831
20.0831
20.0831
20.0832
20.098
20.098
20.098
20.098
20.098
20.0942
20.0942
20.0942
20.0942
20.0942
20.0905
20.0905
20.0905
20.0905
20.0905
20.0868
20.0868
20.0868
20.0868
20.0868
20.0833
20.0833
20.0833
20.0833
20.0833
20.0799
20.0799
20.0799
20.0799
20.0799
20.0766
20.0766
20.0766
20.0766
20.0766
20.0735
20.0735
20.0735
20.0735
20.0735
20.0706
20.0706
20.0706
20.0706
20.0706
20.0678
20.0678
20.0678
20.0678
20.0678
20.0652
20.0652
20.0652
20.0652
20.0652
20.0628
20.0628
20.0628
20.0628
20.0628
20.0606
20.0606
20.0606
20.0606
20.0606
20.0586
20.0586
20.0586
20.0586
20.0586
20.0569
20.0569
20.0569
20.0569
20.0569
20.0554
20.0554
20.0554
20.0554
20.0554
20.0542
20.0542
20.0542
20.0542
20.0542
20.0533
20.0533
20.0533
20.0533
20.0533
20.0526
20.0526
20.0526
20.0526
20.0526
20.0522
20.0522
20.0522
20.0522
20.0522
20.0521
20.0521
20.0521
20.0521
20.0521
20.0523
20.0523
20.0523
20.0523
20.0523
20.0528
20.0528
20.0528
20.0528
20.0528
20.0535
20.0535
20.0535
20.0535
20.0535
20.0545
20.0545
20.0545
20.0545
20.0545
20.0558
20.0558
20.0558
20.0558
20.0558
20.0573
20.0573
20.0573
20.0573
20.0573
20.0591
20.0591
20.0591
20.0591
20.0591
20.061
20.061
20.061
20.061
20.061
20.0631
20.0631
20.0631
20.0631
20.0631
20.0654
20.0653
20.0653
20.0653
20.0654
20.0677
20.0677
20.0677
20.0677
20.0677
20.0701
20.0701
20.0701
20.0701
20.0701
20.0726
20.0726
20.0726
20.0726
20.0726
20.075
20.075
20.075
20.075
20.075
20.0775
20.0775
20.0774
20.0775
20.0775
20.0798
20.0798
20.0798
20.0798
20.0798
20.0821
20.0821
20.0821
20.0821
20.0821
20.0842
20.0842
20.0842
20.0842
20.0842
20.098
20.098
20.098
20.098
20.098
20.0941
20.0941
20.0941
20.0941
20.0941
20.0903
20.0903
20.0903
20.0903
20.0903
20.0866
20.0866
20.0866
20.0866
20.0866
20.083
20.083
20.083
20.083
20.083
20.0796
20.0796
20.0796
20.0796
20.0796
20.0762
20.0762
20.0762
20.0762
20.0762
20.0731
20.0731
20.0731
20.0731
20.0731
20.07
20.07
20.07
20.07
20.07
20.0672
20.0672
20.0672
20.0672
20.0672
20.0645
20.0645
20.0645
20.0645
20.0645
20.062
20.062
20.062
20.062
20.062
20.0597
20.0597
20.0597
20.0597
20.0597
20.0576
20.0576
20.0576
20.0576
20.0576
20.0558
20.0558
20.0558
20.0558
20.0558
20.0542
20.0542
20.0542
20.0542
20.0542
20.0528
20.0528
20.0528
20.0528
20.0528
20.0518
20.0518
20.0518
20.0518
20.0518
20.051
20.051
20.051
20.051
20.051
20.0505
20.0505
20.0505
20.0505
20.0505
20.0502
20.0502
20.0502
20.0502
20.0502
20.0503
20.0503
20.0503
20.0503
20.0503
20.0507
20.0507
20.0507
20.0507
20.0507
20.0514
20.0514
20.0514
20.0514
20.0514
20.0523
20.0523
20.0523
20.0523
20.0523
20.0536
20.0536
20.0536
20.0536
20.0536
20.0551
20.0551
20.0551
20.0551
20.0551
20.0568
20.0568
20.0568
20.0568
20.0568
20.0588
20.0588
20.0588
20.0588
20.0588
20.061
20.061
20.061
20.061
20.061
20.0634
20.0634
20.0634
20.0634
20.0634
20.0659
20.0658
20.0658
20.0658
20.0659
20.0684
20.0684
20.0684
20.0684
20.0684
20.0711
20.0711
20.0711
20.0711
20.0711
20.0737
20.0737
20.0737
20.0737
20.0737
20.0764
20.0764
20.0763
20.0764
20.0764
20.0789
20.0789
20.0789
20.0789
20.0789
20.0814
20.0814
20.0814
20.0814
20.0814
20.0837
20.0837
20.0837
20.0837
20.0837
20.098
20.098
20.098
20.098
20.098
20.094
20.094
20.094
20.094
20.094
20.0901
20.0901
20.0901
20.0901
20.0901
20.0864
20.0864
20.0864
20.0864
20.0864
20.0827
20.0827
20.0827
20.0827
20.0827
20.0792
20.0792
20.0792
20.0792
20.0792
20.0757
20.0757
20.0757
20.0757
20.0757
20.0725
20.0725
20.0725
20.0725
20.0725
20.0693
20.0693
20.0693
20.0693
20.0693
20.0663
20.0663
20.0663
20.0663
20.0663
20.0635
20.0635
20.0635
20.0635
20.0635
20.0609
20.0609
20.0609
20.0609
20.0609
20.0585
20.0585
20.0585
20.0585
20.0585
20.0562
20.0562
20.0562
20.0562
20.0562
20.0542
20.0542
20.0542
20.0542
20.0542
20.0524
20.0524
20.0524
20.0524
20.0524
20.0509
20.0509
20.0509
20.0509
20.0509
20.0496
20.0496
20.0496
20.0496
20.0496
20.0486
20.0486
20.0486
20.0486
20.0486
20.0479
20.0479
20.0479
20.0479
20.0479
20.0474
20.0474
20.0474
20.0474
20.0474
20.0473
20.0473
20.0473
20.0473
20.0473
20.0475
20.0475
20.0475
20.0475
20.0475
20.048
20.048
20.048
20.048
20.048
20.0488
20.0488
20.0488
20.0488
20.0488
20.0499
20.0499
20.0499
20.0499
20.0499
20.0513
20.0513
20.0513
20.0513
20.0513
20.0529
20.0529
20.0529
20.0529
20.0529
20.0549
20.0549
20.0549
20.0549
20.0549
20.0571
20.0571
20.0571
20.0571
20.0571
20.0595
20.0595
20.0594
20.0595
20.0595
20.062
20.062
20.062
20.062
20.062
20.0647
20.0647
20.0647
20.0647
20.0647
20.0675
20.0675
20.0675
20.0675
20.0675
20.0703
20.0703
20.0703
20.0703
20.0703
20.0731
20.0731
20.0731
20.0731
20.0731
20.0759
20.0759
20.0759
20.0759
20.0759
20.0786
20.0786
20.0786
20.0786
20.0786
20.0811
20.0811
20.0811
20.0811
20.0811
20.0979
20.0979
20.0979
20.0979
20.0979
20.0939
20.0939
20.0939
20.0939
20.0939
20.0899
20.0899
20.0899
20.0899
20.0899
20.0861
20.0861
20.0861
20.0861
20.0861
20.0823
20.0823
20.0823
20.0823
20.0823
20.0787
20.0787
20.0787
20.0787
20.0787
20.0751
20.0751
20.0751
20.0751
20.0751
20.0717
20.0717
20.0717
20.0717
20.0717
20.0685
20.0685
20.0685
20.0685
20.0685
20.0653
20.0653
20.0653
20.0653
20.0653
20.0624
20.0624
20.0624
20.0624
20.0624
20.0596
20.0596
20.0596
20.0596
20.0596
20.0569
20.0569
20.0569
20.0569
20.0569
20.0545
20.0545
20.0545
20.0545
20.0545
20.0523
20.0523
20.0523
20.0523
20.0523
20.0502
20.0502
20.0502
20.0502
20.0502
20.0484
20.0484
20.0484
20.0484
20.0484
20.0469
20.0469
20.0469
20.0469
20.0469
20.0456
20.0456
20.0456
20.0456
20.0456
20.0445
20.0445
20.0445
20.0445
20.0445
20.0438
20.0438
20.0438
20.0438
20.0438
20.0434
20.0434
20.0434
20.0434
20.0434
20.0432
20.0432
20.0432
20.0432
20.0432
20.0434
20.0434
20.0434
20.0434
20.0434
20.0439
20.0439
20.0439
20.0439
20.0439
20.0447
20.0447
20.0447
20.0447
20.0447
20.0459
20.0459
20.0459
20.0459
20.0459
20.0474
20.0474
20.0474
20.0474
20.0474
20.0491
20.0491
20.0491
20.0491
20.0491
20.0512
20.0512
20.0512
20.0512
20.0512
20.0535
20.0535
20.0535
20.0535
20.0535
20.056
20.056
20.056
20.056
20.056
20.0587
20.0587
20.0587
20.0587
20.0587
20.0616
20.0615
20.0615
20.0615
20.0616
20.0645
20.0645
20.0645
20.0645
20.0645
20.0674
20.0674
20.0674
20.0674
20.0674
20.0704
20.0703
20.0703
20.0703
20.0704
20.0732
20.0732
20.0732
20.0732
20.0732
20.0759
20.0759
20.0759
20.0759
20.0759
20.0979
20.0979
20.0979
20.0979
20.0979
20.0937
20.0937
20.0937
20.0937
20.0937
20.0897
20.0897
20.0897
20.0897
20.0897
20.0857
20.0857
20.0857
20.0857
20.0857
20.0819
20.0819
20.0819
20.0819
20.0819
20.0781
20.0781
20.0781
20.0781
20.0781
20.0745
20.0745
20.0745
20.0745
20.0745
20.0709
20.0709
20.0709
20.0709
20.0709
20.0675
20.0675
20.0675
20.0675
20.0675
20.0642
20.0642
20.0642
20.0642
20.0642
20.0611
20.0611
20.0611
20.0611
20.0611
20.0581
20.0581
20.0581
20.0581
20.0581
20.0552
20.0552
20.0552
20.0552
20.0552
20.0525
20.0525
20.0525
20.0525
20.0525
20.05
20.05
20.05
20.05
20.05
20.0477
20.0477
20.0477
20.0477
20.0477
20.0455
20.0456
20.0456
20.0456
20.0455
20.0436
20.0436
20.0436
20.0436
20.0436
20.042
20.042
20.042
20.042
20.042
20.0406
20.0406
20.0406
20.0406
20.0406
20.0394
20.0394
20.0394
20.0394
20.0394
20.0385
20.0385
20.0385
20.0385
20.0385
20.038
20.038
20.038
20.038
20.038
20.0377
20.0377
20.0377
20.0377
20.0377
20.0378
20.0378
20.0378
20.0378
20.0378
20.0382
20.0382
20.0382
20.0382
20.0382
20.039
20.039
20.039
20.039
20.039
20.0401
20.0401
20.0401
20.0401
20.0401
20.0415
20.0415
20.0415
20.0415
20.0415
20.0432
20.0432
20.0432
20.0432
20.0432
20.0453
20.0453
20.0453
20.0453
20.0453
20.0476
20.0476
20.0476
20.0476
20.0476
20.0502
20.0502
20.0502
20.0502
20.0502
20.053
20.0529
20.0529
20.0529
20.053
20.0559
20.0558
20.0558
20.0558
20.0559
20.0589
20.0588
20.0588
20.0588
20.0589
20.0619
20.0618
20.0618
20.0618
20.0619
20.0648
20.0648
20.0648
20.0648
20.0648
20.0677
20.0677
20.0677
20.0677
20.0677
20.0978
20.0978
20.0978
20.0978
20.0978
20.0936
20.0936
20.0936
20.0936
20.0936
20.0894
20.0894
20.0894
20.0894
20.0894
20.0854
20.0854
20.0854
20.0854
20.0854
20.0814
20.0814
20.0814
20.0814
20.0814
20.0775
20.0775
20.0775
20.0775
20.0775
20.0737
20.0737
20.0737
20.0737
20.0737
20.07
20.07
20.07
20.07
20.07
20.0665
20.0665
20.0665
20.0665
20.0665
20.063
20.063
20.063
20.063
20.063
20.0596
20.0596
20.0596
20.0596
20.0596
20.0564
20.0564
20.0564
20.0564
20.0564
20.0533
20.0533
20.0533
20.0533
20.0533
20.0503
20.0503
20.0503
20.0503
20.0503
20.0475
20.0475
20.0475
20.0475
20.0475
20.0448
20.0448
20.0448
20.0448
20.0448
20.0423
20.0423
20.0423
20.0423
20.0423
20.04
20.04
20.04
20.04
20.04
20.0379
20.0379
20.0379
20.0379
20.0379
20.036
20.036
20.036
20.036
20.036
20.0343
20.0344
20.0344
20.0344
20.0343
20.0329
20.0329
20.033
20.0329
20.0329
20.0318
20.0318
20.0318
20.0318
20.0318
20.031
20.031
20.031
20.031
20.031
20.0305
20.0305
20.0305
20.0305
20.0305
20.0303
20.0303
20.0303
20.0303
20.0303
20.0305
20.0305
20.0305
20.0305
20.0305
20.031
20.031
20.031
20.031
20.031
20.0319
20.0319
20.0319
20.0319
20.0319
20.0331
20.0331
20.0331
20.0331
20.0331
20.0347
20.0347
20.0347
20.0347
20.0347
20.0366
20.0366
20.0366
20.0366
20.0366
20.0389
20.0388
20.0388
20.0388
20.0389
20.0414
20.0413
20.0413
20.0413
20.0414
20.0441
20.044
20.044
20.044
20.0441
20.0469
20.0469
20.0469
20.0469
20.0469
20.0499
20.0499
20.0499
20.0499
20.0499
20.0529
20.0529
20.0529
20.0529
20.0529
20.0559
20.0558
20.0558
20.0558
20.0559
20.0978
20.0978
20.0978
20.0978
20.0978
20.0934
20.0934
20.0934
20.0934
20.0934
20.0892
20.0892
20.0892
20.0892
20.0892
20.085
20.085
20.085
20.085
20.085
20.0809
20.0809
20.0809
20.0809
20.0809
20.0769
20.0769
20.0769
20.0769
20.0769
20.073
20.073
20.073
20.073
20.073
20.0691
20.0691
20.0691
20.0691
20.0691
20.0654
20.0654
20.0654
20.0654
20.0654
20.0617
20.0617
20.0617
20.0617
20.0617
20.0581
20.0581
20.0581
20.0581
20.0581
20.0546
20.0546
20.0546
20.0546
20.0546
20.0513
20.0513
20.0513
20.0513
20.0513
20.048
20.048
20.048
20.048
20.048
20.0448
20.0448
20.0448
20.0448
20.0448
20.0418
20.0418
20.0418
20.0418
20.0418
20.0388
20.0388
20.0388
20.0388
20.0388
20.036
20.036
20.036
20.036
20.036
20.0334
20.0334
20.0334
20.0334
20.0334
20.031
20.031
20.031
20.031
20.031
20.0287
20.0287
20.0287
20.0287
20.0287
20.0266
20.0266
20.0266
20.0266
20.0266
20.0248
20.0248
20.0248
20.0248
20.0248
20.0232
20.0232
20.0232
20.0232
20.0232
20.022
20.022
20.022
20.022
20.022
20.021
20.021
20.021
20.021
20.021
20.0203
20.0203
20.0203
20.0203
20.0203
20.02
20.02
20.02
20.02
20.02
20.0201
20.0201
20.0201
20.0201
20.0201
20.0206
20.0206
20.0206
20.0206
20.0206
20.0214
20.0214
20.0214
20.0214
20.0214
20.0227
20.0227
20.0227
20.0227
20.0227
20.0243
20.0243
20.0243
20.0243
20.0243
20.0263
20.0263
20.0263
20.0263
20.0263
20.0286
20.0285
20.0285
20.0285
20.0286
20.0311
20.0311
20.0311
20.0311
20.0311
20.0339
20.0339
20.0339
20.0339
20.0339
20.0369
20.0369
20.0369
20.0369
20.0369
20.0399
20.0399
20.0399
20.0399
20.0399
20.0978
20.0978
20.0978
20.0978
20.0978
20.0933
20.0933
20.0933
20.0933
20.0933
20.0889
20.0889
20.0889
20.0889
20.0889
20.0846
20.0846
20.0846
20.0846
20.0846
20.0804
20.0804
20.0804
20.0804
20.0804
20.0763
20.0763
20.0763
20.0763
20.0763
20.0722
20.0722
20.0722
20.0722
20.0722
20.0682
20.0682
20.0682
20.0682
20.0682
20.0643
20.0643
20.0643
20.0643
20.0643
20.0604
20.0604
20.0604
20.0604
20.0604
20.0566
20.0566
20.0566
20.0566
20.0566
20.0528
20.0528
20.0528
20.0528
20.0528
20.0492
20.0492
20.0492
20.0492
20.0492
20.0455
20.0455
20.0455
20.0455
20.0455
20.042
20.042
20.042
20.042
20.042
20.0385
20.0385
20.0385
20.0385
20.0385
20.0351
20.0351
20.0351
20.0351
20.0351
20.0318
20.0318
20.0318
20.0318
20.0318
20.0286
20.0286
20.0286
20.0286
20.0286
20.0255
20.0255
20.0255
20.0255
20.0255
20.0225
20.0225
20.0225
20.0225
20.0225
20.0197
20.0197
20.0197
20.0197
20.0197
20.017
20.017
20.017
20.017
20.017
20.0145
20.0145
20.0145
20.0145
20.0145
20.0123
20.0123
20.0123
20.0123
20.0123
20.0103
20.0103
20.0103
20.0103
20.0103
20.0085
20.0086
20.0086
20.0086
20.0085
20.0071
20.0072
20.0072
20.0072
20.0071
20.0061
20.0061
20.0061
20.0061
20.0061
20.0054
20.0054
20.0054
20.0054
20.0054
20.0051
20.0051
20.0051
20.0051
20.0051
20.0053
20.0053
20.0053
20.0053
20.0053
20.0059
20.0058
20.0058
20.0058
20.0059
20.0069
20.0069
20.0069
20.0069
20.0069
20.0083
20.0083
20.0083
20.0083
20.0083
20.0102
20.0101
20.0101
20.0101
20.0102
20.0124
20.0123
20.0123
20.0123
20.0124
20.0149
20.0148
20.0148
20.0148
20.0149
20.0177
20.0175
20.0175
20.0175
20.0177
20.0977
20.0977
20.0977
20.0977
20.0977
20.0931
20.0931
20.0931
20.0931
20.0931
20.0887
20.0887
20.0887
20.0887
20.0887
20.0842
20.0842
20.0842
20.0842
20.0842
20.0799
20.0799
20.0799
20.0799
20.0799
20.0756
20.0756
20.0756
20.0756
20.0756
20.0714
20.0714
20.0714
20.0714
20.0714
20.0673
20.0673
20.0673
20.0673
20.0673
20.0632
20.0632
20.0631
20.0632
20.0632
20.0591
20.0591
20.0591
20.0591
20.0591
20.055
20.055
20.055
20.055
20.055
20.051
20.051
20.051
20.051
20.051
20.047
20.047
20.047
20.047
20.047
20.0431
20.0431
20.0431
20.0431
20.0431
20.0391
20.0391
20.0391
20.0391
20.0391
20.0352
20.0352
20.0352
20.0352
20.0352
20.0313
20.0313
20.0313
20.0313
20.0313
20.0274
20.0274
20.0274
20.0274
20.0274
20.0236
20.0236
20.0236
20.0236
20.0236
20.0197
20.0198
20.0198
20.0198
20.0197
20.016
20.016
20.016
20.016
20.016
20.0122
20.0122
20.0122
20.0122
20.0122
20.0086
20.0086
20.0086
20.0086
20.0086
20.005
20.005
20.005
20.005
20.005
20.0015
20.0015
20.0015
20.0015
20.0015
19.9982
19.9982
19.9982
19.9982
19.9982
19.9951
19.9951
19.9951
19.9951
19.9951
19.9922
19.9922
19.9922
19.9922
19.9922
19.9896
19.9896
19.9896
19.9896
19.9896
19.9873
19.9873
19.9873
19.9873
19.9873
19.9853
19.9853
19.9853
19.9853
19.9853
19.9838
19.9838
19.9838
19.9838
19.9838
19.9828
19.9828
19.9828
19.9828
19.9828
19.9824
19.9824
19.9824
19.9824
19.9824
19.9825
19.9825
19.9826
19.9825
19.9825
19.9833
19.9834
19.9834
19.9834
19.9833
19.9849
19.985
19.985
19.985
19.9849
19.9872
19.9874
19.9874
19.9874
19.9872
19.9903
19.9905
19.9905
19.9905
19.9903
20.0977
20.0977
20.0977
20.0977
20.0977
20.093
20.093
20.093
20.093
20.093
20.0884
20.0884
20.0884
20.0884
20.0884
20.0839
20.0839
20.0839
20.0839
20.0839
20.0794
20.0794
20.0794
20.0794
20.0794
20.075
20.075
20.075
20.075
20.075
20.0707
20.0707
20.0707
20.0707
20.0707
20.0664
20.0664
20.0664
20.0664
20.0664
20.0621
20.0621
20.0621
20.0621
20.0621
20.0578
20.0578
20.0578
20.0578
20.0578
20.0535
20.0535
20.0535
20.0535
20.0535
20.0493
20.0493
20.0493
20.0493
20.0493
20.045
20.045
20.045
20.045
20.045
20.0407
20.0407
20.0407
20.0407
20.0407
20.0363
20.0363
20.0363
20.0363
20.0363
20.032
20.032
20.032
20.032
20.032
20.0275
20.0275
20.0275
20.0275
20.0275
20.023
20.023
20.023
20.023
20.023
20.0185
20.0185
20.0185
20.0185
20.0185
20.0139
20.0139
20.0139
20.0139
20.0139
20.0092
20.0092
20.0092
20.0092
20.0092
20.0044
20.0045
20.0044
20.0045
20.0044
19.9996
19.9996
19.9996
19.9996
19.9996
19.9948
19.9948
19.9948
19.9948
19.9948
19.9899
19.9899
19.9899
19.9899
19.9899
19.9849
19.985
19.985
19.985
19.9849
19.98
19.9801
19.9801
19.9801
19.98
19.9752
19.9752
19.9752
19.9752
19.9752
19.9705
19.9705
19.9705
19.9705
19.9705
19.9659
19.9659
19.9659
19.9659
19.9659
19.9615
19.9616
19.9616
19.9616
19.9615
19.9575
19.9575
19.9575
19.9575
19.9575
19.9539
19.9539
19.9539
19.9539
19.9539
19.9507
19.9507
19.9507
19.9507
19.9507
19.9481
19.948
19.948
19.948
19.9481
19.9462
19.9459
19.9459
19.9459
19.9462
19.9449
19.9444
19.9444
19.9444
19.9449
19.9444
19.9438
19.9437
19.9438
19.9444
19.9451
19.9443
19.9442
19.9443
19.9451
20.0976
20.0976
20.0976
20.0976
20.0976
20.0929
20.0929
20.0929
20.0929
20.0929
20.0882
20.0882
20.0882
20.0882
20.0882
20.0836
20.0836
20.0836
20.0836
20.0836
20.079
20.079
20.079
20.079
20.079
20.0745
20.0745
20.0745
20.0745
20.0745
20.07
20.07
20.07
20.07
20.07
20.0655
20.0655
20.0655
20.0655
20.0655
20.0611
20.0611
20.0611
20.0611
20.0611
20.0566
20.0566
20.0566
20.0566
20.0566
20.0521
20.0521
20.0521
20.0521
20.0521
20.0476
20.0476
20.0476
20.0476
20.0476
20.0431
20.0431
20.0431
20.0431
20.0431
20.0384
20.0384
20.0384
20.0384
20.0384
20.0337
20.0337
20.0337
20.0337
20.0337
20.0289
20.0289
20.0289
20.0289
20.0289
20.0239
20.0239
20.0239
20.0239
20.0239
20.0188
20.0188
20.0188
20.0188
20.0188
20.0136
20.0136
20.0135
20.0136
20.0136
20.0081
20.0081
20.0081
20.0081
20.0081
20.0025
20.0025
20.0025
20.0025
20.0025
19.9966
19.9966
19.9966
19.9966
19.9966
19.9905
19.9906
19.9906
19.9906
19.9905
19.9842
19.9842
19.9842
19.9842
19.9842
19.9776
19.9777
19.9776
19.9777
19.9776
19.9708
19.9708
19.9708
19.9708
19.9708
19.9637
19.9637
19.9637
19.9637
19.9637
19.9564
19.9564
19.9564
19.9564
19.9564
19.9488
19.9489
19.9489
19.9489
19.9488
19.9412
19.9413
19.9413
19.9413
19.9412
19.9335
19.9335
19.9335
19.9335
19.9335
19.9258
19.9259
19.9259
19.9259
19.9258
19.9184
19.9185
19.9185
19.9185
19.9184
19.9114
19.9117
19.9117
19.9117
19.9114
19.9054
19.9057
19.9058
19.9057
19.9054
19.9008
19.9013
19.9014
19.9013
19.9008
19.8981
19.899
19.899
19.899
19.8981
19.8981
19.8992
19.8993
19.8992
19.8981
19.9014
19.9026
19.9027
19.9026
19.9014
20.0976
20.0976
20.0976
20.0976
20.0976
20.0927
20.0927
20.0927
20.0927
20.0927
20.088
20.088
20.088
20.088
20.088
20.0833
20.0833
20.0833
20.0833
20.0833
20.0786
20.0786
20.0786
20.0786
20.0786
20.074
20.074
20.074
20.074
20.074
20.0694
20.0694
20.0694
20.0694
20.0694
20.0648
20.0648
20.0648
20.0648
20.0648
20.0602
20.0602
20.0602
20.0602
20.0602
20.0556
20.0556
20.0556
20.0556
20.0556
20.0509
20.0509
20.0509
20.0509
20.0509
20.0462
20.0462
20.0462
20.0462
20.0462
20.0414
20.0414
20.0414
20.0414
20.0414
20.0364
20.0364
20.0364
20.0364
20.0364
20.0314
20.0313
20.0313
20.0313
20.0314
20.0261
20.0261
20.0261
20.0261
20.0261
20.0207
20.0206
20.0206
20.0206
20.0207
20.015
20.015
20.015
20.015
20.015
20.009
20.009
20.009
20.009
20.009
20.0028
20.0028
20.0028
20.0028
20.0028
19.9962
19.9962
19.9962
19.9962
19.9962
19.9892
19.9892
19.9892
19.9892
19.9892
19.9818
19.9818
19.9818
19.9818
19.9818
19.9739
19.9739
19.9739
19.9739
19.9739
19.9655
19.9655
19.9655
19.9655
19.9655
19.9564
19.9564
19.9564
19.9564
19.9564
19.9467
19.9468
19.9468
19.9468
19.9467
19.9363
19.9364
19.9364
19.9364
19.9363
19.9253
19.9253
19.9253
19.9253
19.9253
19.9134
19.9135
19.9135
19.9135
19.9134
19.9009
19.901
19.901
19.901
19.9009
19.8876
19.8877
19.8877
19.8877
19.8876
19.8738
19.8738
19.8738
19.8738
19.8738
19.8592
19.8591
19.8591
19.8591
19.8592
19.8439
19.8435
19.8435
19.8435
19.8439
19.8277
19.8268
19.8268
19.8268
19.8277
19.8104
19.8089
19.8088
19.8089
19.8104
19.7928
19.7906
19.7906
19.7906
19.7928
19.7784
19.7756
19.7756
19.7756
19.7784
20.0976
20.0976
20.0976
20.0976
20.0976
20.0927
20.0926
20.0926
20.0926
20.0927
20.0878
20.0878
20.0878
20.0878
20.0878
20.0831
20.0831
20.0831
20.0831
20.0831
20.0783
20.0783
20.0783
20.0783
20.0783
20.0736
20.0736
20.0736
20.0736
20.0736
20.069
20.069
20.069
20.069
20.069
20.0643
20.0643
20.0643
20.0643
20.0643
20.0596
20.0596
20.0596
20.0596
20.0596
20.0548
20.0548
20.0548
20.0548
20.0548
20.05
20.05
20.05
20.05
20.05
20.0451
20.0451
20.0451
20.0451
20.0451
20.0401
20.0401
20.0401
20.0401
20.0401
20.0349
20.0349
20.0349
20.0349
20.0349
20.0295
20.0295
20.0295
20.0295
20.0295
20.0239
20.0239
20.0239
20.0239
20.0239
20.0181
20.0181
20.0181
20.0181
20.0181
20.0119
20.0119
20.0119
20.0119
20.0119
20.0054
20.0054
20.0054
20.0054
20.0054
19.9984
19.9984
19.9984
19.9984
19.9984
19.991
19.9909
19.9909
19.9909
19.991
19.9829
19.9829
19.9829
19.9829
19.9829
19.9743
19.9742
19.9742
19.9742
19.9743
19.9648
19.9648
19.9648
19.9648
19.9648
19.9544
19.9544
19.9544
19.9544
19.9544
19.9431
19.943
19.943
19.943
19.9431
19.9305
19.9305
19.9305
19.9305
19.9305
19.9166
19.9166
19.9166
19.9166
19.9166
19.9012
19.9012
19.9012
19.9012
19.9012
19.8841
19.8842
19.8842
19.8842
19.8841
19.8652
19.8653
19.8654
19.8653
19.8652
19.8444
19.8447
19.8447
19.8447
19.8444
19.8218
19.8222
19.8223
19.8222
19.8218
19.7979
19.7986
19.7987
19.7986
19.7979
19.7737
19.7749
19.775
19.7749
19.7737
19.7512
19.7531
19.7532
19.7531
19.7512
19.733
19.7359
19.736
19.7359
19.733
19.7184
19.7217
19.7218
19.7217
19.7184
19.7161
19.7198
19.7198
19.7198
19.7161
20.0976
20.0976
20.0976
20.0976
20.0976
20.0926
20.0926
20.0926
20.0926
20.0926
20.0877
20.0877
20.0877
20.0877
20.0877
20.0829
20.0829
20.0829
20.0829
20.0829
20.0782
20.0781
20.0781
20.0781
20.0782
20.0734
20.0734
20.0734
20.0734
20.0734
20.0687
20.0687
20.0687
20.0687
20.0687
20.0639
20.0639
20.0639
20.0639
20.0639
20.0592
20.0592
20.0592
20.0592
20.0592
20.0543
20.0543
20.0543
20.0543
20.0543
20.0494
20.0494
20.0494
20.0494
20.0494
20.0444
20.0444
20.0444
20.0444
20.0444
20.0392
20.0392
20.0392
20.0392
20.0392
20.0339
20.0339
20.0339
20.0339
20.0339
20.0283
20.0283
20.0283
20.0283
20.0283
20.0225
20.0225
20.0225
20.0225
20.0225
20.0164
20.0164
20.0164
20.0164
20.0164
20.0099
20.0099
20.0099
20.0099
20.0099
20.003
20.0029
20.0029
20.0029
20.003
19.9955
19.9955
19.9955
19.9955
19.9955
19.9874
19.9874
19.9874
19.9874
19.9874
19.9786
19.9785
19.9785
19.9785
19.9786
19.9689
19.9688
19.9688
19.9688
19.9689
19.9581
19.9581
19.9581
19.9581
19.9581
19.9461
19.9461
19.9461
19.9461
19.9461
19.9326
19.9326
19.9326
19.9326
19.9326
19.9173
19.9173
19.9173
19.9173
19.9173
19.8999
19.8999
19.8999
19.8999
19.8999
19.8798
19.8798
19.8798
19.8798
19.8798
19.8566
19.8567
19.8567
19.8567
19.8566
19.8296
19.8297
19.8298
19.8297
19.8296
19.7981
19.7983
19.7983
19.7983
19.7981
19.7612
19.7613
19.7613
19.7613
19.7612
19.7175
19.7174
19.7174
19.7174
19.7175
19.6648
19.6642
19.6641
19.6642
19.6648
19.5989
19.5973
19.5972
19.5973
19.5989
19.5105
19.5075
19.5072
19.5075
19.5105
19.3977
19.394
19.3939
19.394
19.3977
19.2561
19.2503
19.2504
19.2503
19.2561
20.0976
20.0976
20.0976
20.0976
20.0976
20.0926
20.0926
20.0926
20.0926
20.0926
20.0877
20.0877
20.0877
20.0877
20.0877
20.0829
20.0829
20.0829
20.0829
20.0829
20.0781
20.0781
20.0781
20.0781
20.0781
20.0733
20.0733
20.0733
20.0733
20.0733
20.0686
20.0686
20.0686
20.0686
20.0686
20.0638
20.0638
20.0638
20.0638
20.0638
20.059
20.059
20.059
20.059
20.059
20.0542
20.0542
20.0542
20.0542
20.0542
20.0492
20.0492
20.0492
20.0492
20.0492
20.0442
20.0441
20.0441
20.0441
20.0442
20.039
20.0389
20.0389
20.0389
20.039
20.0336
20.0335
20.0335
20.0335
20.0336
20.0279
20.0279
20.0279
20.0279
20.0279
20.022
20.022
20.022
20.022
20.022
20.0158
20.0157
20.0157
20.0157
20.0158
20.0091
20.0091
20.0091
20.0091
20.0091
20.002
20.0019
20.0019
20.0019
20.002
19.9943
19.9942
19.9942
19.9942
19.9943
19.9859
19.9858
19.9858
19.9858
19.9859
19.9766
19.9765
19.9765
19.9765
19.9766
19.9663
19.9662
19.9662
19.9662
19.9663
19.9548
19.9547
19.9547
19.9547
19.9548
19.9418
19.9416
19.9416
19.9416
19.9418
19.9268
19.9266
19.9266
19.9266
19.9268
19.9095
19.9093
19.9093
19.9093
19.9095
19.8893
19.8889
19.889
19.8889
19.8893
19.8652
19.8648
19.8649
19.8648
19.8652
19.8363
19.8358
19.8359
19.8358
19.8363
19.8011
19.8006
19.8007
19.8006
19.8011
19.7576
19.7572
19.7573
19.7572
19.7576
19.7037
19.7034
19.7036
19.7034
19.7037
19.6365
19.6368
19.637
19.6368
19.6365
19.5553
19.557
19.5572
19.557
19.5553
19.4622
19.4655
19.4657
19.4655
19.4622
19.3734
19.3804
19.3805
19.3804
19.3734
19.2597
19.2658
19.2657
19.2658
19.2597
19.2136
19.2278
19.2279
19.2278
19.2136
20.0976
20.0976
20.0976
20.0976
20.0976
20.0926
20.0926
20.0926
20.0926
20.0926
20.0877
20.0877
20.0877
20.0877
20.0877
20.0829
20.0829
20.0829
20.0829
20.0829
20.0781
20.0781
20.0781
20.0781
20.0781
20.0734
20.0734
20.0734
20.0734
20.0734
20.0687
20.0687
20.0687
20.0687
20.0687
20.064
20.064
20.064
20.064
20.064
20.0592
20.0592
20.0592
20.0592
20.0592
20.0544
20.0544
20.0544
20.0544
20.0544
20.0496
20.0496
20.0496
20.0496
20.0496
20.0446
20.0446
20.0446
20.0446
20.0446
20.0395
20.0394
20.0394
20.0394
20.0395
20.0342
20.0341
20.0341
20.0341
20.0342
20.0286
20.0286
20.0286
20.0286
20.0286
20.0229
20.0229
20.0229
20.0229
20.0229
20.0168
20.0168
20.0168
20.0168
20.0168
20.0103
20.0103
20.0103
20.0103
20.0103
20.0034
20.0034
20.0034
20.0034
20.0034
19.996
19.9959
19.9959
19.9959
19.996
19.9878
19.9878
19.9878
19.9878
19.9878
19.9789
19.9789
19.9789
19.9789
19.9789
19.9691
19.9691
19.969
19.9691
19.9691
19.958
19.958
19.958
19.958
19.958
19.9455
19.9455
19.9455
19.9455
19.9455
19.9311
19.9311
19.9311
19.9311
19.9311
19.9143
19.9143
19.9143
19.9143
19.9143
19.8944
19.8944
19.8944
19.8944
19.8944
19.8704
19.8704
19.8704
19.8704
19.8704
19.8409
19.8408
19.8409
19.8408
19.8409
19.8035
19.8035
19.8035
19.8035
19.8035
19.7549
19.7548
19.7549
19.7548
19.7549
19.6894
19.6892
19.6893
19.6892
19.6894
19.5972
19.5967
19.5969
19.5967
19.5972
19.4587
19.4578
19.4579
19.4578
19.4587
19.2366
19.2358
19.2359
19.2358
19.2366
18.8253
18.8245
18.8242
18.8245
18.8253
18.1163
18.1188
18.1176
18.1188
18.1163
16.5643
16.5565
16.554
16.5565
16.5643
20.0848
20.0847
20.0847
20.0847
20.0848
20.0875
20.0874
20.0874
20.0874
20.0875
20.0892
20.0891
20.0891
20.0891
20.0892
20.0905
20.0905
20.0905
20.0905
20.0905
20.0906
20.0906
20.0906
20.0906
20.0906
20.0887
20.0886
20.0886
20.0886
20.0887
20.0842
20.0841
20.0841
20.0841
20.0842
20.0766
20.0766
20.0766
20.0766
20.0766
20.0653
20.0653
20.0653
20.0653
20.0653
20.0502
20.0503
20.0503
20.0503
20.0502
20.0287
20.0285
20.0285
20.0285
20.0287
20.0044
20.0047
20.0048
20.0047
20.0044
19.9611
19.9603
19.9603
19.9603
19.9611
19.9291
19.9302
19.9303
19.9302
19.9291
19.8214
19.8192
19.8193
19.8192
19.8214
19.7711
19.7735
19.7736
19.7735
19.7712
19.448
19.4459
19.4461
19.4459
19.448
18.9881
18.9881
18.9884
18.9881
18.9881
16.4685
16.4661
16.4642
16.4661
16.4685
20.0834
20.0833
20.0833
20.0833
20.0834
20.0861
20.0861
20.0861
20.0861
20.0861
20.0878
20.0878
20.0878
20.0878
20.0878
20.0892
20.0891
20.0891
20.0891
20.0892
20.0891
20.0891
20.0891
20.0891
20.0891
20.087
20.087
20.087
20.087
20.087
20.0824
20.0823
20.0823
20.0823
20.0824
20.0746
20.0746
20.0746
20.0746
20.0746
20.0632
20.0632
20.0631
20.0632
20.0632
20.0479
20.0479
20.0479
20.0479
20.0479
20.0259
20.0257
20.0257
20.0257
20.0259
20.0009
20.0012
20.0012
20.0012
20.0009
19.9553
19.9544
19.9544
19.9544
19.9553
19.921
19.9222
19.9222
19.9222
19.921
19.8016
19.7992
19.7994
19.7992
19.8016
19.7304
19.7313
19.7314
19.7313
19.7304
19.3651
19.3655
19.3657
19.3655
19.3651
18.4635
18.4616
18.4624
18.4616
18.4635
17.4284
17.4575
17.4566
17.4575
17.4284
20.0819
20.0819
20.0819
20.0819
20.0819
20.0847
20.0847
20.0847
20.0847
20.0847
20.0864
20.0864
20.0864
20.0864
20.0864
20.0877
20.0876
20.0876
20.0876
20.0877
20.0875
20.0875
20.0875
20.0875
20.0875
20.0852
20.0852
20.0852
20.0852
20.0852
20.0804
20.0804
20.0804
20.0804
20.0804
20.0725
20.0725
20.0725
20.0725
20.0725
20.0609
20.0609
20.0609
20.0609
20.0609
20.0454
20.0454
20.0454
20.0454
20.0454
20.0231
20.0229
20.0229
20.0229
20.0231
19.9973
19.9976
19.9976
19.9976
19.9973
19.9505
19.9496
19.9496
19.9496
19.9505
19.914
19.9152
19.9153
19.9152
19.914
19.7845
19.7818
19.782
19.7818
19.7845
19.7195
19.7211
19.7211
19.7211
19.7195
19.2741
19.2728
19.2731
19.2728
19.2741
18.415
18.413
18.4136
18.413
18.415
16.6112
16.6361
16.6351
16.6361
16.6112
20.0804
20.0804
20.0804
20.0804
20.0804
20.0832
20.0832
20.0832
20.0832
20.0832
20.0849
20.0849
20.0849
20.0849
20.0849
20.086
20.086
20.086
20.086
20.086
20.0857
20.0857
20.0857
20.0857
20.0857
20.0833
20.0833
20.0833
20.0833
20.0833
20.0783
20.0783
20.0783
20.0783
20.0783
20.0703
20.0703
20.0703
20.0703
20.0703
20.0585
20.0585
20.0585
20.0585
20.0585
20.0428
20.0428
20.0428
20.0428
20.0428
20.0204
20.0202
20.0202
20.0202
20.0204
19.9938
19.9941
19.9941
19.9941
19.9938
19.9471
19.9462
19.9461
19.9462
19.9471
19.9075
19.9088
19.9089
19.9088
19.9075
19.7752
19.7723
19.7724
19.7723
19.7752
19.7217
19.725
19.725
19.725
19.7217
19.2094
19.204
19.2043
19.204
19.2094
18.8291
18.829
18.829
18.829
18.8291
14.9241
14.9079
14.9055
14.9079
14.9241
4.06918
4.00355
3.99951
4.00356
4.06918
7.57895
7.51961
7.51439
7.51961
7.57895
8.33878
8.2792
8.27342
8.27921
8.33879
6.02094
5.96263
5.95835
5.96263
6.02094
1.6137
1.6103
1.61025
1.6103
1.61371
3.49617
3.46045
3.45842
3.46045
3.49618
3.99283
3.95299
3.95043
3.953
3.99284
2.79173
2.78361
2.78294
2.78361
2.79174
1.16906
1.18718
1.18856
1.18718
1.16906
1.63625
1.65374
1.6559
1.65374
1.63626
1.85504
1.87068
1.87269
1.87068
1.85504
1.66718
1.68516
1.68667
1.68516
1.66718
0.49067
0.497829
0.498407
0.497829
0.490671
0.614335
0.631613
0.633121
0.631614
0.614336
0.674451
0.692605
0.694209
0.692605
0.674452
0.622368
0.63198
0.632825
0.631981
0.622369
20.0938
20.0938
20.0937
20.0938
20.0938
20.0953
20.0953
20.0953
20.0953
20.0953
20.0975
20.0975
20.0975
20.0975
20.0975
20.0995
20.0995
20.0995
20.0995
20.0995
20.1003
20.1004
20.1004
20.1004
20.1003
20.0993
20.0993
20.0993
20.0993
20.0993
20.0956
20.0957
20.0957
20.0957
20.0956
20.089
20.0891
20.0891
20.0891
20.089
20.0789
20.079
20.079
20.079
20.0789
20.0651
20.0653
20.0653
20.0653
20.0651
20.0473
20.0474
20.0474
20.0474
20.0473
20.0259
20.0262
20.0261
20.0262
20.0259
19.9998
19.9996
19.9996
19.9996
19.9998
19.9737
19.9742
19.9742
19.9742
19.9737
19.9401
19.9392
19.9392
19.9392
19.9401
19.9199
19.9205
19.9206
19.9205
19.9199
19.89
19.8888
19.8888
19.8888
19.89
19.8793
19.879
19.8791
19.879
19.8793
19.8771
19.8765
19.8765
19.8765
19.8771
20.0902
20.0901
20.0901
20.0901
20.0902
20.0921
20.092
20.092
20.092
20.0921
20.0937
20.0936
20.0936
20.0936
20.0937
20.0951
20.095
20.095
20.095
20.0951
20.0953
20.0952
20.0952
20.0952
20.0953
20.0937
20.0936
20.0936
20.0936
20.0937
20.0897
20.0895
20.0895
20.0895
20.0897
20.0826
20.0825
20.0825
20.0825
20.0826
20.0721
20.0719
20.0719
20.0719
20.0721
20.0578
20.0577
20.0577
20.0577
20.0578
20.039
20.0388
20.0388
20.0388
20.039
20.0169
20.017
20.017
20.017
20.0169
19.9874
19.9869
19.9869
19.9869
19.9874
19.9615
19.9624
19.9625
19.9624
19.9615
19.9199
19.9186
19.9186
19.9186
19.9199
19.9092
19.9113
19.9113
19.9113
19.9092
19.8666
19.8644
19.8644
19.8644
19.8666
19.8983
19.9018
19.9019
19.9018
19.8983
19.8201
19.8183
19.8184
19.8183
19.8201
20.088
20.0879
20.0879
20.0879
20.088
20.0902
20.0902
20.0902
20.0902
20.0902
20.092
20.0919
20.0919
20.0919
20.092
20.0933
20.0933
20.0933
20.0933
20.0933
20.0936
20.0936
20.0935
20.0936
20.0936
20.0919
20.0919
20.0919
20.0919
20.0919
20.0877
20.0877
20.0877
20.0877
20.0877
20.0804
20.0804
20.0804
20.0804
20.0804
20.0696
20.0696
20.0696
20.0696
20.0696
20.055
20.055
20.055
20.055
20.055
20.035
20.0349
20.0349
20.0349
20.035
20.0119
20.0122
20.0123
20.0122
20.0119
19.9766
19.9759
19.9759
19.9759
19.9766
19.9479
19.9491
19.9491
19.9491
19.9479
19.8777
19.8758
19.8759
19.8758
19.8777
19.8563
19.859
19.859
19.859
19.8563
19.7169
19.7149
19.715
19.7149
19.7169
19.7441
19.7476
19.7471
19.7476
19.7441
19.4166
19.4151
19.4139
19.4151
19.4166
20.0862
20.0862
20.0862
20.0862
20.0862
20.0888
20.0887
20.0887
20.0887
20.0888
20.0905
20.0905
20.0904
20.0905
20.0905
20.0919
20.0919
20.0919
20.0919
20.0919
20.092
20.092
20.092
20.092
20.092
20.0902
20.0902
20.0902
20.0902
20.0902
20.0858
20.0858
20.0858
20.0858
20.0858
20.0784
20.0784
20.0784
20.0784
20.0784
20.0674
20.0673
20.0673
20.0673
20.0674
20.0525
20.0525
20.0525
20.0525
20.0525
20.0316
20.0314
20.0314
20.0314
20.0316
20.008
20.0082
20.0083
20.0082
20.008
19.9679
19.967
19.967
19.967
19.9679
19.9377
19.9389
19.939
19.9389
19.9377
19.8448
19.8426
19.8427
19.8426
19.8448
19.817
19.8205
19.8205
19.8205
19.817
19.5389
19.5361
19.5365
19.5361
19.5389
19.5826
19.5934
19.5933
19.5934
19.5826
18.0537
18.0536
18.0516
18.0536
18.0537
)
;

boundaryField
{
    empty
    {
        type            empty;
    }
    top
    {
        type            fixedValue;
        value           uniform 20.1;
    }
    fixedwall
    {
        type            zeroGradient;
    }
    outlet
    {
        type            fixedValue;
        value           uniform 0;
    }
}


// ************************************************************************* //
