/*--------------------------------*- C++ -*----------------------------------*\
  =========                 |
  \\      /  F ield         | OpenFOAM: The Open Source CFD Toolbox
   \\    /   O peration     | Website:  https://openfoam.org
    \\  /    A nd           | Version:  9
     \\/     M anipulation  |
\*---------------------------------------------------------------------------*/
FoamFile
{
    format      ascii;
    class       volScalarField;
    location    "0.8";
    object      p;
}
// * * * * * * * * * * * * * * * * * * * * * * * * * * * * * * * * * * * * * //

dimensions      [0 2 -2 0 0 0 0];

internalField   nonuniform List<scalar> 
4545
(
20.0978
20.0978
20.0978
20.0978
20.0978
20.0935
20.0936
20.0936
20.0936
20.0935
20.0894
20.0894
20.0894
20.0894
20.0894
20.0853
20.0853
20.0853
20.0853
20.0853
20.0814
20.0814
20.0814
20.0814
20.0814
20.0776
20.0776
20.0776
20.0776
20.0776
20.0739
20.0739
20.0739
20.0739
20.0739
20.0704
20.0704
20.0704
20.0704
20.0704
20.0671
20.0671
20.0671
20.0671
20.0671
20.0639
20.0639
20.0639
20.0639
20.0639
20.0609
20.0609
20.0609
20.0609
20.0609
20.0581
20.0581
20.0581
20.0581
20.0581
20.0555
20.0555
20.0555
20.0555
20.0555
20.0532
20.0532
20.0532
20.0532
20.0532
20.0511
20.0511
20.0511
20.0511
20.0511
20.0493
20.0493
20.0493
20.0493
20.0493
20.0477
20.0477
20.0477
20.0477
20.0477
20.0463
20.0463
20.0463
20.0463
20.0463
20.0453
20.0453
20.0453
20.0453
20.0453
20.0445
20.0445
20.0445
20.0445
20.0445
20.044
20.044
20.044
20.044
20.044
20.0437
20.0437
20.0437
20.0437
20.0437
20.0438
20.0438
20.0438
20.0438
20.0438
20.0441
20.0441
20.0441
20.0441
20.0441
20.0446
20.0446
20.0446
20.0446
20.0446
20.0454
20.0454
20.0454
20.0454
20.0454
20.0465
20.0465
20.0465
20.0465
20.0465
20.0477
20.0477
20.0477
20.0477
20.0477
20.0491
20.0491
20.0491
20.0491
20.0491
20.0507
20.0507
20.0507
20.0507
20.0507
20.0525
20.0524
20.0524
20.0524
20.0525
20.0543
20.0543
20.0543
20.0543
20.0543
20.0562
20.0562
20.0562
20.0562
20.0562
20.0582
20.0582
20.0582
20.0582
20.0582
20.0602
20.0601
20.0601
20.0601
20.0602
20.0622
20.0621
20.0621
20.0621
20.0622
20.0641
20.0641
20.0641
20.0641
20.0641
20.066
20.066
20.066
20.066
20.066
20.0679
20.0679
20.0679
20.0679
20.0679
20.0978
20.0978
20.0978
20.0978
20.0978
20.0936
20.0936
20.0936
20.0936
20.0936
20.0894
20.0894
20.0894
20.0894
20.0894
20.0854
20.0854
20.0854
20.0854
20.0854
20.0815
20.0815
20.0815
20.0815
20.0815
20.0777
20.0777
20.0777
20.0777
20.0777
20.074
20.074
20.074
20.074
20.074
20.0706
20.0706
20.0706
20.0706
20.0706
20.0672
20.0672
20.0672
20.0672
20.0672
20.0641
20.0641
20.0641
20.0641
20.0641
20.0612
20.0612
20.0612
20.0612
20.0612
20.0584
20.0584
20.0584
20.0584
20.0584
20.0559
20.0559
20.0559
20.0559
20.0559
20.0536
20.0537
20.0537
20.0537
20.0536
20.0516
20.0516
20.0516
20.0516
20.0516
20.0498
20.0499
20.0499
20.0499
20.0498
20.0483
20.0483
20.0483
20.0483
20.0483
20.0471
20.0471
20.0471
20.0471
20.0471
20.0461
20.0461
20.0461
20.0461
20.0461
20.0455
20.0455
20.0455
20.0455
20.0455
20.0451
20.0451
20.0451
20.0451
20.0451
20.0449
20.045
20.045
20.045
20.0449
20.0451
20.0451
20.0451
20.0451
20.0451
20.0456
20.0456
20.0456
20.0456
20.0456
20.0462
20.0463
20.0463
20.0463
20.0462
20.0472
20.0472
20.0472
20.0472
20.0472
20.0484
20.0484
20.0484
20.0484
20.0484
20.0497
20.0498
20.0498
20.0498
20.0497
20.0513
20.0513
20.0513
20.0513
20.0513
20.053
20.0531
20.0531
20.0531
20.053
20.0549
20.0549
20.0549
20.0549
20.0549
20.0569
20.0569
20.0569
20.0569
20.0569
20.0589
20.0589
20.0589
20.0589
20.0589
20.061
20.061
20.061
20.061
20.061
20.0631
20.0631
20.0631
20.0631
20.0631
20.0652
20.0652
20.0652
20.0652
20.0652
20.0672
20.0672
20.0672
20.0672
20.0672
20.0692
20.0692
20.0692
20.0692
20.0692
20.0711
20.0711
20.0711
20.0711
20.0711
20.0978
20.0978
20.0978
20.0978
20.0978
20.0935
20.0936
20.0936
20.0936
20.0935
20.0894
20.0894
20.0894
20.0894
20.0894
20.0853
20.0853
20.0853
20.0853
20.0853
20.0814
20.0814
20.0814
20.0814
20.0814
20.0776
20.0776
20.0776
20.0776
20.0776
20.074
20.074
20.074
20.074
20.074
20.0705
20.0705
20.0705
20.0705
20.0705
20.0671
20.0671
20.0671
20.0671
20.0671
20.064
20.064
20.064
20.064
20.064
20.061
20.061
20.061
20.061
20.061
20.0583
20.0583
20.0583
20.0583
20.0583
20.0558
20.0558
20.0558
20.0558
20.0558
20.0535
20.0535
20.0535
20.0535
20.0535
20.0514
20.0514
20.0514
20.0514
20.0514
20.0497
20.0497
20.0497
20.0497
20.0497
20.0481
20.0481
20.0481
20.0481
20.0481
20.0469
20.0469
20.0469
20.0469
20.0469
20.046
20.0459
20.0459
20.0459
20.046
20.0453
20.0453
20.0453
20.0453
20.0453
20.0449
20.0449
20.0449
20.0449
20.0449
20.0448
20.0448
20.0448
20.0448
20.0448
20.045
20.045
20.045
20.045
20.045
20.0455
20.0455
20.0455
20.0455
20.0455
20.0463
20.0463
20.0463
20.0463
20.0463
20.0473
20.0473
20.0473
20.0473
20.0473
20.0485
20.0485
20.0485
20.0485
20.0485
20.05
20.05
20.05
20.05
20.05
20.0517
20.0517
20.0517
20.0517
20.0517
20.0535
20.0535
20.0535
20.0535
20.0535
20.0555
20.0555
20.0555
20.0555
20.0555
20.0576
20.0576
20.0576
20.0576
20.0576
20.0598
20.0598
20.0598
20.0598
20.0598
20.062
20.062
20.062
20.062
20.062
20.0643
20.0642
20.0642
20.0642
20.0643
20.0665
20.0664
20.0664
20.0664
20.0665
20.0686
20.0686
20.0686
20.0686
20.0686
20.0707
20.0707
20.0707
20.0707
20.0707
20.0727
20.0727
20.0727
20.0727
20.0727
20.0978
20.0978
20.0978
20.0978
20.0978
20.0935
20.0935
20.0935
20.0935
20.0935
20.0893
20.0893
20.0893
20.0893
20.0893
20.0852
20.0852
20.0852
20.0852
20.0852
20.0813
20.0813
20.0813
20.0813
20.0813
20.0774
20.0774
20.0774
20.0774
20.0774
20.0737
20.0737
20.0737
20.0737
20.0737
20.0702
20.0702
20.0702
20.0702
20.0702
20.0668
20.0668
20.0668
20.0668
20.0668
20.0636
20.0636
20.0636
20.0636
20.0636
20.0606
20.0606
20.0606
20.0606
20.0606
20.0578
20.0578
20.0578
20.0578
20.0578
20.0553
20.0553
20.0553
20.0553
20.0553
20.0529
20.0529
20.0529
20.0529
20.0529
20.0508
20.0508
20.0508
20.0508
20.0508
20.049
20.049
20.049
20.049
20.049
20.0474
20.0474
20.0474
20.0474
20.0474
20.0461
20.0461
20.0461
20.0461
20.0461
20.0451
20.0451
20.0451
20.0451
20.0451
20.0444
20.0444
20.0444
20.0444
20.0444
20.0439
20.0439
20.0439
20.0439
20.0439
20.0438
20.0438
20.0438
20.0438
20.0438
20.044
20.044
20.044
20.044
20.044
20.0445
20.0445
20.0445
20.0445
20.0445
20.0453
20.0453
20.0453
20.0453
20.0453
20.0463
20.0463
20.0463
20.0463
20.0463
20.0476
20.0476
20.0476
20.0476
20.0476
20.0492
20.0492
20.0492
20.0492
20.0492
20.0509
20.0509
20.0509
20.0509
20.0509
20.0529
20.0529
20.0529
20.0529
20.0529
20.055
20.055
20.055
20.055
20.055
20.0573
20.0573
20.0573
20.0573
20.0573
20.0596
20.0596
20.0596
20.0596
20.0596
20.062
20.062
20.062
20.062
20.062
20.0644
20.0644
20.0644
20.0644
20.0644
20.0668
20.0668
20.0668
20.0668
20.0668
20.0692
20.0692
20.0692
20.0692
20.0692
20.0714
20.0714
20.0714
20.0714
20.0714
20.0736
20.0736
20.0736
20.0736
20.0736
20.0978
20.0978
20.0978
20.0978
20.0978
20.0934
20.0934
20.0934
20.0934
20.0934
20.0892
20.0892
20.0892
20.0892
20.0892
20.085
20.085
20.085
20.085
20.085
20.081
20.081
20.081
20.081
20.081
20.0771
20.0771
20.0771
20.0771
20.0771
20.0734
20.0734
20.0734
20.0734
20.0734
20.0698
20.0698
20.0698
20.0698
20.0698
20.0663
20.0663
20.0663
20.0663
20.0663
20.0631
20.0631
20.0631
20.0631
20.0631
20.06
20.06
20.06
20.06
20.06
20.0571
20.0571
20.0571
20.0571
20.0571
20.0544
20.0544
20.0544
20.0544
20.0544
20.0519
20.0519
20.0519
20.0519
20.0519
20.0497
20.0497
20.0497
20.0497
20.0497
20.0478
20.0478
20.0478
20.0478
20.0478
20.046
20.046
20.046
20.046
20.046
20.0446
20.0446
20.0446
20.0446
20.0446
20.0435
20.0435
20.0435
20.0435
20.0435
20.0426
20.0426
20.0426
20.0426
20.0426
20.0421
20.0421
20.0421
20.0421
20.0421
20.0418
20.0418
20.0418
20.0418
20.0418
20.0419
20.0419
20.0419
20.0419
20.0419
20.0423
20.0423
20.0423
20.0423
20.0423
20.043
20.043
20.043
20.043
20.043
20.044
20.044
20.044
20.044
20.044
20.0452
20.0452
20.0452
20.0452
20.0452
20.0468
20.0468
20.0468
20.0468
20.0468
20.0486
20.0486
20.0486
20.0486
20.0486
20.0506
20.0506
20.0506
20.0506
20.0506
20.0528
20.0528
20.0528
20.0528
20.0528
20.0552
20.0552
20.0552
20.0552
20.0552
20.0576
20.0576
20.0576
20.0576
20.0576
20.0602
20.0602
20.0602
20.0602
20.0602
20.0628
20.0628
20.0628
20.0628
20.0628
20.0654
20.0654
20.0654
20.0654
20.0654
20.0679
20.0679
20.0679
20.0679
20.0679
20.0703
20.0703
20.0703
20.0703
20.0703
20.0727
20.0727
20.0727
20.0727
20.0727
20.0977
20.0977
20.0977
20.0977
20.0977
20.0933
20.0933
20.0933
20.0933
20.0933
20.089
20.089
20.089
20.089
20.089
20.0848
20.0848
20.0848
20.0848
20.0848
20.0807
20.0807
20.0807
20.0807
20.0807
20.0767
20.0767
20.0767
20.0767
20.0767
20.0729
20.0729
20.0729
20.0729
20.0729
20.0692
20.0692
20.0692
20.0692
20.0692
20.0657
20.0657
20.0657
20.0657
20.0657
20.0623
20.0623
20.0623
20.0623
20.0623
20.0591
20.0591
20.0591
20.0591
20.0591
20.0561
20.0561
20.0561
20.0561
20.0561
20.0532
20.0532
20.0532
20.0532
20.0532
20.0506
20.0506
20.0506
20.0506
20.0506
20.0482
20.0482
20.0482
20.0482
20.0482
20.0461
20.0461
20.0461
20.0461
20.0461
20.0442
20.0442
20.0442
20.0442
20.0442
20.0425
20.0425
20.0425
20.0425
20.0425
20.0412
20.0412
20.0412
20.0412
20.0412
20.0401
20.0401
20.0401
20.0401
20.0401
20.0393
20.0393
20.0393
20.0393
20.0393
20.0389
20.0389
20.0389
20.0389
20.0389
20.0387
20.0387
20.0387
20.0387
20.0387
20.0389
20.0389
20.0389
20.0389
20.0389
20.0394
20.0394
20.0394
20.0394
20.0394
20.0403
20.0403
20.0403
20.0403
20.0403
20.0414
20.0414
20.0414
20.0414
20.0414
20.0428
20.0428
20.0428
20.0428
20.0428
20.0446
20.0446
20.0446
20.0446
20.0446
20.0465
20.0465
20.0465
20.0465
20.0465
20.0487
20.0487
20.0487
20.0487
20.0487
20.0511
20.0511
20.0511
20.0511
20.0511
20.0537
20.0537
20.0537
20.0537
20.0537
20.0563
20.0563
20.0563
20.0563
20.0563
20.059
20.059
20.059
20.059
20.059
20.0617
20.0617
20.0617
20.0617
20.0617
20.0644
20.0644
20.0644
20.0644
20.0644
20.067
20.067
20.067
20.067
20.067
20.0695
20.0695
20.0695
20.0695
20.0695
20.0977
20.0977
20.0977
20.0977
20.0977
20.0932
20.0932
20.0932
20.0932
20.0932
20.0888
20.0888
20.0888
20.0888
20.0888
20.0845
20.0845
20.0845
20.0845
20.0845
20.0803
20.0803
20.0803
20.0803
20.0803
20.0763
20.0763
20.0763
20.0763
20.0763
20.0724
20.0724
20.0724
20.0724
20.0724
20.0685
20.0685
20.0685
20.0685
20.0685
20.0649
20.0649
20.0649
20.0649
20.0649
20.0614
20.0614
20.0614
20.0614
20.0614
20.058
20.058
20.058
20.058
20.058
20.0548
20.0548
20.0548
20.0548
20.0548
20.0518
20.0518
20.0518
20.0518
20.0518
20.049
20.049
20.049
20.049
20.049
20.0464
20.0464
20.0464
20.0464
20.0464
20.044
20.044
20.044
20.044
20.044
20.0418
20.0418
20.0418
20.0418
20.0418
20.0399
20.0399
20.0399
20.0399
20.0399
20.0383
20.0383
20.0383
20.0383
20.0383
20.0369
20.0369
20.0369
20.0369
20.0369
20.0358
20.0359
20.0359
20.0359
20.0358
20.0351
20.0351
20.0351
20.0351
20.0351
20.0346
20.0346
20.0346
20.0346
20.0346
20.0345
20.0345
20.0345
20.0345
20.0345
20.0347
20.0347
20.0347
20.0347
20.0347
20.0352
20.0352
20.0352
20.0352
20.0352
20.0361
20.0361
20.0361
20.0361
20.0361
20.0373
20.0373
20.0373
20.0373
20.0373
20.0388
20.0388
20.0388
20.0388
20.0388
20.0406
20.0406
20.0406
20.0406
20.0406
20.0427
20.0427
20.0427
20.0427
20.0427
20.045
20.045
20.045
20.045
20.045
20.0475
20.0475
20.0475
20.0475
20.0475
20.0501
20.0501
20.0501
20.0501
20.0501
20.0529
20.0528
20.0528
20.0528
20.0529
20.0557
20.0556
20.0556
20.0556
20.0557
20.0584
20.0584
20.0584
20.0584
20.0584
20.0612
20.0611
20.0611
20.0611
20.0612
20.0638
20.0638
20.0638
20.0638
20.0638
20.0977
20.0977
20.0977
20.0977
20.0977
20.0931
20.0931
20.0931
20.0931
20.0931
20.0886
20.0886
20.0886
20.0886
20.0886
20.0842
20.0842
20.0842
20.0842
20.0842
20.08
20.08
20.08
20.08
20.08
20.0758
20.0758
20.0758
20.0758
20.0758
20.0717
20.0717
20.0717
20.0717
20.0717
20.0678
20.0678
20.0678
20.0678
20.0678
20.064
20.064
20.064
20.064
20.064
20.0603
20.0603
20.0603
20.0603
20.0603
20.0568
20.0568
20.0568
20.0568
20.0568
20.0534
20.0534
20.0534
20.0534
20.0534
20.0502
20.0502
20.0502
20.0502
20.0502
20.0472
20.0472
20.0472
20.0472
20.0472
20.0443
20.0443
20.0443
20.0443
20.0443
20.0416
20.0416
20.0416
20.0416
20.0416
20.0391
20.0391
20.0391
20.0391
20.0391
20.0369
20.0369
20.0369
20.0369
20.0369
20.0349
20.0349
20.0349
20.0349
20.0349
20.0331
20.0331
20.0331
20.0331
20.0331
20.0317
20.0317
20.0317
20.0317
20.0317
20.0305
20.0305
20.0305
20.0305
20.0305
20.0296
20.0296
20.0296
20.0296
20.0296
20.029
20.029
20.029
20.029
20.029
20.0288
20.0288
20.0288
20.0288
20.0288
20.0289
20.0289
20.0289
20.0289
20.0289
20.0294
20.0293
20.0293
20.0293
20.0294
20.0302
20.0301
20.0301
20.0301
20.0302
20.0313
20.0313
20.0313
20.0313
20.0313
20.0328
20.0328
20.0328
20.0328
20.0328
20.0345
20.0345
20.0345
20.0345
20.0345
20.0366
20.0366
20.0366
20.0366
20.0366
20.0389
20.0389
20.0389
20.0389
20.0389
20.0414
20.0414
20.0414
20.0414
20.0414
20.0441
20.044
20.044
20.044
20.0441
20.0468
20.0468
20.0468
20.0468
20.0468
20.0496
20.0496
20.0496
20.0496
20.0496
20.0524
20.0524
20.0524
20.0524
20.0524
20.0551
20.0551
20.0551
20.0551
20.0551
20.0976
20.0976
20.0976
20.0976
20.0976
20.093
20.093
20.093
20.093
20.093
20.0884
20.0884
20.0884
20.0884
20.0884
20.0839
20.0839
20.0839
20.0839
20.0839
20.0795
20.0795
20.0795
20.0795
20.0795
20.0753
20.0753
20.0753
20.0753
20.0753
20.0711
20.0711
20.0711
20.0711
20.0711
20.067
20.067
20.067
20.067
20.067
20.0631
20.0631
20.0631
20.0631
20.0631
20.0592
20.0592
20.0592
20.0592
20.0592
20.0555
20.0555
20.0555
20.0555
20.0555
20.0519
20.0519
20.0519
20.0519
20.0519
20.0484
20.0484
20.0484
20.0484
20.0484
20.0451
20.0451
20.0451
20.0451
20.0451
20.042
20.042
20.042
20.042
20.042
20.0389
20.039
20.039
20.039
20.0389
20.0361
20.0361
20.0361
20.0361
20.0361
20.0335
20.0335
20.0335
20.0335
20.0335
20.031
20.031
20.031
20.031
20.031
20.0288
20.0288
20.0288
20.0288
20.0288
20.0268
20.0268
20.0268
20.0268
20.0268
20.0251
20.0251
20.0251
20.0251
20.0251
20.0237
20.0237
20.0237
20.0237
20.0237
20.0225
20.0226
20.0226
20.0226
20.0225
20.0217
20.0217
20.0217
20.0217
20.0217
20.0212
20.0212
20.0212
20.0212
20.0212
20.0211
20.0211
20.0211
20.0211
20.0211
20.0213
20.0213
20.0213
20.0213
20.0213
20.0219
20.0219
20.0219
20.0219
20.0219
20.0228
20.0228
20.0228
20.0228
20.0228
20.0241
20.0241
20.0241
20.0241
20.0241
20.0257
20.0257
20.0257
20.0257
20.0257
20.0276
20.0276
20.0276
20.0276
20.0276
20.0298
20.0298
20.0298
20.0298
20.0298
20.0322
20.0322
20.0322
20.0322
20.0322
20.0348
20.0347
20.0347
20.0347
20.0348
20.0374
20.0374
20.0374
20.0374
20.0374
20.0402
20.0401
20.0401
20.0401
20.0402
20.0429
20.0428
20.0428
20.0428
20.0429
20.0976
20.0976
20.0976
20.0976
20.0976
20.0928
20.0928
20.0928
20.0928
20.0928
20.0882
20.0882
20.0882
20.0882
20.0882
20.0836
20.0836
20.0836
20.0836
20.0836
20.0791
20.0791
20.0791
20.0791
20.0791
20.0747
20.0747
20.0747
20.0747
20.0747
20.0704
20.0704
20.0704
20.0704
20.0704
20.0662
20.0662
20.0662
20.0662
20.0662
20.0621
20.0621
20.0621
20.0621
20.0621
20.058
20.058
20.058
20.058
20.058
20.0541
20.0541
20.0541
20.0541
20.0541
20.0503
20.0503
20.0503
20.0503
20.0503
20.0466
20.0466
20.0466
20.0466
20.0466
20.043
20.043
20.043
20.043
20.043
20.0395
20.0395
20.0395
20.0395
20.0395
20.0361
20.0361
20.0361
20.0361
20.0361
20.0328
20.0328
20.0328
20.0328
20.0328
20.0297
20.0297
20.0297
20.0297
20.0297
20.0268
20.0268
20.0268
20.0268
20.0268
20.024
20.024
20.024
20.024
20.024
20.0215
20.0215
20.0215
20.0215
20.0215
20.0191
20.0191
20.0191
20.0191
20.0191
20.017
20.017
20.017
20.017
20.017
20.0151
20.0151
20.0151
20.0151
20.0151
20.0135
20.0135
20.0135
20.0135
20.0135
20.0122
20.0122
20.0122
20.0122
20.0122
20.0113
20.0113
20.0113
20.0113
20.0113
20.0106
20.0106
20.0106
20.0106
20.0106
20.0104
20.0104
20.0104
20.0104
20.0104
20.0105
20.0105
20.0105
20.0105
20.0105
20.011
20.011
20.011
20.011
20.011
20.0119
20.0119
20.0119
20.0119
20.0119
20.0132
20.0132
20.0132
20.0132
20.0132
20.0148
20.0148
20.0148
20.0148
20.0148
20.0167
20.0167
20.0167
20.0167
20.0167
20.0189
20.0189
20.0189
20.0189
20.0189
20.0213
20.0213
20.0213
20.0213
20.0213
20.0239
20.0239
20.0239
20.0239
20.0239
20.0266
20.0266
20.0266
20.0266
20.0266
20.0976
20.0976
20.0976
20.0976
20.0976
20.0927
20.0927
20.0927
20.0927
20.0927
20.0879
20.0879
20.0879
20.0879
20.0879
20.0832
20.0832
20.0832
20.0832
20.0832
20.0786
20.0786
20.0786
20.0786
20.0786
20.0741
20.0741
20.0741
20.0741
20.0741
20.0697
20.0697
20.0697
20.0697
20.0697
20.0653
20.0653
20.0653
20.0653
20.0653
20.0611
20.0611
20.061
20.0611
20.061
20.0568
20.0568
20.0568
20.0568
20.0568
20.0527
20.0527
20.0527
20.0527
20.0527
20.0486
20.0486
20.0486
20.0486
20.0486
20.0446
20.0446
20.0446
20.0446
20.0446
20.0407
20.0407
20.0407
20.0407
20.0407
20.0368
20.0368
20.0368
20.0368
20.0368
20.0331
20.0331
20.0331
20.0331
20.0331
20.0294
20.0294
20.0294
20.0294
20.0294
20.0257
20.0258
20.0257
20.0258
20.0257
20.0222
20.0222
20.0222
20.0222
20.0222
20.0188
20.0188
20.0188
20.0188
20.0188
20.0156
20.0156
20.0156
20.0156
20.0156
20.0124
20.0125
20.0125
20.0125
20.0124
20.0095
20.0095
20.0095
20.0095
20.0095
20.0067
20.0067
20.0067
20.0067
20.0067
20.0042
20.0042
20.0042
20.0042
20.0042
20.0018
20.0019
20.0019
20.0019
20.0018
19.9998
19.9998
19.9998
19.9998
19.9998
19.9981
19.9981
19.9981
19.9981
19.9981
19.9967
19.9967
19.9967
19.9967
19.9967
19.9956
19.9957
19.9957
19.9957
19.9956
19.995
19.995
19.995
19.995
19.995
19.9948
19.9948
19.9948
19.9948
19.9948
19.995
19.9949
19.995
19.9949
19.995
19.9956
19.9956
19.9956
19.9956
19.9956
19.9966
19.9966
19.9966
19.9966
19.9966
19.998
19.998
19.998
19.998
19.998
19.9998
19.9997
19.9997
19.9997
19.9998
20.0019
20.0018
20.0018
20.0018
20.0019
20.0043
20.0041
20.0041
20.0041
20.0043
20.0975
20.0975
20.0975
20.0975
20.0975
20.0926
20.0925
20.0925
20.0925
20.0926
20.0877
20.0877
20.0877
20.0877
20.0877
20.0829
20.0829
20.0829
20.0829
20.0829
20.0782
20.0782
20.0782
20.0782
20.0782
20.0736
20.0736
20.0736
20.0736
20.0736
20.069
20.069
20.069
20.069
20.069
20.0645
20.0645
20.0645
20.0645
20.0645
20.06
20.06
20.06
20.06
20.06
20.0556
20.0556
20.0556
20.0556
20.0556
20.0513
20.0513
20.0513
20.0513
20.0513
20.047
20.047
20.047
20.047
20.047
20.0427
20.0427
20.0427
20.0427
20.0427
20.0384
20.0384
20.0384
20.0384
20.0384
20.0342
20.0342
20.0342
20.0342
20.0342
20.03
20.03
20.03
20.03
20.03
20.0258
20.0258
20.0258
20.0258
20.0258
20.0216
20.0216
20.0216
20.0216
20.0216
20.0175
20.0175
20.0175
20.0175
20.0175
20.0134
20.0134
20.0134
20.0134
20.0134
20.0093
20.0093
20.0093
20.0093
20.0093
20.0053
20.0053
20.0053
20.0053
20.0053
20.0014
20.0014
20.0014
20.0014
20.0014
19.9975
19.9975
19.9975
19.9975
19.9975
19.9938
19.9938
19.9938
19.9938
19.9938
19.9902
19.9902
19.9902
19.9902
19.9902
19.9867
19.9868
19.9868
19.9868
19.9867
19.9835
19.9835
19.9835
19.9835
19.9835
19.9805
19.9806
19.9806
19.9806
19.9805
19.9779
19.9779
19.9779
19.9779
19.9779
19.9756
19.9756
19.9756
19.9756
19.9756
19.9737
19.9737
19.9737
19.9737
19.9737
19.9723
19.9723
19.9723
19.9723
19.9723
19.9714
19.9714
19.9714
19.9714
19.9714
19.971
19.9711
19.9711
19.9711
19.971
19.9714
19.9714
19.9715
19.9714
19.9714
19.9724
19.9725
19.9726
19.9725
19.9724
19.9743
19.9744
19.9745
19.9744
19.9743
19.9768
19.9771
19.9771
19.9771
19.9768
20.0975
20.0975
20.0975
20.0975
20.0975
20.0924
20.0924
20.0924
20.0924
20.0924
20.0875
20.0875
20.0875
20.0875
20.0875
20.0826
20.0826
20.0826
20.0826
20.0826
20.0778
20.0778
20.0778
20.0778
20.0778
20.073
20.073
20.073
20.073
20.073
20.0683
20.0683
20.0683
20.0683
20.0683
20.0637
20.0637
20.0637
20.0637
20.0637
20.0591
20.0591
20.0591
20.0591
20.0591
20.0545
20.0545
20.0545
20.0545
20.0545
20.0499
20.0499
20.0499
20.0499
20.0499
20.0453
20.0453
20.0453
20.0453
20.0453
20.0408
20.0408
20.0408
20.0408
20.0408
20.0362
20.0362
20.0362
20.0362
20.0362
20.0315
20.0315
20.0315
20.0315
20.0315
20.0269
20.0269
20.0269
20.0269
20.0269
20.0222
20.0222
20.0222
20.0222
20.0222
20.0175
20.0175
20.0175
20.0175
20.0175
20.0126
20.0127
20.0126
20.0127
20.0126
20.0078
20.0078
20.0078
20.0078
20.0078
20.0028
20.0029
20.0028
20.0029
20.0028
19.9978
19.9979
19.9978
19.9979
19.9978
19.9928
19.9928
19.9928
19.9928
19.9928
19.9876
19.9877
19.9877
19.9877
19.9876
19.9825
19.9825
19.9825
19.9825
19.9825
19.9773
19.9773
19.9773
19.9773
19.9773
19.9721
19.9721
19.9721
19.9721
19.9721
19.967
19.967
19.967
19.967
19.967
19.9619
19.9619
19.9619
19.9619
19.9619
19.957
19.957
19.957
19.957
19.957
19.9523
19.9523
19.9523
19.9523
19.9523
19.9478
19.9479
19.9479
19.9479
19.9478
19.9438
19.9438
19.9438
19.9438
19.9438
19.9401
19.9401
19.9401
19.9401
19.9401
19.9371
19.9369
19.9369
19.9369
19.9371
19.9346
19.9343
19.9343
19.9343
19.9346
19.9327
19.9323
19.9323
19.9323
19.9327
19.9317
19.9311
19.9311
19.9311
19.9317
19.9318
19.931
19.931
19.931
19.9318
20.0974
20.0974
20.0974
20.0974
20.0974
20.0923
20.0923
20.0923
20.0923
20.0923
20.0872
20.0872
20.0872
20.0872
20.0872
20.0823
20.0823
20.0823
20.0823
20.0823
20.0774
20.0774
20.0774
20.0774
20.0774
20.0725
20.0725
20.0725
20.0725
20.0725
20.0677
20.0677
20.0677
20.0677
20.0677
20.0629
20.0629
20.0629
20.0629
20.0629
20.0582
20.0582
20.0582
20.0582
20.0582
20.0534
20.0534
20.0534
20.0534
20.0534
20.0486
20.0486
20.0486
20.0486
20.0486
20.0438
20.0438
20.0438
20.0438
20.0438
20.039
20.039
20.039
20.039
20.039
20.034
20.034
20.034
20.034
20.034
20.0291
20.0291
20.0291
20.0291
20.0291
20.024
20.024
20.024
20.024
20.024
20.0188
20.0188
20.0188
20.0188
20.0188
20.0134
20.0134
20.0134
20.0134
20.0134
20.0079
20.0079
20.0079
20.0079
20.0079
20.0023
20.0023
20.0023
20.0023
20.0023
19.9964
19.9964
19.9964
19.9964
19.9964
19.9903
19.9903
19.9903
19.9903
19.9903
19.984
19.984
19.984
19.984
19.984
19.9774
19.9775
19.9774
19.9775
19.9774
19.9706
19.9706
19.9706
19.9706
19.9706
19.9635
19.9636
19.9635
19.9636
19.9635
19.9562
19.9562
19.9562
19.9562
19.9562
19.9486
19.9486
19.9486
19.9486
19.9486
19.9408
19.9408
19.9408
19.9408
19.9408
19.9328
19.9328
19.9328
19.9328
19.9328
19.9247
19.9248
19.9248
19.9248
19.9247
19.9166
19.9167
19.9168
19.9167
19.9166
19.9088
19.9089
19.9089
19.9089
19.9088
19.9014
19.9016
19.9016
19.9016
19.9014
19.8948
19.8952
19.8952
19.8952
19.8948
19.8896
19.8902
19.8903
19.8902
19.8896
19.8864
19.8872
19.8873
19.8872
19.8864
19.8858
19.8868
19.8869
19.8868
19.8858
19.8884
19.8896
19.8897
19.8896
19.8884
20.0974
20.0974
20.0974
20.0974
20.0974
20.0922
20.0922
20.0922
20.0922
20.0922
20.0871
20.0871
20.0871
20.0871
20.0871
20.082
20.082
20.082
20.082
20.082
20.077
20.077
20.077
20.077
20.077
20.0721
20.0721
20.0721
20.0721
20.0721
20.0672
20.0672
20.0672
20.0672
20.0672
20.0623
20.0623
20.0623
20.0623
20.0623
20.0574
20.0574
20.0574
20.0574
20.0574
20.0524
20.0524
20.0524
20.0524
20.0524
20.0475
20.0475
20.0475
20.0475
20.0475
20.0425
20.0425
20.0425
20.0425
20.0425
20.0374
20.0374
20.0374
20.0374
20.0374
20.0322
20.0322
20.0322
20.0322
20.0322
20.0268
20.0268
20.0268
20.0268
20.0268
20.0213
20.0213
20.0213
20.0213
20.0213
20.0157
20.0156
20.0156
20.0156
20.0157
20.0097
20.0097
20.0097
20.0097
20.0097
20.0036
20.0036
20.0036
20.0036
20.0036
19.9971
19.9971
19.9971
19.9971
19.9971
19.9903
19.9903
19.9903
19.9903
19.9903
19.9831
19.9831
19.9831
19.9831
19.9831
19.9755
19.9755
19.9755
19.9755
19.9755
19.9674
19.9674
19.9674
19.9674
19.9674
19.9587
19.9587
19.9587
19.9587
19.9587
19.9494
19.9494
19.9494
19.9494
19.9494
19.9395
19.9395
19.9395
19.9395
19.9395
19.9289
19.9289
19.9289
19.9289
19.9289
19.9175
19.9176
19.9176
19.9176
19.9175
19.9054
19.9055
19.9055
19.9055
19.9054
19.8926
19.8927
19.8927
19.8927
19.8926
19.879
19.8791
19.8791
19.8791
19.879
19.8647
19.8648
19.8647
19.8648
19.8647
19.8498
19.8496
19.8496
19.8496
19.8498
19.834
19.8336
19.8336
19.8336
19.834
19.8173
19.8164
19.8163
19.8164
19.8173
19.7994
19.7979
19.7978
19.7979
19.7994
19.7812
19.7791
19.779
19.7791
19.7812
19.7661
19.7634
19.7634
19.7634
19.7661
20.0974
20.0974
20.0974
20.0974
20.0974
20.0921
20.0921
20.0921
20.0921
20.0921
20.0869
20.0869
20.0869
20.0869
20.0869
20.0818
20.0818
20.0818
20.0818
20.0818
20.0768
20.0768
20.0768
20.0768
20.0768
20.0717
20.0717
20.0717
20.0717
20.0717
20.0667
20.0667
20.0667
20.0667
20.0667
20.0617
20.0617
20.0617
20.0617
20.0617
20.0567
20.0567
20.0567
20.0567
20.0567
20.0517
20.0517
20.0517
20.0517
20.0517
20.0466
20.0466
20.0466
20.0466
20.0466
20.0414
20.0414
20.0414
20.0414
20.0414
20.0361
20.0361
20.0361
20.0361
20.0361
20.0307
20.0307
20.0307
20.0307
20.0307
20.025
20.025
20.025
20.025
20.025
20.0192
20.0192
20.0192
20.0192
20.0192
20.0131
20.0131
20.0131
20.0131
20.0131
20.0067
20.0067
20.0067
20.0067
20.0067
20
20
19.9999
20
20
19.9928
19.9928
19.9928
19.9928
19.9928
19.9851
19.9851
19.9851
19.9851
19.9851
19.9769
19.9769
19.9769
19.9769
19.9769
19.968
19.968
19.9679
19.968
19.968
19.9583
19.9583
19.9583
19.9583
19.9583
19.9477
19.9477
19.9477
19.9477
19.9477
19.9361
19.9361
19.9361
19.9361
19.9361
19.9233
19.9233
19.9233
19.9233
19.9233
19.9092
19.9092
19.9092
19.9092
19.9092
19.8936
19.8936
19.8936
19.8936
19.8936
19.8762
19.8763
19.8763
19.8763
19.8762
19.857
19.8572
19.8572
19.8572
19.857
19.836
19.8362
19.8363
19.8362
19.836
19.8131
19.8135
19.8136
19.8135
19.8131
19.7889
19.7896
19.7896
19.7896
19.7889
19.7643
19.7656
19.7656
19.7656
19.7643
19.7414
19.7433
19.7434
19.7433
19.7414
19.7226
19.7255
19.7256
19.7255
19.7226
19.7074
19.7107
19.7107
19.7107
19.7074
19.7044
19.708
19.708
19.708
19.7044
20.0974
20.0974
20.0974
20.0974
20.0974
20.0921
20.092
20.092
20.092
20.0921
20.0868
20.0868
20.0868
20.0868
20.0868
20.0817
20.0817
20.0817
20.0817
20.0817
20.0766
20.0766
20.0766
20.0766
20.0766
20.0715
20.0715
20.0715
20.0715
20.0715
20.0665
20.0665
20.0665
20.0665
20.0665
20.0614
20.0614
20.0614
20.0614
20.0614
20.0563
20.0563
20.0563
20.0563
20.0563
20.0512
20.0512
20.0512
20.0512
20.0512
20.046
20.046
20.046
20.046
20.046
20.0407
20.0407
20.0407
20.0407
20.0407
20.0353
20.0353
20.0353
20.0353
20.0353
20.0297
20.0297
20.0297
20.0297
20.0297
20.0239
20.0239
20.0239
20.0239
20.0239
20.0178
20.0178
20.0178
20.0178
20.0178
20.0114
20.0114
20.0114
20.0114
20.0114
20.0047
20.0047
20.0047
20.0047
20.0047
19.9975
19.9975
19.9975
19.9975
19.9975
19.9898
19.9898
19.9898
19.9898
19.9898
19.9815
19.9814
19.9814
19.9814
19.9815
19.9724
19.9724
19.9724
19.9724
19.9724
19.9624
19.9624
19.9624
19.9624
19.9624
19.9515
19.9514
19.9514
19.9514
19.9515
19.9392
19.9392
19.9392
19.9392
19.9392
19.9254
19.9254
19.9254
19.9254
19.9254
19.9099
19.9099
19.9099
19.9099
19.9099
19.8922
19.8921
19.8922
19.8921
19.8922
19.8718
19.8718
19.8718
19.8718
19.8718
19.8483
19.8484
19.8484
19.8484
19.8483
19.8211
19.8212
19.8212
19.8212
19.8211
19.7893
19.7894
19.7895
19.7894
19.7893
19.7521
19.7522
19.7522
19.7522
19.7521
19.7081
19.7081
19.7081
19.7081
19.7081
19.6552
19.6547
19.6546
19.6547
19.6552
19.5893
19.5877
19.5875
19.5877
19.5893
19.5007
19.4977
19.4975
19.4977
19.5007
19.3878
19.3842
19.384
19.3842
19.3878
19.246
19.2402
19.2403
19.2402
19.246
20.0974
20.0974
20.0974
20.0974
20.0974
20.092
20.092
20.092
20.092
20.092
20.0868
20.0868
20.0868
20.0868
20.0868
20.0816
20.0816
20.0816
20.0816
20.0816
20.0765
20.0765
20.0765
20.0765
20.0765
20.0714
20.0714
20.0714
20.0714
20.0714
20.0664
20.0663
20.0663
20.0663
20.0664
20.0613
20.0613
20.0613
20.0613
20.0613
20.0562
20.0562
20.0562
20.0562
20.0562
20.051
20.051
20.051
20.051
20.051
20.0458
20.0458
20.0458
20.0458
20.0458
20.0405
20.0404
20.0404
20.0404
20.0405
20.035
20.035
20.035
20.035
20.035
20.0293
20.0293
20.0293
20.0293
20.0293
20.0234
20.0234
20.0234
20.0234
20.0234
20.0172
20.0172
20.0172
20.0172
20.0172
20.0107
20.0107
20.0107
20.0107
20.0107
20.0038
20.0038
20.0038
20.0038
20.0038
19.9964
19.9964
19.9964
19.9964
19.9964
19.9885
19.9884
19.9884
19.9884
19.9885
19.9798
19.9797
19.9797
19.9797
19.9798
19.9703
19.9702
19.9702
19.9702
19.9703
19.9597
19.9596
19.9596
19.9596
19.9597
19.9479
19.9478
19.9478
19.9478
19.9479
19.9346
19.9344
19.9344
19.9344
19.9346
19.9193
19.9191
19.9191
19.9191
19.9193
19.9017
19.9014
19.9014
19.9014
19.9017
19.8811
19.8807
19.8808
19.8807
19.8811
19.8566
19.8562
19.8563
19.8562
19.8566
19.8273
19.8269
19.8269
19.8269
19.8273
19.7916
19.7912
19.7913
19.7912
19.7916
19.7478
19.7474
19.7475
19.7474
19.7478
19.6934
19.6932
19.6933
19.6932
19.6934
19.6258
19.6262
19.6264
19.6262
19.6258
19.5444
19.546
19.5463
19.546
19.5444
19.4511
19.4544
19.4546
19.4544
19.4511
19.3624
19.3694
19.3696
19.3694
19.3624
19.2491
19.2551
19.255
19.2551
19.2491
19.2034
19.2176
19.2176
19.2176
19.2034
20.0974
20.0974
20.0974
20.0974
20.0974
20.092
20.092
20.092
20.092
20.092
20.0868
20.0868
20.0868
20.0868
20.0868
20.0817
20.0817
20.0817
20.0817
20.0817
20.0766
20.0766
20.0766
20.0766
20.0766
20.0715
20.0715
20.0715
20.0715
20.0715
20.0665
20.0665
20.0665
20.0665
20.0665
20.0614
20.0614
20.0614
20.0614
20.0614
20.0564
20.0564
20.0564
20.0564
20.0564
20.0513
20.0513
20.0513
20.0513
20.0513
20.0461
20.0461
20.0461
20.0461
20.0461
20.0408
20.0408
20.0408
20.0408
20.0408
20.0354
20.0354
20.0354
20.0354
20.0354
20.0299
20.0299
20.0299
20.0299
20.0299
20.0241
20.0241
20.0241
20.0241
20.0241
20.018
20.018
20.018
20.018
20.018
20.0117
20.0117
20.0117
20.0117
20.0117
20.005
20.005
20.005
20.005
20.005
19.9978
19.9978
19.9978
19.9978
19.9978
19.9901
19.9901
19.99
19.9901
19.9901
19.9817
19.9817
19.9817
19.9817
19.9817
19.9725
19.9725
19.9725
19.9725
19.9725
19.9623
19.9623
19.9623
19.9623
19.9623
19.951
19.9509
19.9509
19.9509
19.951
19.9381
19.9381
19.9381
19.9381
19.9381
19.9233
19.9233
19.9233
19.9233
19.9233
19.9062
19.9061
19.9061
19.9061
19.9062
19.8859
19.8859
19.8859
19.8859
19.8859
19.8614
19.8614
19.8614
19.8614
19.8614
19.8314
19.8314
19.8314
19.8314
19.8314
19.7935
19.7934
19.7935
19.7934
19.7935
19.7443
19.7442
19.7443
19.7442
19.7443
19.6782
19.6779
19.6781
19.6779
19.6782
19.5853
19.5848
19.585
19.5848
19.5853
19.446
19.4451
19.4453
19.4451
19.446
19.2232
19.2224
19.2224
19.2224
19.2232
18.811
18.8102
18.81
18.8102
18.811
18.1016
18.1041
18.1029
18.1041
18.1016
16.5501
16.5423
16.5398
16.5423
16.5501
20.074
20.0739
20.0739
20.0739
20.074
20.0771
20.0771
20.0771
20.0771
20.0771
20.0789
20.0789
20.0789
20.0789
20.0789
20.0801
20.0801
20.0801
20.0801
20.0801
20.0797
20.0797
20.0797
20.0797
20.0797
20.0771
20.0771
20.0771
20.0771
20.0771
20.0718
20.0718
20.0718
20.0718
20.0718
20.0635
20.0635
20.0635
20.0635
20.0635
20.0516
20.0516
20.0516
20.0516
20.0516
20.036
20.0361
20.0361
20.0361
20.036
20.0141
20.0139
20.0139
20.0139
20.0141
19.9896
19.9899
19.9899
19.9899
19.9896
19.9462
19.9453
19.9453
19.9453
19.9462
19.914
19.9152
19.9152
19.9152
19.914
19.8065
19.8043
19.8044
19.8043
19.8065
19.7565
19.7589
19.759
19.7589
19.7565
19.4333
19.4312
19.4314
19.4312
19.4333
18.9753
18.9753
18.9756
18.9753
18.9753
16.4577
16.4553
16.4534
16.4553
16.4577
20.0725
20.0725
20.0725
20.0725
20.0725
20.0757
20.0757
20.0757
20.0757
20.0757
20.0775
20.0775
20.0775
20.0775
20.0775
20.0787
20.0787
20.0787
20.0787
20.0787
20.0782
20.0781
20.0781
20.0781
20.0782
20.0754
20.0754
20.0754
20.0754
20.0754
20.0701
20.07
20.07
20.07
20.0701
20.0617
20.0616
20.0616
20.0616
20.0617
20.0496
20.0496
20.0496
20.0496
20.0496
20.0339
20.0339
20.0339
20.0339
20.0339
20.0116
20.0113
20.0113
20.0113
20.0116
19.9863
19.9866
19.9866
19.9866
19.9863
19.9408
19.9399
19.9399
19.9399
19.9408
19.9064
19.9075
19.9076
19.9075
19.9064
19.7873
19.7849
19.7851
19.7849
19.7873
19.7165
19.7174
19.7175
19.7174
19.7165
19.3517
19.3521
19.3523
19.3521
19.3517
18.4523
18.4504
18.4512
18.4504
18.4523
17.418
17.4472
17.4463
17.4472
17.418
20.0711
20.071
20.071
20.071
20.0711
20.0743
20.0743
20.0743
20.0743
20.0743
20.0761
20.076
20.076
20.076
20.0761
20.0771
20.0771
20.0771
20.0771
20.0771
20.0765
20.0765
20.0765
20.0765
20.0765
20.0736
20.0736
20.0736
20.0736
20.0736
20.0681
20.0681
20.0681
20.0681
20.0681
20.0596
20.0596
20.0596
20.0596
20.0596
20.0475
20.0475
20.0475
20.0475
20.0475
20.0316
20.0316
20.0316
20.0316
20.0316
20.009
20.0088
20.0088
20.0088
20.009
19.9831
19.9833
19.9834
19.9833
19.9831
19.9363
19.9354
19.9354
19.9354
19.9363
19.8998
19.9011
19.9011
19.9011
19.8998
19.7709
19.7682
19.7684
19.7682
19.7709
19.7063
19.7079
19.7079
19.7079
19.7063
19.262
19.2607
19.261
19.2607
19.262
18.4051
18.4031
18.4038
18.4031
18.4052
16.5999
16.6247
16.6237
16.6247
16.5999
20.0696
20.0695
20.0695
20.0695
20.0696
20.0728
20.0728
20.0728
20.0728
20.0728
20.0745
20.0745
20.0745
20.0745
20.0745
20.0755
20.0755
20.0755
20.0755
20.0755
20.0747
20.0747
20.0747
20.0747
20.0747
20.0717
20.0717
20.0717
20.0717
20.0717
20.0661
20.0661
20.0661
20.0661
20.0661
20.0575
20.0575
20.0575
20.0575
20.0575
20.0453
20.0453
20.0453
20.0453
20.0453
20.0292
20.0292
20.0292
20.0292
20.0292
20.0066
20.0065
20.0064
20.0064
20.0066
19.9799
19.9802
19.9802
19.9802
19.9799
19.9333
19.9324
19.9324
19.9324
19.9333
19.8939
19.8952
19.8953
19.8952
19.8939
19.7623
19.7594
19.7595
19.7594
19.7623
19.7092
19.7126
19.7126
19.7126
19.7092
19.1985
19.193
19.1934
19.193
19.1985
18.8194
18.8193
18.8193
18.8193
18.8194
14.9123
14.896
14.8936
14.8961
14.9123
4.06304
3.99745
3.99342
3.99746
4.06305
7.5719
7.51262
7.50741
7.51262
7.57191
8.33311
8.27359
8.26781
8.27359
8.33311
6.01852
5.96028
5.95601
5.96028
6.01852
1.61134
1.60796
1.60791
1.60796
1.61134
3.49261
3.45695
3.45493
3.45696
3.49261
3.99028
3.9505
3.94795
3.9505
3.99028
2.79183
2.78372
2.78307
2.78373
2.79183
1.16792
1.18603
1.18741
1.18604
1.16793
1.63503
1.65253
1.65468
1.65253
1.63503
1.85432
1.86997
1.87198
1.86997
1.85432
1.66728
1.68524
1.68675
1.68524
1.66728
0.490227
0.497372
0.497949
0.497372
0.490227
0.613986
0.631244
0.632749
0.631244
0.613987
0.674273
0.692409
0.694011
0.69241
0.674274
0.622303
0.631904
0.632747
0.631904
0.622303
20.0836
20.0836
20.0836
20.0836
20.0836
20.0855
20.0855
20.0855
20.0855
20.0855
20.0878
20.0878
20.0878
20.0878
20.0878
20.0895
20.0896
20.0896
20.0896
20.0895
20.0898
20.0899
20.0899
20.0899
20.0898
20.0879
20.088
20.088
20.088
20.0879
20.0834
20.0835
20.0834
20.0835
20.0834
20.0758
20.0759
20.0759
20.0759
20.0758
20.0649
20.065
20.065
20.065
20.0649
20.0504
20.0505
20.0505
20.0505
20.0504
20.0321
20.0321
20.0321
20.0321
20.0321
20.0103
20.0105
20.0105
20.0105
20.0103
19.9839
19.9837
19.9836
19.9837
19.9839
19.9576
19.9581
19.9581
19.9581
19.9576
19.924
19.923
19.923
19.923
19.924
19.9039
19.9045
19.9045
19.9045
19.9039
19.8741
19.8729
19.8729
19.8729
19.8741
19.8634
19.8631
19.8632
19.8631
19.8634
19.8614
19.8608
19.8607
19.8608
19.8614
20.0795
20.0795
20.0795
20.0795
20.0795
20.0819
20.0818
20.0818
20.0818
20.0819
20.0836
20.0835
20.0835
20.0835
20.0836
20.0848
20.0847
20.0847
20.0847
20.0848
20.0846
20.0845
20.0845
20.0845
20.0846
20.0823
20.0822
20.0822
20.0822
20.0823
20.0774
20.0772
20.0772
20.0772
20.0774
20.0694
20.0693
20.0693
20.0693
20.0694
20.0581
20.0579
20.058
20.0579
20.0581
20.0432
20.0431
20.0431
20.0431
20.0432
20.0239
20.0237
20.0237
20.0237
20.0239
20.0014
20.0015
20.0015
20.0015
20.0014
19.9717
19.9712
19.9711
19.9712
19.9717
19.9456
19.9465
19.9465
19.9465
19.9456
19.904
19.9028
19.9028
19.9028
19.904
19.8932
19.8952
19.8952
19.8952
19.8932
19.8505
19.8483
19.8483
19.8483
19.8505
19.8821
19.8856
19.8856
19.8856
19.8821
19.8036
19.8019
19.8019
19.8019
19.8036
20.0772
20.0772
20.0772
20.0772
20.0772
20.08
20.08
20.08
20.08
20.08
20.0818
20.0818
20.0818
20.0818
20.0818
20.083
20.083
20.083
20.083
20.083
20.0828
20.0828
20.0828
20.0828
20.0828
20.0804
20.0804
20.0804
20.0804
20.0804
20.0753
20.0753
20.0753
20.0753
20.0753
20.0673
20.0673
20.0673
20.0673
20.0673
20.0557
20.0557
20.0557
20.0557
20.0557
20.0405
20.0405
20.0405
20.0405
20.0405
20.0201
20.0199
20.0199
20.0199
20.0201
19.9966
19.9969
19.9969
19.9969
19.9966
19.9611
19.9604
19.9604
19.9604
19.9611
19.9322
19.9333
19.9334
19.9333
19.9322
19.8618
19.86
19.8601
19.86
19.8618
19.8403
19.8431
19.8431
19.8431
19.8403
19.7009
19.6988
19.6989
19.6988
19.7009
19.7278
19.7313
19.7308
19.7313
19.7278
19.3989
19.3975
19.3962
19.3975
19.3989
20.0754
20.0754
20.0754
20.0754
20.0754
20.0784
20.0784
20.0784
20.0784
20.0784
20.0803
20.0802
20.0802
20.0802
20.0803
20.0815
20.0815
20.0815
20.0815
20.0815
20.0812
20.0812
20.0812
20.0812
20.0812
20.0787
20.0787
20.0786
20.0787
20.0787
20.0735
20.0735
20.0735
20.0735
20.0735
20.0653
20.0653
20.0653
20.0653
20.0653
20.0536
20.0535
20.0535
20.0535
20.0536
20.0382
20.0382
20.0382
20.0382
20.0382
20.0169
20.0167
20.0167
20.0167
20.0169
19.9929
19.9932
19.9932
19.9932
19.9929
19.9526
19.9518
19.9518
19.9518
19.9526
19.9223
19.9235
19.9236
19.9235
19.9223
19.8294
19.8273
19.8274
19.8273
19.8294
19.8017
19.8052
19.8052
19.8052
19.8017
19.5236
19.5208
19.5212
19.5208
19.5236
19.5668
19.5776
19.5775
19.5776
19.5668
18.0385
18.0384
18.0364
18.0384
18.0385
)
;

boundaryField
{
    empty
    {
        type            empty;
    }
    top
    {
        type            fixedValue;
        value           uniform 20.1;
    }
    fixedwall
    {
        type            zeroGradient;
    }
    outlet
    {
        type            fixedValue;
        value           uniform 0;
    }
}


// ************************************************************************* //
