/*--------------------------------*- C++ -*----------------------------------*\
  =========                 |
  \\      /  F ield         | OpenFOAM: The Open Source CFD Toolbox
   \\    /   O peration     | Website:  https://openfoam.org
    \\  /    A nd           | Version:  9
     \\/     M anipulation  |
\*---------------------------------------------------------------------------*/
FoamFile
{
    format      ascii;
    class       volScalarField;
    location    "3.5";
    object      epsilon;
}
// * * * * * * * * * * * * * * * * * * * * * * * * * * * * * * * * * * * * * //

dimensions      [0 2 -3 0 0 0 0];

internalField   nonuniform List<scalar> 
4545
(
14.7123
20.4699
17.9099
20.4699
14.7123
29.0137
29.3095
26.3258
29.3096
29.0138
35.5013
34.3242
30.9988
34.3244
35.5015
38.9939
37.4579
34.0311
37.4581
38.9941
41.2039
39.5519
36.0895
39.5523
41.2043
42.7046
40.9992
37.5241
41.0008
42.7089
43.7305
42.0045
38.5314
42.0083
43.7463
44.4255
42.6918
39.2312
42.6994
44.4456
44.872
43.143
39.7023
43.1539
44.9033
45.136
43.4164
39.9987
43.4287
45.1812
45.2707
43.5483
40.1592
43.564
45.3128
45.2961
43.5765
40.2146
43.5982
45.3478
45.2421
43.5272
40.1908
43.5529
45.3091
45.1278
43.3969
40.091
43.4197
45.1789
44.9361
43.1956
39.9167
43.2147
44.976
44.6895
42.9391
39.6873
42.9546
44.7465
44.401
42.6269
39.4038
42.6372
44.4464
44.0587
42.2596
39.0682
42.2616
44.0678
43.6619
41.8449
38.6837
41.8354
43.6523
43.1987
41.3731
38.2473
41.3603
43.1792
42.6692
40.8372
37.7543
40.8279
42.6691
42.1052
40.2467
37.2052
40.2376
42.1222
41.5064
39.5987
36.599
39.5846
41.4732
40.8046
38.8812
35.9334
38.8715
40.7731
40.0197
38.0969
35.2076
38.099
40.0297
39.1986
37.2499
34.4201
37.2566
39.2049
38.3378
36.3397
33.5665
36.3413
38.3077
37.3757
35.3593
32.6606
35.3587
37.3673
36.3248
34.3095
31.7107
34.3118
36.3563
35.2408
33.1978
30.704
33.1969
35.2405
34.1056
32.0251
29.6421
32.0243
34.1065
32.9103
30.7953
28.5279
30.7985
32.9358
31.6679
29.5121
27.3626
29.5156
31.6806
30.37
28.1772
26.1483
28.1802
30.3735
29.008
26.7951
24.8879
26.797
29.0122
27.5941
25.3706
23.5832
25.3717
27.5961
26.1389
23.908
22.2344
23.9086
26.14
24.6506
22.4016
20.8367
22.4019
24.6512
23.1111
20.8181
19.3822
20.8183
23.1114
18.1063
17.7237
15.0428
17.7239
18.1067
24.062
22.0486
19.2518
22.0488
24.0624
27.4388
24.9428
21.9722
24.9431
27.4393
29.3505
26.6677
23.6782
26.6679
29.3509
30.4805
27.7376
24.7694
27.7379
30.4812
31.1751
28.4086
25.4754
28.4098
31.1801
31.5937
28.8211
25.9276
28.8242
31.5986
31.8239
29.0573
26.205
29.0621
31.8361
31.9286
29.1692
26.3576
29.1763
31.9426
31.9348
29.1902
26.4185
29.2001
31.9525
31.8802
29.1479
26.4121
29.1602
31.9218
31.7834
29.054
26.3558
29.0692
31.8427
31.6441
28.9195
26.2552
28.9368
31.6973
31.4829
28.7534
26.1194
28.7681
31.5158
31.2951
28.5574
25.9527
28.5694
31.3171
31.0771
28.336
25.7599
28.3478
31.1079
30.856
28.0935
25.5431
28.1006
30.8842
30.6061
27.8287
25.3037
27.8286
30.6116
30.3238
27.5418
25.0429
27.5376
30.3063
30.025
27.2312
24.7597
27.2235
30.0002
29.6873
26.8946
24.4525
26.8886
29.6714
29.3158
26.5351
24.1217
26.5325
29.3103
28.9265
26.1532
23.7668
26.1478
28.9303
28.5064
25.7432
23.387
25.7404
28.5316
28.0465
25.3057
22.982
25.3099
28.0735
27.5887
24.8465
22.5509
24.8498
27.5891
27.0982
24.3629
22.0932
24.3613
27.0754
26.5513
23.8494
21.6118
23.8496
26.54
25.9805
23.309
21.1083
23.3117
25.9736
25.3605
22.7435
20.5799
22.7447
25.3472
24.7362
22.1561
20.0275
22.1587
24.7421
24.1036
21.5469
19.4512
21.5521
24.1059
23.4212
20.9129
18.85
20.9182
23.4224
22.7171
20.2549
18.2235
20.2588
22.7278
21.9851
19.5719
17.5713
19.5746
21.9892
21.2128
18.8627
16.8927
18.8644
21.2154
20.4123
18.126
16.1853
18.127
20.4138
19.5914
17.3526
15.4439
17.3531
19.5922
18.7271
16.5051
14.6618
16.5055
18.7274
19.2766
18.2307
16.2439
18.2309
19.277
22.9822
21.3071
19.419
21.3074
22.9826
25.2196
23.4504
21.5518
23.4506
25.2201
26.5837
24.7803
22.9168
24.7806
26.5841
27.3989
25.6016
23.7815
25.6019
27.3993
27.8801
26.097
24.3206
26.0974
27.8811
28.1452
26.3782
24.643
26.379
28.1468
28.2653
26.5142
24.817
26.5156
28.2684
28.2857
26.5487
24.8865
26.5508
28.29
28.2393
26.5137
24.8819
26.5164
28.2449
28.1404
26.425
24.8234
26.4286
28.1488
28.004
26.2954
24.7207
26.3003
28.0154
27.8385
26.1351
24.5853
26.1406
27.8505
27.6512
25.9502
24.4232
25.9552
27.6611
27.4443
25.7441
24.2383
25.7483
27.4521
27.2198
25.5198
24.034
25.5229
27.227
26.9812
25.2794
23.8124
25.2808
26.986
26.7271
25.0235
23.5745
25.023
26.7273
26.4568
24.7525
23.3211
24.7505
26.4528
26.1692
24.4653
23.0516
24.4626
26.1636
25.8623
24.1611
22.7653
24.1587
25.858
25.537
23.8402
22.4621
23.8381
25.5338
25.1925
23.5019
22.1416
23.5002
25.1898
24.8258
23.1453
21.8032
23.1448
24.8261
24.4362
22.77
21.4467
22.7715
24.4394
24.027
22.3766
21.0716
22.3786
24.0295
23.5962
21.9648
20.6775
21.9661
23.5962
23.1405
21.5339
20.2649
21.5347
23.1409
22.6619
21.0842
19.8342
21.0849
22.6631
22.1616
20.6162
19.3855
20.6171
22.1623
21.6427
20.1311
18.9193
20.1324
21.645
21.1059
19.6294
18.4357
19.6313
21.1092
20.5499
19.1109
17.9344
19.1131
20.5534
19.9762
18.576
17.4154
18.578
19.9797
19.3849
18.0244
16.8785
18.026
19.3875
18.7763
17.4558
16.3232
17.457
18.7782
18.1532
16.8694
15.7485
16.8701
18.1545
17.5211
16.2606
15.153
16.2611
17.5219
16.8642
15.6115
14.5375
15.6119
16.8648
19.6849
18.6674
17.1276
18.6677
19.6854
22.5633
21.1738
19.7725
21.1741
22.5638
24.3129
22.9264
21.5617
22.9267
24.3133
25.421
24.0434
22.7271
24.0437
25.4213
26.0953
24.7404
23.4697
24.7406
26.0956
26.4886
25.1562
23.9268
25.1565
26.489
26.6941
25.3821
24.1893
25.3824
26.6946
26.7714
25.4773
24.317
25.4778
26.7723
26.7606
25.481
24.3494
25.4817
26.7619
26.6906
25.4231
24.3163
25.4241
26.6923
26.5721
25.3142
24.2312
25.3155
26.5745
26.4203
25.1698
24.1075
25.1715
26.4234
26.2428
24.9979
23.9546
24.9998
26.2463
26.0457
24.8046
23.7786
24.8064
26.0489
25.832
24.5933
23.5832
24.5948
25.8347
25.6038
24.3666
23.3715
24.3677
25.6059
25.3628
24.1264
23.1452
24.127
25.3641
25.1091
23.8734
22.9055
23.8734
25.1092
24.8428
23.608
22.6529
23.6075
24.8418
24.5627
23.3297
22.3873
23.329
24.5613
24.2681
23.0381
22.1084
23.0375
24.2668
23.9585
22.7331
21.816
22.7327
23.9575
23.6331
22.4141
21.5097
22.4139
23.6324
23.2908
22.0808
21.1892
22.081
23.291
22.9313
21.7328
20.8544
21.7335
22.9324
22.5547
21.3702
20.505
21.3711
22.5561
22.161
20.993
20.141
20.9938
22.1622
21.7501
20.6012
19.7625
20.6019
21.7511
21.3225
20.1952
19.3698
20.1958
21.3235
20.879
19.7753
18.9632
19.7759
20.88
20.4206
19.342
18.5428
19.3428
20.4219
19.9483
18.8957
18.1088
18.8967
19.9499
19.4627
18.4368
17.6615
18.4379
19.4646
18.9648
17.9658
17.2009
17.9669
18.9666
18.4554
17.4832
16.7274
17.4841
18.457
17.9364
16.9898
16.2415
16.9905
17.9376
17.4111
16.4866
15.7439
16.4871
17.4121
16.8875
15.9737
15.2353
15.9742
16.8883
16.3604
15.444
14.7224
15.4444
16.361
19.8721
18.94
17.6766
18.9402
19.8725
22.3571
21.1424
20.0109
21.1426
22.3575
23.861
22.6749
21.5901
22.6751
23.8613
24.8307
23.665
22.6288
23.6652
24.831
25.429
24.2887
23.295
24.2889
25.4292
25.7779
24.6605
23.7039
24.6607
25.7781
25.9556
24.8581
23.9336
24.8583
25.9558
26.0141
24.9338
24.0372
24.934
26.0144
25.9905
24.9237
24.0511
24.924
25.9909
25.9091
24.8541
24.003
24.8545
25.9097
25.7818
24.7359
23.904
24.7364
25.7825
25.6224
24.5838
23.7691
24.5845
25.6235
25.4386
24.4057
23.6066
24.4065
25.4398
25.2362
24.2076
23.4225
24.2083
25.2374
25.0184
23.9928
23.2206
23.9934
25.0194
24.7874
23.7641
23.004
23.7646
24.7882
24.5447
23.5233
22.7745
23.5236
24.5453
24.291
23.2713
22.5332
23.2715
24.2913
24.0266
23.0087
22.2809
23.0087
24.0265
23.7508
22.7354
22.0177
22.7353
23.7506
23.4633
22.4513
21.7437
22.4513
23.4632
23.1638
22.1565
21.4588
22.1565
23.1638
22.8518
21.8505
21.1629
21.8507
22.8519
22.5269
21.5335
20.856
21.5338
22.5273
22.1891
21.2053
20.5381
21.2058
22.1899
21.8385
20.866
20.2091
20.8666
21.8394
21.4754
20.5159
19.8693
20.5165
21.4763
21.1001
20.1552
19.5188
20.1557
21.101
20.7132
19.784
19.1578
19.7845
20.714
20.3151
19.4028
18.7863
19.4033
20.316
19.9066
19.0117
18.4046
19.0123
19.9076
19.4883
18.611
18.0127
18.6116
19.4893
19.0606
18.201
17.6106
18.2016
19.0617
18.6243
17.7821
17.1985
17.7827
18.6254
18.1805
17.3551
16.7765
17.3557
18.1815
17.7314
16.9215
16.3461
16.922
17.7323
17.2811
16.4835
15.9095
16.4839
17.2819
16.8389
16.0428
15.4703
16.0432
16.8396
16.4036
15.5974
15.036
15.5978
16.4042
19.979
19.1106
18.0179
19.1108
19.9793
22.2451
21.1363
20.1621
21.1365
22.2454
23.6123
22.5393
21.6117
22.5395
23.6126
24.5021
23.4519
22.5699
23.4521
24.5023
25.0555
24.0303
23.1875
24.0305
25.0557
25.3791
24.3757
23.5663
24.3758
25.3793
25.5418
24.5571
23.7765
24.5573
25.542
25.5907
24.6221
23.8664
24.6223
25.5909
25.5605
24.6047
23.8699
24.605
25.5607
25.4727
24.5284
23.8128
24.5286
25.473
25.34
24.4046
23.7056
24.4049
25.3404
25.1756
24.2475
23.5635
24.2479
25.1761
24.987
24.0649
23.3945
24.0653
24.9875
24.78
23.8627
23.2045
23.8631
24.7807
24.5582
23.6446
22.9977
23.645
24.5588
24.324
23.4135
22.7771
23.4138
24.3246
24.0792
23.1713
22.5447
23.1716
24.0797
23.8246
22.9192
22.3019
22.9194
23.825
23.5609
22.658
22.0496
22.6582
23.5612
23.2881
22.3881
21.7884
22.3883
23.2883
23.0062
22.1098
21.5187
22.11
23.0064
22.7153
21.8234
21.2407
21.8236
22.7156
22.4155
21.5289
20.9547
21.5292
22.4158
22.1067
21.2267
20.6609
21.227
22.1072
21.7894
20.9169
20.3596
20.9173
21.79
21.4639
20.6
20.051
20.6004
21.4645
21.1307
20.2762
19.7354
20.2766
21.1313
20.7902
19.9459
19.413
19.9463
20.7909
20.443
19.6092
19.084
19.6096
20.4437
20.0895
19.2662
18.7482
19.2666
20.0902
19.7298
18.917
18.4055
18.9174
19.7305
19.3642
18.5614
18.0554
18.5618
19.365
18.9925
18.1991
17.6978
18.1996
18.9933
18.6149
17.8301
17.3326
17.8306
18.6157
18.2314
17.4551
16.9606
17.4556
18.2322
17.8444
17.076
16.5832
17.0764
17.8452
17.4592
16.6959
16.2028
16.6963
17.4599
17.0861
16.3189
15.8237
16.3192
17.0868
16.7278
15.9445
15.4539
15.9449
16.7284
20.0451
19.2182
18.232
19.2183
20.0454
22.1799
21.1365
20.2576
21.1367
22.1801
23.4672
22.4613
21.627
22.4615
23.4674
24.3092
23.3264
22.5348
23.3266
24.3094
24.8355
23.8766
23.1213
23.8768
24.8356
25.1434
24.2054
23.481
24.2056
25.1436
25.2968
24.3767
23.6788
24.3769
25.297
25.3395
24.435
23.7598
24.4351
25.3397
25.3047
24.4126
23.7566
24.4128
25.3049
25.2119
24.3312
23.6929
24.3314
25.2122
25.0746
24.2029
23.5798
24.2031
25.0749
24.9052
24.0412
23.4318
24.0415
24.9056
24.7116
23.8541
23.2572
23.8544
24.712
24.4997
23.6476
23.0619
23.6479
24.5001
24.2732
23.4256
22.8502
23.4259
24.2737
24.035
23.1912
22.6255
23.1915
24.0354
23.7871
22.9466
22.3899
22.9469
23.7875
23.5307
22.6934
22.1453
22.6937
23.5311
23.267
22.4328
21.8928
22.433
23.2673
22.9964
22.1654
21.6333
22.1656
22.9967
22.7195
21.8921
21.3677
21.8923
22.7198
22.4369
21.6135
21.0966
21.6137
22.4372
22.149
21.3301
20.8206
21.3304
22.1494
21.8566
21.0426
20.5404
21.0429
21.857
21.5601
20.7516
20.2564
20.7519
21.5606
21.2604
20.4576
19.9693
20.458
21.2609
20.9581
20.1613
19.6794
20.1616
20.9587
20.6539
19.8628
19.3871
19.8631
20.6545
20.3481
19.5623
19.0921
19.5626
20.3486
20.0408
19.2597
18.7943
19.26
20.0414
19.7317
18.9543
18.493
18.9547
19.7323
19.42
18.6457
18.1879
18.6461
19.4206
19.1053
18.3334
17.8781
18.3338
19.1059
18.7876
18.0173
17.5633
18.0177
18.7882
18.4673
17.6977
17.2436
17.6981
18.4679
18.1459
17.3758
16.92
17.3761
18.1465
17.8276
17.054
16.5947
17.0544
17.8283
17.5222
16.7361
16.2719
16.7364
17.5228
17.2327
16.4226
15.9591
16.4229
17.2333
20.0854
19.2839
18.3626
19.2841
20.0857
22.1412
21.1376
20.3159
21.1378
22.1414
23.3817
22.416
21.637
22.4161
23.3819
24.1954
23.2525
22.514
23.2526
24.1956
24.7049
23.7853
23.0812
23.7854
24.7051
25.0027
24.1033
23.4285
24.1035
25.0029
25.1494
24.2676
23.6178
24.2678
25.1496
25.187
24.3205
23.6924
24.3207
25.1872
25.1478
24.2938
23.6837
24.294
25.148
25.0498
24.2075
23.6142
24.2077
25.0501
24.9072
24.0743
23.4956
24.0746
24.9075
24.7322
23.9076
23.3419
23.9078
24.7325
24.5326
23.7153
23.1615
23.7155
24.533
24.3147
23.5036
22.9605
23.5038
24.3151
24.0825
23.2766
22.7436
23.2769
24.0829
23.8391
23.038
22.5141
23.0382
23.8395
23.587
22.79
22.2748
22.7903
23.5874
23.3279
22.5347
22.0277
22.5349
23.3283
23.0633
22.2736
21.7744
22.2738
23.0636
22.7941
22.0079
21.5161
22.0081
22.7945
22.5216
21.7388
21.2542
21.7391
22.522
22.2469
21.4675
20.9898
21.4678
22.2473
21.9709
21.195
20.7239
21.1952
21.9713
21.6947
20.9222
20.4576
20.9225
21.6951
21.4195
20.6503
20.1917
20.6506
21.4199
21.1464
20.3801
19.927
20.3803
21.1468
20.8762
20.1123
19.6643
20.1125
20.8767
20.6098
19.8473
19.4038
19.8476
20.6103
20.3474
19.5852
19.1454
19.5855
20.3479
20.0887
19.3256
18.8888
19.3259
20.0892
19.8333
19.068
18.6332
19.0683
19.8338
19.5805
18.8113
18.3773
18.8116
19.5811
19.3288
18.554
18.1198
18.5543
19.3293
19.0766
18.2952
17.8596
18.2956
19.0772
18.8235
18.0344
17.596
18.0347
18.824
18.5701
17.772
17.3292
17.7723
18.5707
18.3201
17.5099
17.0608
17.5103
18.3207
18.0825
17.2512
16.7941
17.2515
18.0831
17.8603
16.9961
16.5359
16.9964
17.8609
20.1069
19.3188
18.4324
19.319
20.1071
22.1202
21.138
20.3469
21.1382
22.1205
23.3359
22.3916
21.6421
22.3917
23.3361
24.134
23.2125
22.5022
23.2126
24.1342
24.6335
23.7351
23.0582
23.7352
24.6337
24.9244
24.0461
23.3976
24.0462
24.9246
25.0656
24.2049
23.5807
24.2051
25.0658
25.0981
24.2529
23.6498
24.2531
25.0983
25.0538
24.2216
23.6361
24.2218
25.0541
24.9498
24.1297
23.5608
24.1299
24.9501
24.8008
23.991
23.4362
23.9912
24.8011
24.6189
23.8182
23.2764
23.8184
24.6193
24.4122
23.6196
23.0895
23.6199
24.4126
24.1871
23.4016
22.8823
23.4019
24.1875
23.9479
23.1687
22.6592
23.169
23.9483
23.6982
22.9246
22.4243
22.9248
23.6985
23.4407
22.672
22.1803
22.6723
23.441
23.1775
22.4134
21.9298
22.4137
23.1779
22.9108
22.1507
21.6748
22.1509
22.9112
22.642
21.8856
21.4169
21.8858
22.6424
22.3728
21.6197
21.158
21.6199
22.3732
22.1049
21.3547
20.8996
21.355
22.1052
21.8399
21.0922
20.6432
21.0924
21.8402
21.5793
20.8336
20.3903
20.8338
21.5797
21.325
20.5804
20.1424
20.5806
21.3253
21.0783
20.3339
19.9005
20.3341
21.0787
20.8407
20.0952
19.6657
20.0954
20.8411
20.6131
19.8648
19.4384
19.8651
20.6135
20.3959
19.6431
19.2189
19.6434
20.3963
20.1891
19.4298
19.0065
19.43
20.1896
19.9919
19.2236
18.8001
19.2239
19.9923
19.8026
19.0231
18.598
19.0233
19.803
19.619
18.8261
18.3982
18.8264
19.6194
19.4388
18.6307
18.1986
18.631
19.4393
19.26
18.4351
17.9972
18.4353
19.2605
19.0822
18.2384
17.7931
18.2387
19.0827
18.9073
18.0414
17.5865
18.0417
18.9079
18.7433
17.8458
17.3794
17.846
18.7438
18.5923
17.6509
17.1774
17.6512
18.5929
20.1128
19.3282
18.4524
19.3284
20.1131
22.1134
21.1373
20.3555
21.1375
22.1136
23.321
22.3831
21.6426
22.3833
23.3212
24.1133
23.1984
22.4968
23.1985
24.1135
24.608
23.7164
23.0479
23.7165
24.6082
24.8942
24.0231
23.3829
24.0232
24.8945
25.0305
24.1775
23.5615
24.1777
25.0308
25.0576
24.2207
23.6257
24.2209
25.0579
25.0075
24.1842
23.6069
24.1844
25.0078
24.8964
24.0861
23.5254
24.0863
24.8967
24.7399
23.9408
23.3944
23.941
24.7402
24.5499
23.761
23.2277
23.7612
24.5503
24.3347
23.555
23.0338
23.5553
24.3351
24.1011
23.3297
22.8193
23.3299
24.1015
23.8536
23.0895
22.5893
23.0897
23.8539
23.596
22.8386
22.3479
22.8388
23.5963
23.3315
22.5801
22.0982
22.5803
23.3319
23.0628
22.3167
21.8432
22.3169
23.0632
22.7923
22.0509
21.5851
22.0511
22.7926
22.5221
21.7847
21.3264
21.7849
22.5224
22.2544
21.5204
21.069
21.5206
22.2547
21.9914
21.26
20.8151
21.2602
21.9917
21.7355
21.0058
20.5668
21.006
21.7358
21.4888
20.7597
20.3261
20.7599
21.4891
21.2537
20.5238
20.095
20.524
21.254
21.0322
20.3
19.875
20.3001
21.0326
20.8263
20.0896
19.6677
20.0898
20.8267
20.6374
19.894
19.474
19.8942
20.6377
20.4663
19.7138
19.2944
19.714
20.4666
20.3137
19.5489
19.1286
19.5491
20.314
20.1786
19.3979
18.9753
19.3981
20.1789
20.0586
19.2589
18.8324
19.2591
20.059
19.951
19.1291
18.6969
19.1293
19.9514
19.8523
19.0052
18.5657
19.0054
19.8527
19.7588
18.884
18.4353
18.8843
19.7592
19.6681
18.7629
18.303
18.7631
19.6686
19.5802
18.6402
18.1668
18.6405
19.5807
19.5006
18.5158
18.0266
18.5161
19.5011
19.4301
18.3872
17.8859
18.3874
19.4307
20.104
19.3135
18.4257
19.3137
20.1043
22.1197
21.1355
20.3431
21.1356
22.12
23.3349
22.3893
21.6388
22.3894
23.3352
24.1303
23.2081
22.4972
23.2083
24.1306
24.6249
23.7267
23.0494
23.7268
24.6252
24.9086
24.0317
23.3831
24.0318
24.9089
25.0405
24.1826
23.5587
24.1828
25.0408
25.0618
24.221
23.6186
24.2212
25.0621
25.0052
24.179
23.5948
24.1792
25.0056
24.8861
24.0741
23.5069
24.0743
24.8865
24.721
23.9214
23.3691
23.9216
24.7214
24.522
23.7337
23.1951
23.7339
24.5223
24.2973
23.5196
22.9935
23.5198
24.2977
24.0539
23.2857
22.7711
23.286
24.0543
23.7966
23.0372
22.5333
23.0374
23.797
23.5297
22.7782
22.2844
22.7784
23.5301
23.2566
22.5123
22.0279
22.5125
23.257
22.9805
22.2426
21.7671
22.2428
22.9808
22.7041
21.9718
21.5046
21.972
22.7044
22.4301
21.7026
21.2431
21.7028
22.4305
22.1614
21.4376
20.9854
21.4377
22.1617
21.9007
21.1794
20.7339
21.1796
21.901
21.6508
20.9309
20.4914
20.931
21.6511
21.4149
20.6946
20.2605
20.6947
21.4152
21.1959
20.4733
20.0436
20.4734
21.1962
20.9967
20.2695
19.8433
20.2696
20.997
20.8201
20.0855
19.6617
20.0857
20.8203
20.6683
19.9233
19.5006
19.9235
20.6686
20.5431
19.7843
19.361
19.7845
20.5434
20.446
19.6689
19.2432
19.6691
20.4463
20.3763
19.5764
19.1462
19.5766
20.3766
20.3321
19.5046
19.0679
19.5048
20.3324
20.3104
19.4503
19.0048
19.4505
20.3107
20.3062
19.4091
18.9525
19.4093
20.3065
20.3138
19.3756
18.9057
19.3758
20.3142
20.3284
19.3447
18.8589
19.3449
20.3288
20.3463
19.3116
18.807
19.3118
20.3467
20.3694
19.2723
18.7464
19.2725
20.3699
20.3953
19.221
18.6771
19.2212
20.3958
20.0794
19.2727
18.3485
19.2729
20.0797
22.1405
21.1325
20.3082
21.1327
22.1408
23.3806
22.4117
21.6307
22.4119
23.3809
24.1892
23.2446
22.5046
23.2448
24.1895
24.6891
23.7696
23.0645
23.7698
24.6894
24.9729
24.0759
23.4008
24.0761
24.9732
25.1014
24.2248
23.5754
24.225
25.1018
25.1169
24.2588
23.632
24.259
25.1173
25.0535
24.2113
23.6036
24.2115
25.0539
24.9258
24.0992
23.5096
24.0994
24.9262
24.7515
23.9387
23.365
23.939
24.7519
24.5425
23.7427
23.1835
23.7429
24.5429
24.3074
23.5197
22.974
23.52
24.3078
24.0534
23.2768
22.7435
23.2771
24.0538
23.7854
23.0192
22.4974
23.0194
23.7858
23.5079
22.7512
22.2404
22.7514
23.5083
23.2247
22.4767
21.9762
22.4769
23.2251
22.9393
22.1991
21.7082
22.1993
22.9396
22.6549
21.9215
21.4397
21.9217
22.6552
22.3745
21.6469
21.1737
21.647
22.3748
22.1015
21.3784
20.9132
21.3786
22.1018
21.8392
21.1193
20.6613
21.1194
21.8395
21.5913
20.8727
20.4214
20.8729
21.5916
21.3615
20.6422
20.1966
20.6424
21.3618
21.1537
20.4313
19.9903
20.4314
21.1539
20.9719
20.2433
19.8059
20.2435
20.9721
20.82
20.0819
19.6465
20.082
20.8202
20.7018
19.9499
19.5149
19.95
20.702
20.6205
19.85
19.4135
19.8501
20.6207
20.5785
19.7839
19.3436
19.784
20.5787
20.577
19.7519
19.3053
19.7521
20.5772
20.6147
19.7532
19.2973
19.7534
20.615
20.6907
19.7839
19.3159
19.7841
20.691
20.7986
19.8402
19.3565
19.8403
20.7989
20.931
19.9138
19.4114
19.914
20.9313
21.0789
19.9961
19.4715
19.9963
21.0793
21.2339
20.0773
19.5268
20.0775
21.2343
21.3913
20.1475
19.568
20.1477
21.3917
21.542
20.1941
19.5885
20.1943
21.5425
20.0351
19.1997
18.209
19.1999
20.0354
22.1795
21.1287
20.2455
21.1289
22.1798
23.4674
22.4559
21.618
22.4561
23.4677
24.3027
23.3164
22.522
23.3166
24.3031
24.8154
23.8559
23.0986
23.8561
24.8158
25.1034
24.168
23.4427
24.1682
25.1038
25.2305
24.3172
23.6195
24.3174
25.2309
25.2412
24.3481
23.6747
24.3484
25.2416
25.1714
24.2959
23.6431
24.2962
25.1718
25.0352
24.1772
23.544
24.1775
25.0357
24.8516
24.0093
23.3932
24.0095
24.8521
24.6326
23.805
23.2049
23.8053
24.633
24.3868
23.5733
22.9879
23.5735
24.3873
24.1217
23.3212
22.7495
23.3214
24.1221
23.8423
23.054
22.4953
23.0541
23.8426
23.5532
22.7763
22.2299
22.7765
23.5535
23.2585
22.4923
21.9574
22.4924
23.2588
22.9619
22.2054
21.6815
22.2055
22.9622
22.667
21.9191
21.4055
21.9192
22.6673
22.3772
21.6367
21.1329
21.6368
22.3775
22.0963
21.3617
20.8672
21.3619
22.0966
21.8282
21.0979
20.6118
21.0981
21.8285
21.5771
20.849
20.3705
20.8492
21.5774
21.3475
20.6192
20.1473
20.6194
21.3477
21.1443
20.4129
19.9465
20.413
21.1445
20.9727
20.2346
19.7724
20.2348
20.973
20.8383
20.0892
19.6295
20.0894
20.8386
20.7468
19.9814
19.5222
19.9816
20.747
20.7035
19.9157
19.4545
19.9159
20.7038
20.7133
19.896
19.4301
19.8962
20.7136
20.7793
19.9243
19.4505
19.9244
20.7795
20.9067
20.0032
19.5174
20.0034
20.9069
21.0939
20.1317
19.6297
20.1319
21.0942
21.3373
20.3046
19.7816
20.3047
21.3375
21.6287
20.5133
19.9644
20.5135
21.629
21.9556
20.7453
20.1651
20.7455
21.956
22.302
20.9836
20.3668
20.9838
22.3023
22.652
21.2078
20.55
21.208
22.6524
22.9817
21.3921
20.6963
21.3923
22.9821
19.9628
19.082
17.9827
19.0822
19.9631
22.245
21.1246
20.1442
21.1248
22.2454
23.6151
22.5329
21.5999
22.5331
23.6155
24.4979
23.4412
22.5548
23.4415
24.4983
25.035
24.007
23.1607
24.0072
25.0355
25.3336
24.3319
23.5205
24.3321
25.3341
25.4632
24.4857
23.7046
24.486
25.4637
25.4714
24.5164
23.762
24.5167
25.4719
25.3969
24.4615
23.7298
24.4618
25.3974
25.2538
24.338
23.6282
24.3383
25.2543
25.0619
24.164
23.4734
24.1643
25.0624
24.8336
23.9527
23.28
23.9529
24.8341
24.5777
23.713
23.057
23.7132
24.5782
24.3017
23.4523
22.8119
23.4525
24.3021
24.0107
23.1759
22.5503
23.1761
24.011
23.7095
22.8886
22.2771
22.8887
23.7097
23.4024
22.5945
21.9964
22.5946
23.4026
23.093
22.2974
21.7121
22.2975
23.0933
22.7854
22.0008
21.4279
22.0009
22.7857
22.4832
21.7084
21.1471
21.7085
22.4835
22.1905
21.4239
20.8738
21.4241
22.1908
21.9117
21.1516
20.6118
21.1518
21.9121
21.6515
20.8955
20.3652
20.8957
21.6519
21.4151
20.6606
20.1387
20.6608
21.4154
21.2084
20.452
19.9374
20.4522
21.2087
21.0378
20.2755
19.7667
20.2757
21.0381
20.9107
20.1374
19.6325
20.1376
20.911
20.8351
20.0446
19.5413
20.0449
20.8354
20.8197
20.0043
19.4998
20.0046
20.82
20.8712
20.0229
19.5139
20.0231
20.8716
21.0015
20.1073
19.5894
20.1076
21.0019
21.2202
20.267
19.7349
20.2672
21.2206
21.5324
20.5037
19.9512
20.5039
21.5328
21.9408
20.8174
20.2373
20.8176
21.9411
22.4414
21.2018
20.5858
21.202
22.4417
23.0217
21.6423
20.9813
21.6425
23.022
23.6575
22.1133
21.3981
22.1135
23.6578
24.3149
22.5772
21.8004
22.5774
24.3153
24.9397
22.9826
22.1465
22.9828
24.94
19.8453
18.8957
17.6235
18.896
19.8457
22.3559
21.1239
19.9837
21.1241
22.3564
23.867
22.6665
21.5737
22.6667
23.8674
24.8309
23.654
22.6108
23.6543
24.8314
25.4112
24.2643
23.265
24.2646
25.4117
25.7315
24.6132
23.6525
24.6134
25.7321
25.8708
24.7791
23.8524
24.7794
25.8714
25.8817
24.8152
23.9187
24.8155
25.8823
25.8063
24.7618
23.891
24.7621
25.807
25.6597
24.6374
23.7917
24.6377
25.6603
25.4622
24.4604
23.6368
24.4606
25.4629
25.2268
24.2445
23.4417
24.2447
25.2273
24.9624
23.999
23.2157
23.9992
24.9628
24.6768
23.7315
22.9664
23.7316
24.6769
24.375
23.4472
22.6996
23.4472
24.375
24.0619
23.1511
22.4203
23.151
24.0618
23.742
22.8473
22.1327
22.8472
23.7418
23.4189
22.5397
21.8408
22.5396
23.4189
23.0968
22.232
21.5482
22.232
23.0969
22.7794
21.9278
21.2588
21.928
22.7797
22.4713
21.6315
20.9765
21.6318
22.4718
22.1771
21.3472
20.7055
21.3475
22.1776
21.9019
21.0794
20.4504
21.0797
21.9023
21.6512
20.8335
20.216
20.8338
21.6517
21.4318
20.6153
20.0082
20.6156
21.4323
21.2513
20.4316
19.8335
20.432
21.2518
21.1185
20.2903
19.6992
20.2907
21.1191
21.0441
20.2004
19.6139
20.2008
21.0449
21.0405
20.1723
19.5873
20.1728
21.0413
21.118
20.2155
19.6282
20.216
21.1188
21.2988
20.3457
19.7507
20.3462
21.2995
21.6017
20.5801
19.9704
20.5805
21.6023
22.0453
20.9309
20.2977
20.9312
22.0458
22.6486
21.4102
20.7423
21.4105
22.6491
23.4256
22.0242
21.3072
22.0244
23.426
24.3774
22.7655
21.9825
22.7658
24.3778
25.4825
23.6052
22.7372
23.6054
25.4828
26.6859
24.4817
23.5118
24.4819
26.6863
27.8741
25.2925
24.2185
25.2927
27.8745
19.6382
18.5974
17.0467
18.5977
19.6386
22.5561
21.142
19.729
21.1422
22.5566
24.3199
22.9117
21.5358
22.912
24.3205
25.425
24.0294
22.7029
24.0297
25.4255
26.081
24.7135
23.434
24.7138
26.0816
26.4434
25.1051
23.8685
25.1054
26.444
26.6067
25.2969
24.0989
25.2972
26.6074
26.6314
25.349
24.186
25.3493
26.6321
26.5634
25.3051
24.172
25.3054
26.5641
26.4207
25.1876
24.0841
25.1879
26.4215
26.2231
25.0132
23.9361
25.0135
26.2239
25.9848
24.7975
23.7453
24.7977
25.9853
25.7152
24.55
23.5213
24.5501
25.7154
25.4226
24.2789
23.2724
24.2786
25.4222
25.1121
23.9893
23.0042
23.9887
25.1111
24.7883
23.6863
22.7221
23.6856
24.7872
24.4562
23.3743
22.4304
23.3736
24.4552
24.1194
23.057
22.1331
23.0566
24.1185
23.7818
22.7383
21.8339
22.7381
23.7812
23.4473
22.4218
21.5367
22.4219
23.4473
23.1208
22.112
21.2458
22.1124
23.1214
22.8073
21.8135
20.9655
21.814
22.808
22.5119
21.5308
20.7003
21.5312
22.5124
22.2404
21.2693
20.4555
21.2697
22.2408
21.9996
21.0352
20.2373
21.0357
22.0003
21.7979
20.836
20.0527
20.8367
21.7991
21.6458
20.6808
19.9105
20.6818
21.6476
21.5557
20.5805
19.821
20.5817
21.5578
21.543
20.5486
19.7969
20.5499
21.5453
21.623
20.5985
19.8504
20.5997
21.6252
21.827
20.754
20.0041
20.755
21.8289
22.1897
21.0453
20.2852
21.0461
22.1913
22.7507
21.5018
20.7197
21.5025
22.7518
23.5621
22.1613
21.3405
22.1618
23.5629
24.6848
23.0637
22.1799
23.064
24.6854
26.1783
24.2399
23.2599
24.2402
26.1788
28.0776
25.6904
24.5707
25.6906
28.078
30.347
27.3442
26.0373
27.3444
30.3474
32.7842
29.0032
27.4828
29.0034
32.7846
19.1906
18.1159
16.1184
18.1161
19.191
22.9559
21.2482
19.3464
21.2485
22.9564
25.2185
23.4187
21.5059
23.4189
25.219
26.5842
24.7539
22.8765
24.7541
26.5848
27.3814
25.5634
23.7306
25.5637
27.382
27.83
26.0338
24.2463
26.0341
27.8306
28.0508
26.2794
24.5347
26.2797
28.0515
28.1156
26.3702
24.6654
26.3705
28.1163
28.0732
26.3523
24.6834
26.3526
28.0743
27.9509
26.2562
24.6217
26.2566
27.9522
27.7643
26.0952
24.4938
26.0956
27.765
27.5315
25.8879
24.3174
25.888
27.5312
27.2624
25.6445
24.1036
25.6443
27.2614
26.9679
25.3747
23.8616
25.3734
26.9654
26.6525
25.0835
23.5978
25.0814
26.6486
26.3202
24.7761
23.3175
24.7739
26.316
25.9777
24.458
23.0259
24.456
25.9748
25.6284
24.1326
22.7268
24.1311
25.6249
25.2766
23.8034
22.424
23.8023
25.2709
24.9235
23.4744
22.1216
23.474
24.9207
24.5762
23.1506
21.8242
23.1511
24.5763
24.2417
22.8371
21.5365
22.8376
24.2403
23.9229
22.5381
21.2629
22.5383
23.9212
23.627
22.259
21.0088
22.2589
23.6255
23.3585
22.0057
20.7804
22.0062
23.3591
23.1269
21.7863
20.5854
21.788
23.1315
22.9475
21.6111
20.4333
21.6138
22.9538
22.8295
21.4917
20.3355
21.495
22.8365
22.7891
21.4432
20.3069
21.4467
22.7964
22.8478
21.4831
20.3633
21.4864
22.8541
23.0397
21.6407
20.5341
21.6434
23.0454
23.4192
21.9614
20.8602
21.9633
23.4242
24.0491
22.4949
21.3873
22.4962
24.0521
25.0284
23.3182
22.1844
23.3191
25.0301
26.5119
24.5406
23.3458
24.5412
26.513
28.7178
26.3054
24.9912
26.3058
28.7185
31.9346
28.7742
27.2432
28.7745
31.9352
36.4457
32.0364
30.1429
32.0367
36.4462
42.1848
35.8256
33.4192
35.8258
42.1853
17.9347
17.5232
14.8402
17.5234
17.935
23.9785
21.9326
19.1256
21.9328
23.9789
27.3998
24.8684
21.884
24.8686
27.4003
29.3196
26.6024
23.5983
26.6026
29.3201
30.4299
27.6588
24.6768
27.659
30.4304
31.0905
28.3013
25.3548
28.3016
31.0911
31.4659
28.6741
25.7672
28.6742
31.4664
31.6452
28.8604
25.9939
28.8603
31.6456
31.6807
28.9108
26.0851
28.911
31.6838
31.6155
28.8634
26.0757
28.8638
31.6101
31.468
28.7389
25.9925
28.738
31.4568
31.2557
28.5534
25.8457
28.5513
31.2482
30.9955
28.3205
25.6511
28.3173
30.9861
30.7102
28.0558
25.4215
28.0503
30.704
30.3899
27.7628
25.164
27.7562
30.3893
30.0372
27.4459
24.8846
27.4407
30.0333
29.6895
27.1175
24.5913
27.1144
29.6739
29.3304
26.7791
24.2876
26.775
29.3165
28.96
26.4341
23.9776
26.4269
28.9377
28.5967
26.0864
23.6674
26.0823
28.5795
28.2253
25.7416
23.3617
25.7417
28.2225
27.8728
25.4086
23.0654
25.4058
27.8415
27.5425
25.09
22.7834
25.0858
27.5083
27.2146
24.7909
22.5218
24.7881
27.198
26.9139
24.5173
22.2872
24.5178
26.9143
26.6507
24.2789
22.0882
24.2849
26.6736
26.4665
24.093
21.9361
24.1016
26.4803
26.3439
23.9671
21.8433
23.9761
26.3627
26.2767
23.9148
21.8281
23.9245
26.3195
26.3248
23.9604
21.9086
23.9689
26.3654
26.5215
24.1408
22.1258
24.1477
26.5418
26.9179
24.5134
22.5318
24.5195
26.9344
27.5817
25.1474
23.1939
25.1511
27.599
28.6522
26.1655
24.2283
26.1673
28.6582
30.4616
27.7897
25.8302
27.7906
30.4637
33.5091
30.3893
28.3265
30.3899
33.5101
38.8026
34.5944
32.2466
34.5947
38.8033
48.3604
41.469
38.3938
41.4693
48.3609
65.0484
51.8795
47.4637
51.8798
65.0489
14.3196
20.004
17.463
20.004
14.3195
28.7214
29.0285
26.05
29.0285
28.7213
35.2949
34.0992
30.778
34.0993
35.2948
38.7961
37.228
33.8052
37.2281
38.7961
40.9661
39.2791
35.8237
39.2791
40.9661
42.3992
40.6554
37.1912
40.6555
42.3992
43.3419
41.5665
38.108
41.5666
43.3419
43.9313
42.1384
38.696
42.1382
43.9305
44.253
42.4533
39.035
42.4533
44.2554
44.359
42.5586
39.1751
42.5588
44.3633
44.3237
42.5229
39.1679
42.5229
44.3221
44.1729
42.3719
39.0593
42.3703
44.1629
43.8998
42.1046
38.8337
42.1022
43.8881
43.5755
41.7712
38.5375
41.7651
43.5586
43.195
41.3782
38.1842
41.37
43.174
42.7457
40.9334
37.7832
40.9281
42.7304
42.2851
40.4632
37.3523
40.4584
42.2824
41.8078
39.9719
36.9
39.9664
41.7951
41.3298
39.4655
36.4352
39.4571
41.277
40.8212
38.953
35.9742
38.9476
40.7946
40.315
38.4483
35.5219
38.4487
40.318
39.8524
37.9672
35.0876
37.9652
39.8257
39.3998
37.5134
34.6802
37.5108
39.3808
39.0082
37.104
34.3108
37.0995
38.9873
38.6494
36.7468
33.993
36.7459
38.645
38.3477
36.4607
33.7435
36.4677
38.3835
38.2009
36.2781
33.5816
36.2871
38.2341
38.1668
36.2223
33.536
36.2333
38.1958
38.2479
36.3125
33.6378
36.3228
38.277
38.5337
36.6096
33.9395
36.6187
38.5509
39.1023
37.2189
34.5386
37.2266
39.1249
40.0624
38.2369
35.5231
38.2431
40.0912
41.5184
39.8275
37.0523
39.8314
41.5283
43.5942
42.2285
39.3584
42.2298
43.5964
47.4753
45.8689
42.8261
45.8699
47.4771
53.5118
51.4945
48.1563
51.4952
53.5132
63.2963
60.4931
56.6352
60.4937
63.2974
83.9713
76.7699
71.3572
76.7705
83.9723
169.673
131.274
119.223
131.275
169.674
17.7713
15.6788
14.3958
15.6788
17.7713
15.9163
14.0907
12.2807
14.0909
15.9163
15.0404
14.0186
12.8932
14.0187
15.0406
15.0622
14.3062
13.5171
14.3064
15.0625
15.4274
14.7597
14.126
14.76
15.4278
16.0037
15.329
14.7643
15.3293
16.0041
16.7153
15.9874
15.4467
15.9876
16.7159
17.5403
16.724
16.1799
16.7242
17.5408
18.4749
17.5373
16.969
17.5376
18.4755
19.5297
18.4354
17.824
18.4356
19.5302
20.7334
19.4396
18.7656
19.4399
20.7339
22.1527
20.6001
19.838
20.6003
22.1532
23.9287
22.0193
21.1303
22.0195
23.9291
26.3671
23.9107
22.8241
23.9109
26.3676
30.1356
26.7113
25.2828
26.7115
30.1361
36.7858
31.343
29.246
31.3432
36.7862
50.3769
40.0437
36.5331
40.0438
50.3773
84.356
59.5021
52.8237
59.5022
84.3565
191.733
112.879
98.1196
112.879
191.733
18.9283
16.7916
15.5342
16.7916
18.9283
16.3229
14.4319
12.7238
14.432
16.323
15.1792
14.1537
13.1317
14.1539
15.1795
15.0925
14.3419
13.6426
14.3421
15.0929
15.3987
14.7349
14.1804
14.7351
15.3992
15.9323
15.2625
14.769
15.2628
15.9328
16.6065
15.8872
15.4139
15.8874
16.6071
17.3944
16.5936
16.1158
16.5939
17.3949
18.29
17.3783
16.8775
17.3786
18.2906
19.3018
18.2477
17.7077
18.2479
19.3023
20.46
19.225
18.6277
19.2253
20.4605
21.8345
20.3637
19.6855
20.3639
21.835
23.572
21.7728
20.9775
21.773
23.5725
25.9884
23.6769
22.6971
23.6771
25.9889
29.7859
26.5458
25.2398
26.546
29.7863
36.6852
31.4199
29.453
31.4201
36.6856
51.4635
40.9772
37.5093
40.9773
51.4639
89.4326
62.7256
55.6057
62.7257
89.4331
196.524
115.252
98.8912
115.252
196.524
20.1931
18.0066
16.7347
18.0066
20.1931
16.9442
14.9539
13.2746
14.954
16.9443
15.5594
14.4837
13.4986
14.4839
15.5597
15.3541
14.5692
13.902
14.5695
15.3545
15.5888
14.8928
14.3683
14.8931
15.5893
16.0662
15.3705
14.9048
15.3707
16.0667
16.6935
15.9541
15.5081
15.9544
16.6941
17.4363
16.6238
16.1738
16.6241
17.4369
18.2861
17.3734
16.9022
17.3737
18.2867
19.2507
18.2085
17.7005
18.2087
19.2512
20.3578
19.1506
18.5899
19.1509
20.3583
21.6736
20.251
19.6165
20.2513
21.6741
23.3437
21.6194
20.8767
21.6196
23.3442
25.6737
23.476
22.5619
23.4762
25.6741
29.3379
26.2801
25.0621
26.2803
29.3383
36.0021
31.0646
29.2276
31.0648
36.0025
50.3838
40.5605
37.2989
40.5607
50.3842
87.8267
62.4805
55.6738
62.4807
87.8272
193.934
116.229
100.295
116.229
193.935
21.569
19.3207
17.993
19.3207
21.5692
17.7603
15.6319
13.9139
15.6321
17.7605
16.142
14.9686
13.9669
14.9689
16.1424
15.7996
14.9402
14.2634
14.9405
15.8001
15.9474
15.1857
14.6567
15.186
15.9479
16.3551
15.6047
15.1374
15.6051
16.3557
16.927
16.1407
15.6951
16.141
16.9275
17.6173
16.7672
16.3202
16.7675
17.6179
18.4135
17.4746
17.0094
17.4749
18.4141
19.3211
18.2661
17.7681
18.2663
19.3217
20.3661
19.1614
18.6154
19.1617
20.3666
21.6094
20.2088
19.5946
20.209
21.6099
23.184
21.5081
20.7945
21.5084
23.1844
25.3643
23.261
22.3902
23.2612
25.3647
28.7405
25.8768
24.7315
25.877
28.7409
34.7192
30.2605
28.5706
30.2607
34.7196
47.2445
38.8158
35.9278
38.816
47.2449
80.0601
58.8494
53.0777
58.8496
80.0606
186.643
116.312
102.744
116.312
186.644
792.494
524.695
457.699
524.696
792.496
370.016
199.573
169.778
199.573
370.017
377.923
199.929
169.45
199.929
377.924
795.479
503.589
437.763
503.59
795.481
529.997
349.786
307.382
349.786
529.998
379.223
192.005
161.778
192.005
379.224
381.915
192.369
161.756
192.369
381.916
525.149
340.45
298.581
340.45
525.15
412.564
269.413
237.527
269.414
412.565
363.594
175.497
145.521
175.497
363.595
364.189
174.925
144.994
174.925
364.19
400.173
260.388
229.68
260.389
400.174
296.271
184.163
160.809
184.164
296.272
320.462
142.626
115.598
142.626
320.463
318.544
141.727
114.886
141.727
318.545
284.511
176.963
154.734
176.963
284.512
2.35446
1.99785
1.71653
1.99784
2.35447
7.7342
7.51892
6.4832
7.51886
7.73423
12.5437
12.2885
10.9331
12.2885
12.5437
16.4074
16.0399
14.5372
16.0398
16.4075
19.419
19.0337
17.4711
19.0336
19.4191
21.936
21.5357
19.9373
21.5357
21.9361
24.1436
23.7082
22.0752
23.7082
24.1438
26.1344
25.6396
23.9662
25.6396
26.1345
27.9488
27.3693
25.6478
27.3693
27.9489
29.5874
28.8968
27.1207
28.8968
29.5875
31.0105
30.1867
28.3506
30.1867
31.0107
32.1215
31.1556
29.2608
31.1557
32.1216
32.7789
31.6093
29.6584
31.6093
32.779
33
31.3468
29.3673
31.3468
33.0001
32.5396
30.1544
28.2688
30.1544
32.5396
30.9567
27.9972
26.2793
27.9972
30.9568
27.1947
24.2063
22.5309
24.2063
27.1947
19.1388
16.9158
15.487
16.9158
19.1388
6.31027
5.33935
4.73339
5.33936
6.31028
10.8269
10.1997
8.28472
10.1996
10.8269
15.0543
13.7824
10.4685
13.7825
15.0542
16.6375
15.2843
12.5337
15.2845
16.6374
17.7244
16.4201
14.0192
16.4203
17.7244
18.6891
17.3864
15.2022
17.3867
18.6892
19.6708
18.309
16.2482
18.3093
19.6709
20.7067
19.232
17.2326
19.2323
20.7069
21.8099
20.1732
18.1906
20.1735
21.8101
22.9888
21.141
19.1394
21.1413
22.9891
24.251
22.1417
20.0868
22.142
24.2513
25.6015
23.1737
21.0329
23.174
25.6018
27.0484
24.2387
21.9759
24.239
27.0487
28.6136
25.3443
22.9118
25.3445
28.614
30.3576
26.5208
23.8498
26.521
30.358
32.3503
27.8101
24.8057
27.8103
32.3506
34.5731
29.165
25.6839
29.1651
34.5733
35.9314
29.7141
25.63
29.7142
35.9316
34.4594
28.7151
24.0336
28.7152
34.4595
31.6446
30.4556
25.8648
30.4556
31.6446
15.0396
13.2905
11.6598
13.2904
15.0397
15.8868
14.2116
11.5562
14.2118
15.8868
15.9692
14.7183
12.7944
14.7186
15.9693
16.3023
15.2641
13.7576
15.2644
16.3025
16.8223
15.8611
14.5756
15.8614
16.8225
17.4987
16.5295
15.3573
16.5298
17.499
18.3015
17.2664
16.1465
17.2667
18.3019
19.2175
18.0695
16.9613
18.0698
19.2179
20.2454
18.9399
17.812
18.9402
20.2458
21.394
19.8834
18.7076
19.8837
21.3944
22.6838
20.9131
19.6606
20.9133
22.6843
24.1598
22.0589
20.6957
22.0591
24.1602
25.9184
23.3853
21.864
23.3856
25.9188
28.1653
25.0256
23.269
25.0258
28.1657
31.3069
27.2218
25.0935
27.222
31.3073
36.0136
30.3365
27.5676
30.3367
36.014
42.9168
34.6217
30.8746
34.6218
42.9171
52.5819
41.1291
35.8294
41.1292
52.5822
70.6317
61.7661
54.153
61.7662
70.6318
16.6542
14.6239
13.2425
14.6238
16.6542
15.8092
14.0168
11.9359
14.017
15.8092
15.2609
14.1611
12.7914
14.1613
15.261
15.3832
14.5449
13.5452
14.5452
15.3834
15.8
15.053
14.2313
15.0533
15.8003
16.4113
15.6615
14.9228
15.6617
16.4117
17.1567
16.3519
15.6464
16.3521
17.1571
18.017
17.117
16.4128
17.1173
18.0175
18.9899
17.9564
17.2289
17.9566
18.9904
20.0853
18.8774
18.1043
18.8777
20.0858
21.3298
19.899
19.0572
19.8993
21.3303
22.7831
21.0639
20.1245
21.0641
22.7836
24.573
22.4622
21.3831
22.4624
24.5735
26.9745
24.2798
22.9871
24.2801
26.975
30.5661
26.8822
25.2328
26.8824
30.5665
36.557
30.9678
28.6576
30.9679
36.5574
47.4822
37.9582
34.4219
37.9584
47.4826
71.2944
52.9629
46.9622
52.9631
71.2948
167.596
124.989
110.79
124.989
167.596
)
;

boundaryField
{
    empty
    {
        type            empty;
    }
    top
    {
        type            fixedValue;
        value           uniform 0.00754;
    }
    fixedwall
    {
        type            epsilonWallFunction;
        value           nonuniform List<scalar> 
585
(
14.7123
20.4699
17.9099
20.4699
14.7123
29.0137
29.3095
26.3258
29.3096
29.0138
35.5013
34.3242
30.9988
34.3244
35.5015
38.9939
37.4579
34.0311
37.4581
38.9941
41.2039
39.5519
36.0895
39.5523
41.2043
42.7046
40.9992
37.5241
41.0008
42.7089
43.7305
42.0045
38.5314
42.0083
43.7463
44.4255
42.6918
39.2312
42.6994
44.4456
44.872
43.143
39.7023
43.1539
44.9033
45.136
43.4164
39.9987
43.4287
45.1812
45.2707
43.5483
40.1592
43.564
45.3128
45.2961
43.5765
40.2146
43.5982
45.3478
45.2421
43.5272
40.1908
43.5529
45.3091
45.1278
43.3969
40.091
43.4197
45.1789
44.9361
43.1956
39.9167
43.2147
44.976
44.6895
42.9391
39.6873
42.9546
44.7465
44.401
42.6269
39.4038
42.6372
44.4464
44.0587
42.2596
39.0682
42.2616
44.0678
43.6619
41.8449
38.6837
41.8354
43.6523
43.1987
41.3731
38.2473
41.3603
43.1792
42.6692
40.8372
37.7543
40.8279
42.6691
42.1052
40.2467
37.2052
40.2376
42.1222
41.5064
39.5987
36.599
39.5846
41.4732
40.8046
38.8812
35.9334
38.8715
40.7731
40.0197
38.0969
35.2076
38.099
40.0297
39.1986
37.2499
34.4201
37.2566
39.2049
38.3378
36.3397
33.5665
36.3413
38.3077
37.3757
35.3593
32.6606
35.3587
37.3673
36.3248
34.3095
31.7107
34.3118
36.3563
35.2408
33.1978
30.704
33.1969
35.2405
34.1056
32.0251
29.6421
32.0243
34.1065
32.9103
30.7953
28.5279
30.7985
32.9358
31.6679
29.5121
27.3626
29.5156
31.6806
30.37
28.1772
26.1483
28.1802
30.3735
29.008
26.7951
24.8879
26.797
29.0122
27.5941
25.3706
23.5832
25.3717
27.5961
26.1389
23.908
22.2344
23.9086
26.14
24.6506
22.4016
20.8367
22.4019
24.6512
23.1111
20.8181
19.3822
20.8183
23.1114
14.3196
20.004
17.463
20.004
14.3195
28.7214
29.0285
26.05
29.0285
28.7213
35.2949
34.0992
30.778
34.0993
35.2948
38.7961
37.228
33.8052
37.2281
38.7961
40.9661
39.2791
35.8237
39.2791
40.9661
42.3992
40.6554
37.1912
40.6555
42.3992
43.3419
41.5665
38.108
41.5666
43.3419
43.9313
42.1384
38.696
42.1382
43.9305
44.253
42.4533
39.035
42.4533
44.2554
44.359
42.5586
39.1751
42.5588
44.3633
44.3237
42.5229
39.1679
42.5229
44.3221
44.1729
42.3719
39.0593
42.3703
44.1629
43.8998
42.1046
38.8337
42.1022
43.8881
43.5755
41.7712
38.5375
41.7651
43.5586
43.195
41.3782
38.1842
41.37
43.174
42.7457
40.9334
37.7832
40.9281
42.7304
42.2851
40.4632
37.3523
40.4584
42.2824
41.8078
39.9719
36.9
39.9664
41.7951
41.3298
39.4655
36.4352
39.4571
41.277
40.8212
38.953
35.9742
38.9476
40.7946
40.315
38.4483
35.5219
38.4487
40.318
39.8524
37.9672
35.0876
37.9652
39.8257
39.3998
37.5134
34.6802
37.5108
39.3808
39.0082
37.104
34.3108
37.0995
38.9873
38.6494
36.7468
33.993
36.7459
38.645
38.3477
36.4607
33.7435
36.4677
38.3835
38.2009
36.2781
33.5816
36.2871
38.2341
38.1668
36.2223
33.536
36.2333
38.1958
38.2479
36.3125
33.6378
36.3228
38.277
38.5337
36.6096
33.9395
36.6187
38.5509
39.1023
37.2189
34.5386
37.2266
39.1249
40.0624
38.2369
35.5231
38.2431
40.0912
41.5184
39.8275
37.0523
39.8314
41.5283
43.5942
42.2285
39.3584
42.2298
43.5964
47.4753
45.8689
42.8261
45.8699
47.4771
53.5118
51.4945
48.1563
51.4952
53.5132
63.2963
60.4931
56.6352
60.4937
63.2974
83.9713
76.7699
71.3572
76.7705
83.9723
169.673
131.274
119.223
131.275
169.674
17.7713
15.6788
14.3958
15.6788
17.7713
18.9283
16.7916
15.5342
16.7916
18.9283
20.1931
18.0066
16.7347
18.0066
20.1931
21.569
19.3207
17.993
19.3207
21.5692
792.494
524.695
457.699
524.696
792.496
795.479
503.589
437.763
503.59
795.481
529.997
349.786
307.382
349.786
529.998
525.149
340.45
298.581
340.45
525.15
412.564
269.413
237.527
269.414
412.565
400.173
260.388
229.68
260.389
400.174
296.271
184.163
160.809
184.164
296.272
284.511
176.963
154.734
176.963
284.512
2.35446
2.35446
1.99785
1.99785
1.71653
1.71653
1.99784
1.99784
2.35447
2.35447
7.7342
7.51892
6.4832
7.51886
7.73423
12.5437
12.2885
10.9331
12.2885
12.5437
16.4074
16.0399
14.5372
16.0398
16.4075
19.419
19.0337
17.4711
19.0336
19.4191
21.936
21.5357
19.9373
21.5357
21.9361
24.1436
23.7082
22.0752
23.7082
24.1438
26.1344
25.6396
23.9662
25.6396
26.1345
27.9488
27.3693
25.6478
27.3693
27.9489
29.5874
28.8968
27.1207
28.8968
29.5875
31.0105
30.1867
28.3506
30.1867
31.0107
32.1215
31.1556
29.2608
31.1557
32.1216
32.7789
31.6093
29.6584
31.6093
32.779
33
31.3468
29.3673
31.3468
33.0001
32.5396
30.1544
28.2688
30.1544
32.5396
30.9567
27.9972
26.2793
27.9972
30.9568
27.1947
24.2063
22.5309
24.2063
27.1947
19.1388
16.9158
15.487
16.9158
19.1388
6.31027
6.31027
5.33935
5.33935
4.73339
4.73339
5.33936
5.33936
6.31028
6.31028
10.8269
10.1997
8.28472
10.1996
10.8269
31.6446
30.4556
25.8648
30.4556
31.6446
15.0396
13.2905
11.6598
13.2904
15.0397
70.6317
61.7661
54.153
61.7662
70.6318
16.6542
14.6239
13.2425
14.6238
16.6542
167.596
124.989
110.79
124.989
167.596
)
;
    }
    outlet
    {
        type            zeroGradient;
    }
}


// ************************************************************************* //
