/*--------------------------------*- C++ -*----------------------------------*\
  =========                 |
  \\      /  F ield         | OpenFOAM: The Open Source CFD Toolbox
   \\    /   O peration     | Website:  https://openfoam.org
    \\  /    A nd           | Version:  9
     \\/     M anipulation  |
\*---------------------------------------------------------------------------*/
FoamFile
{
    format      ascii;
    class       volScalarField;
    location    "3.5";
    object      k;
}
// * * * * * * * * * * * * * * * * * * * * * * * * * * * * * * * * * * * * * //

dimensions      [0 2 -2 0 0 0 0];

internalField   nonuniform List<scalar> 
4545
(
0.977301
1.218
1.11421
1.218
0.977301
1.53686
1.54729
1.44042
1.54729
1.53686
1.75816
1.71908
1.60618
1.71909
1.75816
1.87165
1.82217
1.70928
1.82218
1.87165
1.94171
1.88946
1.77752
1.88947
1.94172
1.98855
1.93528
1.82432
1.93533
1.98872
2.02035
1.96677
1.85682
1.96691
2.0206
2.04164
1.98818
1.87924
1.98841
2.04214
2.05544
2.00217
1.89425
2.0025
2.05606
2.06341
2.01059
1.90367
2.011
2.06421
2.06717
2.01467
1.90875
2.01517
2.06869
2.06807
2.01554
1.91049
2.01618
2.0702
2.06646
2.01397
1.90972
2.01472
2.06853
2.06282
2.00996
1.90656
2.0106
2.06424
2.0571
2.00374
1.90102
2.00426
2.05806
2.04952
1.99576
1.89375
1.99629
2.05092
2.04094
1.98612
1.88474
1.98653
2.04225
2.03044
1.97474
1.87403
1.97486
2.03079
2.01818
1.96174
1.86169
1.96156
2.01756
2.00439
1.94691
1.84764
1.94661
2.00343
1.98811
1.93008
1.83174
1.9299
1.98761
1.96997
1.91143
1.81396
1.91133
1.97001
1.95055
1.89091
1.79421
1.89058
1.95032
1.92864
1.86803
1.77239
1.86779
1.92888
1.90395
1.8428
1.74843
1.84285
1.90477
1.87826
1.81544
1.72226
1.81552
1.87844
1.85056
1.78578
1.69367
1.78567
1.84962
1.81945
1.75347
1.66307
1.75342
1.81893
1.7858
1.71853
1.63066
1.71865
1.78593
1.74948
1.68115
1.59595
1.68114
1.74904
1.71158
1.64135
1.55893
1.64135
1.7116
1.67178
1.59908
1.51962
1.59921
1.67202
1.62907
1.55435
1.47795
1.55445
1.6292
1.58413
1.50715
1.4339
1.50722
1.58442
1.53661
1.45746
1.38745
1.45751
1.53672
1.48627
1.40533
1.33853
1.40537
1.48633
1.43355
1.35079
1.28699
1.35081
1.43358
1.3786
1.29343
1.23247
1.29344
1.37862
1.32058
1.23174
1.17443
1.23174
1.32059
3.26654
3.30848
3.02796
3.30849
3.26656
3.97368
3.86057
3.59133
3.86058
3.97371
4.35037
4.21134
3.93883
4.21135
4.35039
4.57226
4.42618
4.15884
4.4262
4.57229
4.71376
4.5659
4.30375
4.56594
4.71383
4.80783
4.65897
4.40145
4.6591
4.8082
4.87031
4.72089
4.46752
4.72112
4.87049
4.91048
4.76097
4.51135
4.76134
4.91115
4.93513
4.78518
4.53896
4.78565
4.93563
4.94714
4.79735
4.55431
4.798
4.94788
4.95027
4.80041
4.5603
4.8014
4.95343
4.94795
4.79687
4.55925
4.79809
4.9524
4.93954
4.78745
4.55244
4.78871
4.94304
4.92694
4.77308
4.54011
4.77401
4.92876
4.91053
4.75444
4.52344
4.75516
4.91152
4.88989
4.73199
4.50294
4.73289
4.89186
4.86755
4.70628
4.47885
4.70708
4.86976
4.84114
4.6771
4.45121
4.67735
4.84174
4.8104
4.6444
4.42015
4.64417
4.80921
4.77707
4.60819
4.38564
4.60779
4.77528
4.73867
4.5683
4.34758
4.56807
4.73741
4.69502
4.52477
4.30589
4.52476
4.695
4.648
4.47759
4.26037
4.47753
4.64974
4.59711
4.42621
4.21085
4.42633
4.60043
4.54085
4.37049
4.15714
4.37073
4.54321
4.48245
4.31087
4.0992
4.31081
4.48195
4.41843
4.24694
4.03678
4.24649
4.41607
4.34731
4.17796
3.96945
4.17778
4.34579
4.27178
4.10413
3.89695
4.10424
4.2703
4.1888
4.02568
3.81961
4.02566
4.18723
4.10336
3.94304
3.7378
3.94318
4.10348
4.01479
3.85608
3.65145
3.85628
4.01409
3.91885
3.76445
3.56038
3.76458
3.91838
3.8189
3.66823
3.46453
3.66838
3.81957
3.7143
3.56722
3.36375
3.56732
3.71442
3.60375
3.46119
3.25781
3.46126
3.60386
3.48844
3.34981
3.14627
3.34985
3.48852
3.36917
3.23176
3.02821
3.2318
3.36922
3.24388
3.10259
2.90248
3.10262
3.24392
4.37062
4.28728
4.03772
4.28731
4.37066
5.03278
4.86261
4.63638
4.86264
5.03282
5.42878
5.25236
5.03086
5.25239
5.42883
5.68308
5.5062
5.29205
5.50623
5.68313
5.85066
5.67587
5.46819
5.6759
5.85071
5.96321
5.79029
5.58813
5.79034
5.9633
6.03828
5.86686
5.66941
5.86694
6.0384
6.08677
5.9165
5.72311
5.91662
6.08697
6.11586
5.94637
5.7565
5.94652
6.11611
6.13024
5.96124
5.77451
5.96144
6.13058
6.13344
5.96461
5.78071
5.9649
6.13405
6.12837
5.95937
5.77792
5.95976
6.12917
6.11595
5.94663
5.7676
5.94705
6.11676
6.09752
5.92759
5.75061
5.92796
6.09818
6.07398
5.90324
5.72818
5.90356
6.07452
6.04586
5.87422
5.70096
5.87449
6.0464
6.01365
5.84094
5.66934
5.84113
6.0141
5.97733
5.80355
5.63354
5.80361
5.9775
5.93693
5.76216
5.59368
5.76208
5.93679
5.8924
5.71672
5.54975
5.71658
5.89211
5.84344
5.66712
5.5017
5.66699
5.84319
5.78994
5.61329
5.4494
5.61317
5.7898
5.73178
5.55506
5.39273
5.55498
5.73177
5.66866
5.49224
5.33151
5.49224
5.66881
5.60032
5.42468
5.26559
5.42474
5.6005
5.5268
5.35229
5.19482
5.35234
5.52683
5.44776
5.27489
5.11906
5.27491
5.44764
5.36292
5.19231
5.03815
5.19232
5.36283
5.27233
5.10446
4.95199
5.10448
5.27228
5.17594
5.01132
4.8605
5.01135
5.17591
5.07406
4.91294
4.76372
4.91299
5.07413
4.96663
4.80927
4.66155
4.80934
4.96672
4.85343
4.70015
4.55385
4.70024
4.85355
4.73453
4.58546
4.44044
4.58555
4.73471
4.60982
4.465
4.32108
4.46508
4.60995
4.47911
4.33847
4.19541
4.33853
4.47922
4.34238
4.20534
4.06292
4.20539
4.34247
4.19984
4.06449
3.92287
4.06453
4.1999
4.04876
3.91282
3.77475
3.91284
4.04881
5.05525
4.94468
4.72758
4.94471
5.05531
5.68899
5.51272
5.32021
5.51276
5.68906
6.08923
5.91307
5.72776
5.91311
6.0893
6.35918
6.18486
6.00726
6.1849
6.35925
6.54261
6.37137
6.20025
6.37141
6.54267
6.66792
6.49927
6.33356
6.49931
6.66799
6.7524
6.58581
6.42464
6.58586
6.75248
6.80735
6.64234
6.48502
6.6424
6.80745
6.84043
6.67657
6.52254
6.67665
6.84055
6.85689
6.69379
6.54264
6.69389
6.85705
6.86053
6.69786
6.54926
6.69799
6.86075
6.85446
6.69193
6.54553
6.69209
6.85474
6.83998
6.67741
6.53313
6.67758
6.84029
6.81857
6.65572
6.51325
6.65589
6.81887
6.79132
6.62801
6.48723
6.62817
6.7916
6.75891
6.59505
6.45583
6.59519
6.75916
6.72181
6.55732
6.41955
6.55742
6.72202
6.68023
6.5151
6.37871
6.51516
6.68035
6.6343
6.46856
6.3335
6.46857
6.63432
6.58393
6.41771
6.28396
6.41769
6.58389
6.52903
6.36252
6.23008
6.36249
6.52898
6.46948
6.30291
6.17179
6.30289
6.46944
6.4051
6.23876
6.10898
6.23874
6.40507
6.33567
6.16991
6.04151
6.16991
6.33568
6.26103
6.09623
5.96927
6.09626
6.26107
6.18103
6.0176
5.8921
6.01764
6.18108
6.09553
5.93387
5.80987
5.93391
6.09557
6.0044
5.84492
5.72244
5.84495
6.00444
5.90755
5.75062
5.62969
5.75065
5.9076
5.8049
5.65087
5.53147
5.6509
5.80496
5.69642
5.54554
5.42764
5.54558
5.69649
5.58199
5.43447
5.318
5.43452
5.58209
5.46148
5.31746
5.20234
5.31752
5.46159
5.33471
5.19426
5.08036
5.19433
5.33482
5.20142
5.06458
4.95172
5.06464
5.20153
5.06138
4.92804
4.81602
4.92809
5.06148
4.91445
4.78413
4.67272
4.78417
4.91452
4.76085
4.63195
4.52124
4.63199
4.76091
4.59844
4.46917
4.3613
4.4692
4.59849
5.53362
5.4174
5.22499
5.41745
5.5337
6.14895
5.97541
5.80549
5.97546
6.14902
6.54978
6.37847
6.21607
6.37851
6.54985
6.82868
6.65986
6.50486
6.6599
6.82875
7.02268
6.85705
6.70818
6.85709
7.02275
7.15741
6.99442
6.85062
6.99446
7.15748
7.24935
7.08846
6.94888
7.0885
7.24942
7.30975
7.15049
7.01446
7.15053
7.30982
7.34645
7.1884
7.05541
7.18845
7.34653
7.36501
7.20779
7.07741
7.20785
7.3651
7.36943
7.21274
7.08467
7.21281
7.36955
7.36304
7.20659
7.08051
7.20668
7.36317
7.34738
7.19103
7.06683
7.19112
7.34754
7.32409
7.16761
7.04503
7.16771
7.32425
7.2944
7.13764
7.01656
7.13774
7.29456
7.25911
7.102
6.98231
7.10209
7.25927
7.21881
7.06127
6.94287
7.06135
7.21894
7.1738
7.01584
6.89868
7.0159
7.17391
7.1243
6.96596
6.84998
6.966
7.12437
7.07033
6.91172
6.7969
6.91175
7.07037
7.01188
6.85317
6.73952
6.85319
7.01191
6.94889
6.79028
6.6778
6.7903
6.94892
6.88125
6.72299
6.61171
6.72301
6.88128
6.80883
6.6512
6.54116
6.65123
6.80887
6.7315
6.57482
6.46604
6.57485
6.73155
6.64915
6.49372
6.38625
6.49376
6.64921
6.56165
6.40778
6.30163
6.40782
6.56171
6.46888
6.31685
6.21204
6.31688
6.46894
6.3707
6.22075
6.11728
6.22079
6.37076
6.26695
6.11929
6.01714
6.11933
6.26701
6.15743
6.01222
5.91133
6.01226
6.1575
6.0419
5.89923
5.79954
5.89928
6.04198
5.92003
5.77998
5.68139
5.78003
5.92012
5.79146
5.65406
5.55645
5.65412
5.79155
5.65574
5.52104
5.42425
5.52109
5.65583
5.51249
5.38042
5.28427
5.38047
5.51257
5.36145
5.23165
5.13594
5.23169
5.36152
5.20284
5.07389
4.97863
5.07392
5.20291
5.03481
4.90507
4.81204
4.9051
5.03487
5.88048
5.76307
5.58766
5.76312
5.88057
6.48308
6.31296
6.15771
6.31301
6.48317
6.88346
6.71638
6.56841
6.71643
6.88355
7.16784
7.00339
6.86238
7.00344
7.16792
7.36901
7.20765
7.0724
7.2077
7.36909
7.51055
7.35173
7.22122
7.35178
7.51063
7.60813
7.45134
7.32478
7.45139
7.60821
7.67278
7.51759
7.39434
7.51764
7.67286
7.71239
7.5584
7.43797
7.55845
7.71247
7.73265
7.57952
7.46152
7.57958
7.73273
7.73773
7.5852
7.46933
7.58526
7.73782
7.7311
7.57891
7.46488
7.57897
7.7312
7.71454
7.56255
7.45025
7.56261
7.71465
7.68978
7.53779
7.42699
7.53786
7.6899
7.65821
7.5061
7.39668
7.50617
7.65834
7.62077
7.46845
7.36032
7.46852
7.62089
7.57812
7.42555
7.31862
7.42561
7.57824
7.53072
7.37788
7.27209
7.37794
7.53082
7.47885
7.3258
7.2211
7.32585
7.47894
7.42268
7.26949
7.16586
7.26953
7.42276
7.36229
7.20909
7.10653
7.20912
7.36236
7.29772
7.14466
7.04317
7.14469
7.29777
7.22893
7.0762
6.9758
7.07624
7.22898
7.15589
7.0037
6.90441
7.00374
7.15594
7.07852
6.9271
6.82893
6.92714
7.07858
6.99676
6.8463
6.74927
6.84634
6.99682
6.91047
6.76118
6.66528
6.76122
6.91054
6.81953
6.67155
6.57678
6.67158
6.8196
6.72373
6.57717
6.48349
6.57721
6.72379
6.62279
6.47773
6.3851
6.47777
6.62286
6.51636
6.37285
6.2812
6.37289
6.51643
6.404
6.26205
6.17129
6.26209
6.40408
6.28518
6.14478
6.05481
6.14483
6.28525
6.15926
6.02046
5.93116
6.0205
6.15934
6.02561
5.88843
5.79966
5.88848
6.02569
5.88359
5.74804
5.65963
5.74808
5.88366
5.73277
5.59858
5.51034
5.59862
5.73284
5.57325
5.43911
5.35105
5.43914
5.57332
5.40319
5.26757
5.18122
5.2676
5.40326
6.12908
6.01133
5.84723
6.01139
6.12917
6.72284
6.55535
6.40965
6.55541
6.72294
7.12259
6.9585
6.81974
6.95856
7.12269
7.41038
7.24894
7.11677
7.24899
7.41047
7.61632
7.45785
7.33114
7.4579
7.61641
7.76253
7.60651
7.4843
7.60656
7.76261
7.86405
7.71001
7.59154
7.71006
7.86414
7.93168
7.77921
7.66388
7.77926
7.93176
7.97327
7.82203
7.70937
7.82208
7.97335
7.99459
7.84426
7.73391
7.84432
7.99468
7.99993
7.85027
7.74195
7.85033
8.00002
7.99287
7.84366
7.7371
7.84372
7.99297
7.97534
7.82646
7.72154
7.82652
7.97544
7.94922
7.80048
7.697
7.80055
7.94932
7.91601
7.7673
7.66514
7.76736
7.91612
7.87677
7.72801
7.62708
7.72807
7.87688
7.83229
7.68343
7.58364
7.68349
7.8324
7.78313
7.63416
7.53546
7.63421
7.78324
7.72973
7.58064
7.48299
7.5807
7.72982
7.67234
7.52319
7.42656
7.52324
7.67242
7.61117
7.46205
7.36642
7.46209
7.61124
7.54637
7.39737
7.30273
7.39741
7.54644
7.47801
7.32925
7.2356
7.32929
7.47808
7.40615
7.25774
7.16509
7.25778
7.40621
7.33078
7.18285
7.09118
7.18288
7.33084
7.25186
7.1045
7.0138
7.10454
7.25193
7.16929
7.02258
6.93282
7.02262
7.16936
7.08291
6.93686
6.84801
6.9369
7.08297
6.99241
6.84703
6.75902
6.84707
6.99248
6.89742
6.75266
6.66541
6.7527
6.89749
6.79741
6.65321
6.56662
6.65325
6.79748
6.69172
6.548
6.46197
6.54804
6.69179
6.57955
6.43626
6.35068
6.4363
6.57962
6.46001
6.31714
6.23189
6.31719
6.46008
6.33215
6.18976
6.10469
6.1898
6.33223
6.19509
6.0532
5.96817
6.05324
6.19516
6.04813
5.90653
5.82136
5.90657
6.0482
5.89114
5.74861
5.66328
5.74864
5.89121
5.72217
5.57723
5.49312
5.57726
5.72223
6.29685
6.17894
6.022
6.179
6.29695
6.8848
6.71908
6.57936
6.71914
6.88491
7.28399
7.12186
6.98884
7.12192
7.28409
7.5738
7.41431
7.28761
7.41437
7.5739
7.78264
7.62607
7.50462
7.62612
7.78274
7.93172
7.77755
7.66044
7.77761
7.93182
8.03562
7.88342
7.76992
7.88348
8.03572
8.10495
7.95435
7.84389
7.95441
8.10505
8.14753
7.99821
7.89033
7.99826
8.14762
8.16916
8.02083
7.9152
8.02089
8.16925
8.1742
8.02667
7.92302
8.02673
8.1743
8.16638
8.01943
7.91749
8.01948
8.16648
8.14767
8.00119
7.90087
8.00124
8.14777
8.12011
7.97393
7.87503
7.97399
8.12021
8.08531
7.93932
7.84173
7.93938
8.08542
8.04446
7.89858
7.80219
7.89864
8.04456
7.99845
7.85262
7.75736
7.85267
7.99855
7.94797
7.80215
7.70797
7.8022
7.94807
7.89357
7.74774
7.65458
7.74779
7.89366
7.83565
7.68982
7.59764
7.68986
7.83574
7.77454
7.62873
7.53751
7.62877
7.77462
7.7105
7.56475
7.47447
7.56479
7.71058
7.64374
7.49807
7.4087
7.49811
7.64381
7.57439
7.42884
7.34036
7.42888
7.57446
7.50254
7.35712
7.2695
7.35716
7.50261
7.42821
7.2829
7.19609
7.28294
7.42827
7.3513
7.20606
7.12001
7.2061
7.35137
7.27162
7.12636
7.04099
7.1264
7.27169
7.18883
7.04342
6.95862
7.04346
7.1889
7.10242
6.95669
6.87237
6.95673
7.10249
7.01168
6.86545
6.78148
6.86549
7.01175
6.91572
6.76884
6.68507
6.76888
6.91579
6.81347
6.66581
6.58212
6.66585
6.81354
6.70372
6.55522
6.47149
6.55526
6.70379
6.5852
6.43589
6.35196
6.43593
6.58528
6.45668
6.30658
6.22231
6.30662
6.45675
6.31711
6.16604
6.08126
6.16608
6.31718
6.16605
6.01284
5.92751
6.01287
6.16612
6.0013
5.84451
5.7599
5.84455
6.00137
6.39354
6.27547
6.12247
6.27553
6.39365
6.97825
6.81349
6.67705
6.81355
6.97835
7.37703
7.21599
7.08609
7.21605
7.37714
7.66779
7.5094
7.38569
7.50946
7.6679
7.87801
7.72252
7.60395
7.72258
7.87812
8.02838
7.87531
7.76099
7.87536
8.02848
8.13321
7.98215
7.87138
7.9822
8.13331
8.203
8.0536
7.94583
8.05366
8.2031
8.24555
8.09752
7.99231
8.09758
8.24565
8.26669
8.11978
8.01679
8.11984
8.26679
8.27084
8.12486
8.02385
8.12492
8.27094
8.26184
8.11659
8.0173
8.11665
8.26194
8.24162
8.09703
7.99937
8.09709
8.24172
8.21246
8.06836
7.97212
8.06841
8.21256
8.17604
8.0323
7.93738
8.03235
8.17614
8.13362
7.99016
7.89647
7.99022
8.13372
8.08624
7.94298
7.85043
7.94303
8.08633
8.03469
7.89157
7.80011
7.89163
8.03478
7.97966
7.83663
7.74619
7.83668
7.97975
7.92167
7.77868
7.68922
7.77873
7.92176
7.86119
7.71821
7.62969
7.71826
7.86127
7.79861
7.6556
7.56798
7.65565
7.79868
7.73424
7.59117
7.5044
7.59121
7.73431
7.66834
7.52513
7.43917
7.52517
7.66841
7.60109
7.45766
7.37244
7.45769
7.60115
7.53258
7.38879
7.30425
7.38883
7.53264
7.46277
7.31846
7.2345
7.3185
7.46284
7.39149
7.24643
7.16293
7.24647
7.39155
7.31834
7.17228
7.08912
7.17232
7.3184
7.24272
7.09538
7.0124
7.09542
7.24279
7.1638
7.01486
6.9319
7.01489
7.16386
7.08043
6.92961
6.8465
6.92965
7.08049
6.99126
6.83834
6.75492
6.83838
6.99132
6.89473
6.73957
6.65568
6.73961
6.8948
6.78917
6.63173
6.54722
6.63176
6.78924
6.67291
6.51318
6.42788
6.51322
6.67297
6.54448
6.38226
6.296
6.3823
6.54455
6.40299
6.23714
6.14987
6.23717
6.40305
6.2459
6.075
5.98789
6.07504
6.24596
6.42422
6.30598
6.15417
6.30604
6.42432
7.00802
6.84349
6.70805
6.84355
7.00813
7.40663
7.24588
7.11695
7.24594
7.40674
7.69746
7.53941
7.41663
7.53947
7.69757
7.90773
7.75264
7.63497
7.7527
7.90784
8.05796
7.90535
7.79192
7.90541
8.05806
8.16239
8.01188
7.902
8.01194
8.1625
8.23149
8.08275
7.97588
8.08281
8.23159
8.27306
8.12583
8.02153
8.12589
8.27317
8.29297
8.147
8.04496
8.14706
8.29307
8.29566
8.15079
8.05076
8.15085
8.29577
8.28509
8.14113
8.04286
8.14119
8.2852
8.2631
8.11999
8.02338
8.12005
8.2632
8.23219
8.08976
7.99462
8.08981
8.23229
8.19406
8.05219
7.95842
8.05224
8.19415
8.15008
8.00868
7.91619
8.00873
8.15017
8.10138
7.96036
7.86906
7.96041
8.10148
8.04889
7.90815
7.81797
7.9082
8.04898
7.99339
7.85285
7.76373
7.8529
7.99347
7.93554
7.79511
7.707
7.79516
7.93562
7.87595
7.73554
7.64837
7.73558
7.87602
7.81514
7.67464
7.58836
7.67468
7.81521
7.75356
7.61285
7.5274
7.61289
7.75363
7.69161
7.55053
7.46582
7.55057
7.69167
7.62957
7.48792
7.40388
7.48796
7.62964
7.56765
7.42518
7.3417
7.42522
7.56772
7.5059
7.36232
7.27927
7.36236
7.50596
7.44418
7.29916
7.2164
7.29919
7.44424
7.38212
7.23529
7.15265
7.23533
7.38218
7.3192
7.17009
7.08733
7.17012
7.31926
7.25441
7.10252
7.01945
7.10255
7.25447
7.18638
7.03129
6.94769
7.03133
7.18645
7.11349
6.95483
6.8705
6.95486
7.11355
7.0338
6.87129
6.78602
6.87132
7.03386
6.94516
6.77864
6.69226
6.77868
6.94522
6.84536
6.67475
6.58705
6.67478
6.84542
6.73235
6.55739
6.46817
6.55742
6.73241
6.60463
6.42416
6.33336
6.42419
6.60469
6.45921
6.27176
6.18048
6.2718
6.45927
6.39045
6.27202
6.11882
6.27208
6.39056
6.97569
6.81065
6.67405
6.81071
6.9758
7.37439
7.21316
7.08314
7.21322
7.37449
7.66451
7.50606
7.38225
7.50612
7.66462
7.8736
7.7182
7.59957
7.71826
7.87371
8.02235
7.86955
7.75523
7.86962
8.02246
8.12513
7.97456
7.86384
7.97462
8.12524
8.19245
8.04381
7.93616
8.04387
8.19256
8.23216
8.08518
7.98016
8.08524
8.23227
8.25014
8.10461
8.00191
8.10466
8.25025
8.25087
8.10662
8.006
8.10668
8.25098
8.23838
8.09526
7.99647
8.09531
8.23849
8.21438
8.0723
7.97526
8.07236
8.21448
8.18157
8.04039
7.94489
8.04045
8.18166
8.14166
8.00127
7.90722
8.00132
8.14176
8.09611
7.95641
7.86371
7.95646
8.0962
8.04613
7.907
7.81558
7.90705
8.04621
7.99273
7.85407
7.76384
7.85411
7.99281
7.93682
7.7985
7.7094
7.79855
7.9369
7.87918
7.74108
7.65304
7.74112
7.87925
7.82054
7.68251
7.59546
7.68255
7.82061
7.76157
7.62344
7.53731
7.62348
7.76163
7.70287
7.56444
7.47913
7.56447
7.70294
7.64499
7.506
7.42143
7.50604
7.64505
7.58838
7.44854
7.36459
7.44857
7.58844
7.53337
7.39231
7.30885
7.39234
7.53343
7.48015
7.33745
7.25432
7.33749
7.4802
7.42869
7.28389
7.20089
7.28392
7.42875
7.37874
7.23131
7.14824
7.23134
7.3788
7.32991
7.17919
7.09575
7.17922
7.32996
7.28117
7.12648
7.04242
7.12652
7.28123
7.23112
7.0718
6.98681
7.07184
7.23117
7.17785
7.0133
6.92711
7.01333
7.17791
7.11899
6.94871
6.86106
6.94874
7.11905
7.05187
6.8755
6.78613
6.87553
7.05193
6.97357
6.79086
6.69953
6.7909
6.97363
6.88124
6.69181
6.59827
6.69184
6.8813
6.77251
6.57513
6.47928
6.57516
6.77257
6.64363
6.43674
6.33963
6.43677
6.64368
6.29071
6.17204
6.01469
6.17209
6.29081
6.87986
6.71352
6.57345
6.71358
6.87997
7.27894
7.1164
6.98309
7.11646
7.27905
7.56757
7.40788
7.28098
7.40794
7.56767
7.77422
7.61775
7.49617
7.61781
7.77433
7.92018
7.76647
7.64933
7.76653
7.92029
8.02008
7.86878
7.75537
7.86884
8.02019
8.0846
7.9354
7.82517
7.93546
8.08471
8.12163
7.97429
7.8668
7.97435
8.12173
8.13707
7.99139
7.88632
7.99145
8.13718
8.13548
7.99126
7.88837
7.99132
8.13558
8.12074
7.97793
7.87699
7.97798
8.12084
8.09462
7.95308
7.85397
7.95313
8.09472
8.05988
7.91947
7.82203
7.91953
8.05997
8.01823
7.87886
7.78297
7.8789
8.01832
7.97117
7.83273
7.73831
7.83277
7.97126
7.91998
7.78235
7.6893
7.78239
7.92006
7.86575
7.7288
7.63706
7.72884
7.86582
7.80947
7.67306
7.58254
7.67309
7.80954
7.75202
7.61599
7.52663
7.61602
7.75209
7.69426
7.55842
7.47014
7.55845
7.69432
7.637
7.50111
7.41382
7.50115
7.63706
7.58098
7.44479
7.35839
7.44482
7.58104
7.52692
7.39009
7.30447
7.39012
7.52697
7.47547
7.33763
7.25264
7.33766
7.47553
7.4272
7.28786
7.20335
7.28789
7.42725
7.38252
7.24114
7.1569
7.24117
7.38257
7.34167
7.19759
7.1134
7.19762
7.34172
7.30459
7.15709
7.07266
7.15712
7.30464
7.27088
7.11912
7.03414
7.11915
7.27093
7.23971
7.08279
6.99691
7.08282
7.23977
7.20982
7.04675
6.95957
7.04678
7.20988
7.17929
7.00909
6.92021
7.00912
7.17935
7.14569
6.96747
6.87649
6.96751
7.14574
7.10568
6.91876
6.82532
6.91879
7.10573
7.05536
6.8592
6.76298
6.85923
7.05541
6.99071
6.78468
6.68534
6.78471
6.99076
6.90802
6.69076
6.58814
6.69079
6.90807
6.80222
6.57207
6.46721
6.5721
6.80227
6.11995
6.00099
5.83625
6.00104
6.12004
6.71581
6.54728
6.40102
6.54734
6.71591
7.11561
6.95078
6.81156
6.95083
7.11571
7.40183
7.23997
7.10745
7.24003
7.40193
7.60471
7.44626
7.31931
7.44631
7.60481
7.7465
7.59102
7.46872
7.59108
7.74661
7.84234
7.68947
7.57108
7.68953
7.84244
7.9031
7.75255
7.6375
7.75261
7.9032
7.93676
7.78829
7.67613
7.78835
7.93686
7.94922
7.80263
7.69305
7.80269
7.94932
7.9451
7.8002
7.69288
7.80025
7.9452
7.92798
7.78474
7.67958
7.78479
7.92808
7.89981
7.75809
7.65488
7.75814
7.89991
7.86327
7.72295
7.62154
7.723
7.86336
7.82008
7.68105
7.58135
7.6811
7.82016
7.77173
7.63391
7.53581
7.63395
7.7718
7.71953
7.58279
7.48621
7.58283
7.7196
7.66462
7.52883
7.4337
7.52887
7.66468
7.60806
7.47306
7.37931
7.47309
7.60812
7.5508
7.41641
7.32396
7.41645
7.55086
7.4938
7.35981
7.26857
7.35984
7.49386
7.43799
7.30412
7.21401
7.30415
7.43804
7.38425
7.25019
7.16109
7.25022
7.38431
7.33348
7.19884
7.11062
7.19886
7.33353
7.28653
7.15084
7.06336
7.15086
7.28658
7.24422
7.10691
7.01998
7.10694
7.24426
7.20727
7.06768
6.98107
7.06771
7.20732
7.17629
7.0336
6.94703
7.03363
7.17633
7.15164
7.00492
6.91806
7.00495
7.15169
7.1334
6.98155
6.89401
6.98158
7.13345
7.12119
6.96296
6.8743
6.96299
7.12124
7.11402
6.94805
6.85775
6.94808
7.11407
7.11009
6.93494
6.84245
6.93497
7.11014
7.1066
6.92083
6.82559
6.92086
7.10665
7.10005
6.90226
6.80366
6.90229
7.1001
7.08623
6.87505
6.77246
6.87508
7.08628
7.05936
6.83382
6.7268
6.83385
7.05941
7.01338
6.77179
6.66015
6.77182
7.01343
6.94071
6.68131
6.56608
6.68134
6.94076
5.8684
5.74924
5.57292
5.74929
5.86849
6.47433
6.30263
6.14657
6.30268
6.47443
6.87515
6.70686
6.5582
6.70691
6.87524
7.15779
6.99255
6.85098
6.99261
7.15788
7.35529
7.19369
7.05803
7.19375
7.35539
7.49142
7.33303
7.2023
7.33309
7.49152
7.58199
7.42645
7.29987
7.4265
7.58209
7.63814
7.48515
7.36213
7.48521
7.63824
7.6679
7.51722
7.3973
7.51728
7.668
7.67713
7.52856
7.4114
7.52862
7.67723
7.67051
7.52384
7.40912
7.5239
7.67061
7.65115
7.50641
7.39402
7.50646
7.65125
7.62126
7.47828
7.36801
7.47832
7.62135
7.58333
7.44202
7.33372
7.44206
7.58341
7.53903
7.39931
7.29289
7.39934
7.5391
7.48986
7.35163
7.247
7.35166
7.48992
7.4371
7.30026
7.19733
7.30028
7.43715
7.38189
7.24631
7.14503
7.24634
7.38194
7.32533
7.19086
7.09115
7.19089
7.32538
7.26842
7.13487
7.03665
7.13489
7.26847
7.21217
7.07932
6.98252
7.07934
7.21221
7.15759
7.02515
6.92969
7.02518
7.15764
7.10571
6.97333
6.87909
6.97335
7.10575
7.05755
6.92481
6.83167
6.92483
7.05759
7.01418
6.88056
6.78837
6.88059
7.01422
6.97669
6.84156
6.75011
6.84159
6.97673
6.94615
6.80875
6.7178
6.80878
6.9462
6.92362
6.783
6.69225
6.78303
6.92367
6.91005
6.76506
6.67413
6.76509
6.9101
6.90618
6.75544
6.66387
6.75548
6.90624
6.91232
6.75434
6.66157
6.75437
6.91238
6.9286
6.76128
6.66666
6.76131
6.92865
6.95425
6.77547
6.67817
6.7755
6.95431
6.98709
6.79449
6.69367
6.79452
6.98715
7.02346
6.81457
6.70929
6.81459
7.02351
7.05782
6.83014
6.71945
6.83017
7.05787
7.08346
6.83419
6.71716
6.83422
7.08351
7.09163
6.81877
6.69484
6.81879
7.09168
7.06987
6.77105
6.6412
6.77107
7.06992
5.51857
5.39998
5.20636
5.40002
5.51865
6.13887
5.96306
5.79202
5.96311
6.13895
6.54076
6.36762
6.20426
6.36766
6.54084
6.818
6.64784
6.49202
6.64789
6.81809
7.00801
6.8417
6.69218
6.84174
7.0081
7.13672
6.97384
6.82959
6.97389
7.13681
7.22079
7.06097
6.92118
7.06102
7.22088
7.27161
7.11456
6.97859
7.11461
7.2717
7.29718
7.14263
7.01
7.14268
7.29727
7.30323
7.15099
7.02135
7.15104
7.30332
7.29443
7.14428
7.01728
7.14433
7.29452
7.27336
7.12536
7.00093
7.12541
7.27344
7.2424
7.09641
6.97429
7.09644
7.24248
7.20387
7.05979
6.93985
7.05982
7.20393
7.15933
7.01711
6.89925
7.01712
7.15937
7.1102
6.96976
6.85392
6.96978
7.11023
7.05772
6.91899
6.80508
6.919
7.05774
7.003
6.86588
6.75385
6.86589
7.00302
6.94712
6.81146
6.70125
6.81147
6.94714
6.89106
6.75671
6.64826
6.75672
6.89109
6.83588
6.70262
6.59586
6.70264
6.83591
6.78263
6.65018
6.54505
6.6502
6.78266
6.73238
6.6004
6.4968
6.60042
6.7324
6.68627
6.55435
6.45218
6.55437
6.6863
6.64555
6.51315
6.41227
6.51318
6.64558
6.61152
6.478
6.37823
6.47803
6.61157
6.58562
6.45017
6.35128
6.45021
6.58568
6.56939
6.43099
6.33267
6.43104
6.56947
6.56447
6.42182
6.32369
6.42187
6.56456
6.57224
6.42391
6.32548
6.42397
6.57233
6.59461
6.43839
6.33899
6.43844
6.5947
6.63335
6.4668
6.36559
6.46684
6.63342
6.68919
6.50919
6.40512
6.50923
6.68926
6.76218
6.56493
6.45669
6.56497
6.76224
6.8507
6.63172
6.51775
6.63175
6.85075
6.95024
6.70464
6.58319
6.70466
6.95029
7.05236
6.77477
6.64408
6.7748
7.05241
7.14523
6.82922
6.6877
6.82924
7.14528
7.20787
6.85012
6.69858
6.85014
7.20791
5.03715
4.92355
4.70495
4.92358
5.03721
5.67789
5.49856
5.30461
5.4986
5.67796
6.08003
5.90129
5.7147
5.90133
6.0801
6.34863
6.17227
5.99355
6.17231
6.3487
6.52805
6.3555
6.18344
6.35555
6.52813
6.64717
6.47809
6.31164
6.47813
6.64724
6.72348
6.55752
6.39583
6.55756
6.72355
6.76845
6.60532
6.44774
6.60537
6.76853
6.78987
6.62932
6.47534
6.62937
6.78995
6.7932
6.63503
6.48428
6.63507
6.79327
6.78302
6.62703
6.47914
6.62707
6.78309
6.76128
6.60756
6.46249
6.60759
6.76134
6.73049
6.57891
6.43637
6.57892
6.73053
6.69272
6.54322
6.40309
6.54321
6.69273
6.64939
6.50193
6.36412
6.50191
6.64938
6.60179
6.45636
6.3208
6.45633
6.60176
6.5511
6.40764
6.27428
6.40761
6.55106
6.49834
6.35678
6.22557
6.35675
6.49829
6.44451
6.30475
6.17564
6.30472
6.44446
6.39055
6.25245
6.12543
6.25244
6.39051
6.33746
6.20087
6.07589
6.20087
6.33744
6.28628
6.15097
6.02799
6.15097
6.28627
6.23811
6.10376
5.98272
6.10376
6.23808
6.19409
6.06034
5.94117
6.06034
6.19408
6.15551
6.0219
5.90452
6.02192
6.15554
6.12386
5.98979
5.87407
5.98984
6.12396
6.10084
5.96553
5.85131
5.96562
6.10098
6.08838
5.95084
5.83786
5.95094
6.08854
6.08869
5.94768
5.83562
5.94778
6.08887
6.10381
5.95781
5.84622
5.95791
6.104
6.13782
5.98444
5.87266
5.98453
6.13799
6.19416
6.03051
5.91762
6.03059
6.19431
6.27662
6.09867
5.98338
6.09873
6.27674
6.38929
6.19159
6.07213
6.19164
6.38938
6.53569
6.31093
6.1849
6.31097
6.53576
6.71721
6.45574
6.31999
6.45577
6.71727
6.9298
6.61971
6.4705
6.61974
6.92986
7.16064
6.7875
6.62105
6.78753
7.16068
7.37972
6.93019
6.74492
6.93021
7.37976
4.34953
4.26259
4.01137
4.26261
4.34956
5.02084
4.84691
4.61902
4.84694
5.02088
5.4196
5.23995
5.01694
5.23997
5.41965
5.673
5.49345
5.27793
5.49348
5.67305
5.83684
5.66017
5.4513
5.6602
5.8369
5.94348
5.7696
5.56642
5.76963
5.94353
6.01077
5.83946
5.64115
5.83948
6.01082
6.04974
5.88082
5.68676
5.88084
6.0498
6.0676
5.90091
5.71061
5.90094
6.06767
6.06929
5.9047
5.7178
5.90472
6.06929
6.05926
5.89659
5.7127
5.89658
6.05921
6.0387
5.87815
5.69729
5.87813
6.03865
6.01017
5.85161
5.67347
5.85157
6.01008
5.9755
5.8189
5.64335
5.81883
5.97542
5.93581
5.78122
5.60821
5.78114
5.93576
5.89224
5.73971
5.5692
5.73963
5.89215
5.84603
5.69545
5.52737
5.69536
5.84583
5.79794
5.64929
5.4836
5.64918
5.79773
5.74881
5.60203
5.43872
5.60192
5.74854
5.69954
5.55452
5.39358
5.55442
5.6993
5.65091
5.5076
5.34905
5.50755
5.65077
5.60402
5.46219
5.30601
5.46211
5.6037
5.55983
5.41924
5.26541
5.41914
5.55947
5.51924
5.37973
5.22827
5.37966
5.51905
5.48362
5.34482
5.19575
5.34484
5.48365
5.45448
5.3159
5.1692
5.31603
5.45474
5.43371
5.29461
5.15019
5.29479
5.43401
5.42323
5.28278
5.14055
5.283
5.42363
5.42537
5.28269
5.14243
5.28294
5.42594
5.44304
5.29657
5.15809
5.29682
5.44362
5.48169
5.32929
5.19215
5.32949
5.4821
5.54652
5.38534
5.24879
5.38549
5.54686
5.64456
5.47036
5.33332
5.47048
5.64485
5.78526
5.59186
5.45258
5.59194
5.78543
5.98111
5.75908
5.61475
5.75913
5.9812
6.24842
5.98249
5.8285
5.98252
6.24849
6.60486
6.27039
6.09954
6.27041
6.60491
7.06132
6.62227
6.42445
6.62229
7.06137
7.59457
7.00251
6.76783
7.00253
7.59461
3.24336
3.28205
3.00009
3.28206
3.24337
3.96086
3.84442
3.57374
3.84443
3.96088
4.34088
4.19897
3.92512
4.19898
4.3409
4.56229
4.41386
4.1453
4.41387
4.56231
4.7006
4.55119
4.28795
4.5512
4.70062
4.78979
4.64013
4.3816
4.64015
4.78982
4.84608
4.69656
4.44217
4.69658
4.84609
4.87893
4.72987
4.47919
4.72988
4.87894
4.89424
4.74596
4.4987
4.74601
4.8944
4.89611
4.74876
4.50469
4.74871
4.89536
4.88878
4.74225
4.50098
4.74209
4.88756
4.87245
4.72737
4.48906
4.72716
4.87176
4.84976
4.7059
4.47027
4.70564
4.84904
4.82267
4.67972
4.44658
4.6795
4.82266
4.79085
4.64949
4.41886
4.64934
4.79164
4.75537
4.61602
4.38796
4.61585
4.75559
4.71933
4.58061
4.3549
4.58039
4.71818
4.6815
4.54371
4.32028
4.54339
4.68075
4.64253
4.50597
4.28467
4.50527
4.64123
4.60461
4.46786
4.24877
4.46733
4.60324
4.56595
4.42999
4.2133
4.42975
4.56537
4.52917
4.39344
4.17899
4.3928
4.52597
4.49512
4.3588
4.14669
4.35816
4.49172
4.46187
4.3268
4.11725
4.32642
4.46044
4.43281
4.29842
4.09167
4.29844
4.43286
4.40908
4.27494
4.07119
4.27548
4.4106
4.39439
4.25843
4.05736
4.25896
4.39482
4.38828
4.25
4.05177
4.25056
4.38942
4.39092
4.25136
4.05605
4.25215
4.39468
4.40902
4.26545
4.073
4.26616
4.41255
4.44809
4.29759
4.10784
4.29811
4.4494
4.51293
4.35308
4.16568
4.35357
4.51406
4.61203
4.43928
4.25383
4.43963
4.61362
4.75669
4.567
4.38298
4.56716
4.75722
4.96272
4.75338
4.56991
4.75345
4.96289
5.2733
5.02866
4.84194
5.0287
5.27338
5.75988
5.44009
5.24033
5.44011
5.75993
6.53337
6.05157
5.81596
6.05159
6.53341
7.74182
6.92215
6.62663
6.92216
7.74185
0.959843
1.19946
1.09561
1.19946
0.959835
1.52654
1.5374
1.43035
1.5374
1.52653
1.75136
1.71158
1.59856
1.71158
1.75136
1.86534
1.81473
1.70173
1.81474
1.86534
1.93426
1.88079
1.76881
1.88079
1.93426
1.97911
1.92447
1.81353
1.92447
1.97911
2.00835
1.95312
1.84321
1.95312
2.00835
2.02656
1.97099
1.86213
1.97099
2.02654
2.03649
1.98079
1.87298
1.98081
2.03657
2.0398
1.98408
1.87746
1.98408
2.03964
2.03882
1.98298
1.87723
1.98295
2.03848
2.03414
1.9783
1.87376
1.97822
2.03383
2.02583
1.96997
1.86653
1.96986
2.02548
2.01584
1.95953
1.85703
1.95936
2.01554
2.00383
1.9472
1.84566
1.947
2.00365
1.98971
1.93321
1.8327
1.93307
1.98953
1.97548
1.91834
1.81873
1.91823
1.97506
1.96051
1.90275
1.80401
1.90258
1.96015
1.94508
1.88669
1.78883
1.88633
1.944
1.92951
1.87035
1.77372
1.87012
1.92873
1.91363
1.85416
1.75882
1.85412
1.91364
1.89887
1.83865
1.74443
1.83846
1.89772
1.8849
1.82396
1.73089
1.82378
1.8838
1.87196
1.81063
1.71857
1.81046
1.87126
1.86048
1.79896
1.70794
1.79893
1.86036
1.85095
1.78957
1.69957
1.78984
1.85193
1.84607
1.78363
1.69414
1.78394
1.84668
1.845
1.78184
1.69261
1.78217
1.84575
1.8474
1.78478
1.69604
1.78512
1.84885
1.85654
1.79452
1.70616
1.7948
1.85777
1.8752
1.81437
1.72617
1.81461
1.87585
1.90574
1.84729
1.75882
1.84752
1.90644
1.95136
1.89818
1.80895
1.89833
1.95197
2.01604
1.97372
1.88325
1.97378
2.01617
2.134
2.08559
1.99231
2.08562
2.13406
2.31127
2.25281
2.15437
2.25283
2.3113
2.58505
2.50816
2.40036
2.50817
2.58508
3.12108
2.93999
2.80012
2.94
3.1211
4.98837
4.20408
3.94269
4.20409
4.9884
1.1084
1.0196
0.963191
1.0196
1.1084
2.79224
2.66897
2.46728
2.66898
2.79225
3.49732
3.392
3.25122
3.39201
3.49734
3.98636
3.89041
3.77981
3.89043
3.98639
4.3776
4.28229
4.18705
4.28231
4.37764
4.71256
4.61129
4.52312
4.61132
4.71261
5.00946
4.89734
4.81143
4.89737
5.0095
5.27796
5.15094
5.06407
5.15096
5.27801
5.52371
5.37793
5.28763
5.37796
5.52376
5.75011
5.58166
5.48577
5.58169
5.75016
5.95993
5.7645
5.66089
5.76453
5.95998
6.1575
5.92959
5.81578
5.92961
6.15755
6.3521
6.08317
5.95572
6.08319
6.35214
6.56412
6.23837
6.09148
6.23839
6.56416
6.83528
6.42042
6.24348
6.42044
6.83531
7.24462
6.67227
6.44505
6.67229
7.24466
7.9243
7.05924
6.751
7.05926
7.92433
9.17551
7.69335
7.25763
7.69337
9.17554
10.5479
7.54499
6.95592
7.54499
10.5479
1.156
1.06729
1.01332
1.06729
1.156
2.88367
2.75551
2.5645
2.75552
2.88368
3.61139
3.50292
3.3727
3.50293
3.61141
4.12034
4.02047
3.91931
4.02049
4.12038
4.52886
4.42847
4.34149
4.4285
4.5289
4.87793
4.77081
4.68998
4.77083
4.87798
5.18569
5.06748
4.9883
5.06751
5.18575
5.46197
5.3291
5.24862
5.32913
5.46203
5.71254
5.56162
5.47756
5.56165
5.7126
5.94095
5.7685
5.67892
5.76853
5.941
6.15016
5.95234
5.85532
5.95237
6.15021
6.34509
6.11678
6.01003
6.11681
6.34514
6.53598
6.26893
6.14914
6.26895
6.53602
6.74497
6.42346
6.28496
6.42349
6.74502
7.01749
6.609
6.4412
6.60902
7.01753
7.44587
6.87899
6.66123
6.87901
7.44591
8.22119
7.33591
7.03156
7.33593
8.22122
9.84724
8.23818
7.78041
8.23819
9.84727
13.3885
9.80886
9.00983
9.80887
13.3885
1.20694
1.11818
1.06489
1.11818
1.20694
2.98947
2.85576
2.66895
2.85577
2.98949
3.74166
3.62606
3.49951
3.62608
3.74168
4.26745
4.15965
4.06142
4.15967
4.26749
4.68905
4.58019
4.4955
4.58021
4.6891
5.04813
4.93231
4.85334
4.93234
5.04818
5.3629
5.23623
5.15869
5.23626
5.36295
5.64327
5.50262
5.42371
5.50266
5.64333
5.89508
5.73743
5.65502
5.73746
5.89514
6.12191
5.9441
5.85639
5.94413
6.12197
6.3267
6.1252
6.03045
6.12523
6.32675
6.51432
6.2844
6.18046
6.28442
6.51437
6.69471
6.42859
6.31235
6.42861
6.69476
6.88893
6.57175
6.43782
6.57177
6.88897
7.13917
6.74065
6.57912
6.74067
7.13921
7.53059
6.98483
6.77647
6.98485
7.53063
8.25312
7.40913
7.1187
7.40915
8.25315
9.81824
8.27702
7.83728
8.27704
9.81827
13.3679
9.89749
9.11065
9.8975
13.3679
1.26117
1.17194
1.11762
1.17194
1.26117
3.10955
2.96879
2.77969
2.9688
3.10957
3.88744
3.75998
3.63101
3.76
3.88747
4.42665
4.3063
4.20578
4.30632
4.42669
4.85723
4.73587
4.649
4.7359
4.85728
5.22247
5.09449
5.01346
5.09452
5.22252
5.54078
5.40256
5.32312
5.40259
5.54084
5.82196
5.67073
5.59017
5.67077
5.82202
6.07167
5.90482
5.82111
5.90485
6.07173
6.29348
6.10815
6.01957
6.10818
6.29354
6.4902
6.28309
6.18798
6.28312
6.49025
6.66605
6.43278
6.32912
6.43281
6.6661
6.82937
6.56292
6.44782
6.56295
6.82942
6.99752
6.68469
6.55324
6.68471
6.99757
7.20203
6.81801
6.66165
6.81803
7.20208
7.50665
6.99759
6.79974
6.99761
7.50669
8.03186
7.28836
7.0227
7.28838
8.0319
9.1014
7.82026
7.44034
7.82028
9.10142
10.5902
7.77181
7.20062
7.77183
10.5902
8.48546
6.4459
5.88481
6.44591
8.48547
13.0682
9.16558
8.38257
9.16559
13.0682
13.0113
9.06571
8.28084
9.06572
13.0113
8.50667
6.27178
5.71258
6.27178
8.50668
6.48923
4.91904
4.51299
4.91904
6.48924
12.4069
8.08309
7.2925
8.0831
12.4069
12.2804
7.97373
7.19194
7.97374
12.2805
6.44954
4.83106
4.42637
4.83106
6.44955
5.49126
4.13324
3.80032
4.13325
5.49127
11.3486
7.12948
6.36247
7.12949
11.3486
11.2538
7.05368
6.29404
7.05368
11.2538
5.3807
4.04037
3.71611
4.04037
5.38071
4.40355
3.20735
2.93012
3.20736
4.40356
9.957
5.96299
5.23627
5.963
9.95701
9.88344
5.91133
5.19049
5.91134
9.88345
4.2862
3.12317
2.85581
3.12317
4.28621
0.288057
0.258185
0.233342
0.258185
0.288058
0.834178
0.818635
0.74162
0.818632
0.83418
1.15151
1.13585
1.05071
1.13585
1.15151
1.37725
1.35661
1.27051
1.35661
1.37725
1.541
1.52056
1.43616
1.52056
1.541
1.67144
1.65105
1.56832
1.65105
1.67144
1.78178
1.7603
1.67852
1.7603
1.78179
1.87842
1.85465
1.77305
1.85465
1.87843
1.96439
1.93715
1.85505
1.93715
1.9644
2.04044
2.00857
1.9254
2.00857
2.04044
2.10535
2.0679
1.98318
2.0679
2.10536
2.15534
2.11192
2.0254
2.11192
2.15534
2.18465
2.13237
2.0437
2.13237
2.18465
2.19446
2.12054
2.0303
2.12054
2.19446
2.17399
2.06642
1.97935
2.06642
2.174
2.10291
1.96665
1.88536
1.96665
2.10291
1.92888
1.78485
1.70152
1.78485
1.92888
1.52613
1.40554
1.32524
1.40554
1.52613
0.555803
0.497219
0.45885
0.497219
0.555804
0.796553
0.765489
0.666403
0.765484
0.796555
2.32085
2.25842
1.93281
2.25842
2.32085
2.96208
2.85049
2.55806
2.8505
2.96208
3.35702
3.23766
2.97252
3.23767
3.35703
3.65016
3.5285
3.28232
3.52851
3.65018
3.89488
3.76715
3.53259
3.76716
3.8949
4.11216
3.97332
3.74522
3.97333
4.11218
4.31182
4.15695
3.93148
4.15696
4.31184
4.49875
4.32303
4.09705
4.32305
4.49877
4.67489
4.47352
4.24422
4.47353
4.67491
4.83991
4.60816
4.37282
4.60818
4.83993
4.99115
4.72469
4.4805
4.72471
4.99117
5.12135
4.81792
4.5619
4.81793
5.12137
5.21517
4.87801
4.6067
4.87802
5.21519
5.25604
4.88523
4.59149
4.88523
5.25606
5.20953
4.79725
4.47199
4.79725
5.20955
4.95281
4.50661
4.15077
4.50662
4.95282
4.19618
3.82805
3.45983
3.82806
4.19619
1.62835
1.58731
1.42349
1.58731
1.62835
0.991679
0.913227
0.836912
0.913224
0.99168
2.622
2.52184
2.2413
2.52184
2.62201
3.29442
3.17828
2.95457
3.17829
3.29443
3.73022
3.61784
3.42865
3.61785
3.73024
4.06753
3.95679
3.78852
3.9568
4.06755
4.35489
4.2398
4.08326
4.23982
4.35492
4.61178
4.48668
4.33596
4.4867
4.61181
4.84771
4.70751
4.55846
4.70753
4.84774
5.06777
4.9076
4.75691
4.90762
5.06781
5.2746
5.08953
4.93431
5.08955
5.27463
5.46949
5.25434
5.09179
5.25436
5.46952
5.65357
5.40246
5.22954
5.40248
5.6536
5.8292
5.53472
5.34772
5.53473
5.82924
6.00258
5.65351
5.44702
5.65352
6.00261
6.18731
5.76201
5.52686
5.76203
6.18734
6.39169
5.85219
5.57201
5.8522
6.39171
6.52574
5.83847
5.50817
5.83848
6.52576
6.21183
5.4577
5.07188
5.45771
6.21184
2.7811
2.54321
2.32969
2.54322
2.7811
1.06144
0.973332
0.911032
0.973329
1.06144
2.71741
2.5996
2.37172
2.59961
2.71742
3.40347
3.29418
3.12722
3.29419
3.40349
3.86846
3.76839
3.63378
3.7684
3.86848
4.23688
4.13899
4.02205
4.139
4.2369
4.55239
4.44986
4.34179
4.44988
4.55242
4.83347
4.72083
4.61633
4.72085
4.83351
5.08964
4.96221
4.85766
4.96223
5.08968
5.32628
5.17965
5.07222
5.17967
5.32632
5.54649
5.3762
5.26343
5.37623
5.54654
5.75257
5.55376
5.43321
5.55379
5.75261
5.94775
5.71449
5.58344
5.71451
5.94779
6.13907
5.86271
5.71755
5.86273
6.13911
6.34237
6.00782
5.84277
6.00784
6.3424
6.58954
6.167
5.97185
6.16702
6.58957
6.93109
6.36244
6.11847
6.36246
6.93112
7.39272
6.59183
6.27858
6.59184
7.39275
7.82325
6.69358
6.29267
6.69359
7.82326
4.94756
4.06878
3.75448
4.06879
4.94757
)
;

boundaryField
{
    empty
    {
        type            empty;
    }
    top
    {
        type            fixedValue;
        value           uniform 0.00375;
    }
    fixedwall
    {
        type            kqRWallFunction;
        value           nonuniform List<scalar> 
585
(
0.977301
1.218
1.11421
1.218
0.977301
1.53686
1.54729
1.44042
1.54729
1.53686
1.75816
1.71908
1.60618
1.71909
1.75816
1.87165
1.82217
1.70928
1.82218
1.87165
1.94171
1.88946
1.77752
1.88947
1.94172
1.98855
1.93528
1.82432
1.93533
1.98872
2.02035
1.96677
1.85682
1.96691
2.0206
2.04164
1.98818
1.87924
1.98841
2.04214
2.05544
2.00217
1.89425
2.0025
2.05606
2.06341
2.01059
1.90367
2.011
2.06421
2.06717
2.01467
1.90875
2.01517
2.06869
2.06807
2.01554
1.91049
2.01618
2.0702
2.06646
2.01397
1.90972
2.01472
2.06853
2.06282
2.00996
1.90656
2.0106
2.06424
2.0571
2.00374
1.90102
2.00426
2.05806
2.04952
1.99576
1.89375
1.99629
2.05092
2.04094
1.98612
1.88474
1.98653
2.04225
2.03044
1.97474
1.87403
1.97486
2.03079
2.01818
1.96174
1.86169
1.96156
2.01756
2.00439
1.94691
1.84764
1.94661
2.00343
1.98811
1.93008
1.83174
1.9299
1.98761
1.96997
1.91143
1.81396
1.91133
1.97001
1.95055
1.89091
1.79421
1.89058
1.95032
1.92864
1.86803
1.77239
1.86779
1.92888
1.90395
1.8428
1.74843
1.84285
1.90477
1.87826
1.81544
1.72226
1.81552
1.87844
1.85056
1.78578
1.69367
1.78567
1.84962
1.81945
1.75347
1.66307
1.75342
1.81893
1.7858
1.71853
1.63066
1.71865
1.78593
1.74948
1.68115
1.59595
1.68114
1.74904
1.71158
1.64135
1.55893
1.64135
1.7116
1.67178
1.59908
1.51962
1.59921
1.67202
1.62907
1.55435
1.47795
1.55445
1.6292
1.58413
1.50715
1.4339
1.50722
1.58442
1.53661
1.45746
1.38745
1.45751
1.53672
1.48627
1.40533
1.33853
1.40537
1.48633
1.43355
1.35079
1.28699
1.35081
1.43358
1.3786
1.29343
1.23247
1.29344
1.37862
1.32058
1.23174
1.17443
1.23174
1.32059
0.959843
1.19946
1.09561
1.19946
0.959835
1.52654
1.5374
1.43035
1.5374
1.52653
1.75136
1.71158
1.59856
1.71158
1.75136
1.86534
1.81473
1.70173
1.81474
1.86534
1.93426
1.88079
1.76881
1.88079
1.93426
1.97911
1.92447
1.81353
1.92447
1.97911
2.00835
1.95312
1.84321
1.95312
2.00835
2.02656
1.97099
1.86213
1.97099
2.02654
2.03649
1.98079
1.87298
1.98081
2.03657
2.0398
1.98408
1.87746
1.98408
2.03964
2.03882
1.98298
1.87723
1.98295
2.03848
2.03414
1.9783
1.87376
1.97822
2.03383
2.02583
1.96997
1.86653
1.96986
2.02548
2.01584
1.95953
1.85703
1.95936
2.01554
2.00383
1.9472
1.84566
1.947
2.00365
1.98971
1.93321
1.8327
1.93307
1.98953
1.97548
1.91834
1.81873
1.91823
1.97506
1.96051
1.90275
1.80401
1.90258
1.96015
1.94508
1.88669
1.78883
1.88633
1.944
1.92951
1.87035
1.77372
1.87012
1.92873
1.91363
1.85416
1.75882
1.85412
1.91364
1.89887
1.83865
1.74443
1.83846
1.89772
1.8849
1.82396
1.73089
1.82378
1.8838
1.87196
1.81063
1.71857
1.81046
1.87126
1.86048
1.79896
1.70794
1.79893
1.86036
1.85095
1.78957
1.69957
1.78984
1.85193
1.84607
1.78363
1.69414
1.78394
1.84668
1.845
1.78184
1.69261
1.78217
1.84575
1.8474
1.78478
1.69604
1.78512
1.84885
1.85654
1.79452
1.70616
1.7948
1.85777
1.8752
1.81437
1.72617
1.81461
1.87585
1.90574
1.84729
1.75882
1.84752
1.90644
1.95136
1.89818
1.80895
1.89833
1.95197
2.01604
1.97372
1.88325
1.97378
2.01617
2.134
2.08559
1.99231
2.08562
2.13406
2.31127
2.25281
2.15437
2.25283
2.3113
2.58505
2.50816
2.40036
2.50817
2.58508
3.12108
2.93999
2.80012
2.94
3.1211
4.98837
4.20408
3.94269
4.20409
4.9884
1.1084
1.0196
0.963191
1.0196
1.1084
1.156
1.06729
1.01332
1.06729
1.156
1.20694
1.11818
1.06489
1.11818
1.20694
1.26117
1.17194
1.11762
1.17194
1.26117
8.48546
6.4459
5.88481
6.44591
8.48547
8.50667
6.27178
5.71258
6.27178
8.50668
6.48923
4.91904
4.51299
4.91904
6.48924
6.44954
4.83106
4.42637
4.83106
6.44955
5.49126
4.13324
3.80032
4.13325
5.49127
5.3807
4.04037
3.71611
4.04037
5.38071
4.40355
3.20735
2.93012
3.20736
4.40356
4.2862
3.12317
2.85581
3.12317
4.28621
0.288057
0.288057
0.258185
0.258185
0.233342
0.233342
0.258185
0.258185
0.288058
0.288058
0.834178
0.818635
0.74162
0.818632
0.83418
1.15151
1.13585
1.05071
1.13585
1.15151
1.37725
1.35661
1.27051
1.35661
1.37725
1.541
1.52056
1.43616
1.52056
1.541
1.67144
1.65105
1.56832
1.65105
1.67144
1.78178
1.7603
1.67852
1.7603
1.78179
1.87842
1.85465
1.77305
1.85465
1.87843
1.96439
1.93715
1.85505
1.93715
1.9644
2.04044
2.00857
1.9254
2.00857
2.04044
2.10535
2.0679
1.98318
2.0679
2.10536
2.15534
2.11192
2.0254
2.11192
2.15534
2.18465
2.13237
2.0437
2.13237
2.18465
2.19446
2.12054
2.0303
2.12054
2.19446
2.17399
2.06642
1.97935
2.06642
2.174
2.10291
1.96665
1.88536
1.96665
2.10291
1.92888
1.78485
1.70152
1.78485
1.92888
1.52613
1.40554
1.32524
1.40554
1.52613
0.555803
0.555803
0.497219
0.497219
0.45885
0.45885
0.497219
0.497219
0.555804
0.555804
0.796553
0.765489
0.666403
0.765484
0.796555
1.62835
1.58731
1.42349
1.58731
1.62835
0.991679
0.913227
0.836912
0.913224
0.99168
2.7811
2.54321
2.32969
2.54322
2.7811
1.06144
0.973332
0.911032
0.973329
1.06144
4.94756
4.06878
3.75448
4.06879
4.94757
)
;
    }
    outlet
    {
        type            zeroGradient;
    }
}


// ************************************************************************* //
