/*--------------------------------*- C++ -*----------------------------------*\
  =========                 |
  \\      /  F ield         | OpenFOAM: The Open Source CFD Toolbox
   \\    /   O peration     | Website:  https://openfoam.org
    \\  /    A nd           | Version:  9
     \\/     M anipulation  |
\*---------------------------------------------------------------------------*/
FoamFile
{
    format      ascii;
    class       volScalarField;
    location    "3.5";
    object      nut;
}
// * * * * * * * * * * * * * * * * * * * * * * * * * * * * * * * * * * * * * //

dimensions      [0 2 -1 0 0 0 0];

internalField   nonuniform List<scalar> 
4545
(
0.00584276
0.00652258
0.00623855
0.00652259
0.00584277
0.0073267
0.00735149
0.00709311
0.0073515
0.00732671
0.00783636
0.0077488
0.00749007
0.00774881
0.00783637
0.00808526
0.00797772
0.00772667
0.00797773
0.00808528
0.00823516
0.00812365
0.00787937
0.00812369
0.0082352
0.00833377
0.00822153
0.00798241
0.00822171
0.0083343
0.00840062
0.00828809
0.00805321
0.00828854
0.00839966
0.00844438
0.00833312
0.00810167
0.0083336
0.00844473
0.00847377
0.00836244
0.00813397
0.00836309
0.00847297
0.00848968
0.00837981
0.00815414
0.00838091
0.00848775
0.00849525
0.00838843
0.00816494
0.00838956
0.0084999
0.00849791
0.00839023
0.0081686
0.00839133
0.00850568
0.0084948
0.00838666
0.0081669
0.00838789
0.00849926
0.00848637
0.00837839
0.0081601
0.00837933
0.00848842
0.00847539
0.00836538
0.00814822
0.00836601
0.00847573
0.00845947
0.00834847
0.00813273
0.00834991
0.0084602
0.0084433
0.00832853
0.0081135
0.00832997
0.00844546
0.00842157
0.00830498
0.0080904
0.00830556
0.0084227
0.00839577
0.00827716
0.00806361
0.00827752
0.00839241
0.00837016
0.00824547
0.00803301
0.00824552
0.00836596
0.00833698
0.00820987
0.00799839
0.00821022
0.00833283
0.00829516
0.00817017
0.00795963
0.0081711
0.00829218
0.00824976
0.00812646
0.00791629
0.0081266
0.00825445
0.00820416
0.00807735
0.00786801
0.00807728
0.00821261
0.00815233
0.00802254
0.00781455
0.00802252
0.00815727
0.00810001
0.00796304
0.00775577
0.00796233
0.00810019
0.00803932
0.00789801
0.00769119
0.00789671
0.00803754
0.0079714
0.00782589
0.00762149
0.0078256
0.00796863
0.00790141
0.00774712
0.00754684
0.0077477
0.00789573
0.00781658
0.00766212
0.00746596
0.0076622
0.00781263
0.00773056
0.007571
0.00737884
0.00757124
0.0077305
0.00764309
0.00747306
0.00728522
0.00747345
0.00763938
0.00754225
0.00736782
0.00718466
0.00736792
0.00754044
0.00743667
0.00725529
0.00707682
0.00725525
0.00743856
0.00732577
0.00713474
0.00696127
0.00713478
0.00732571
0.00720481
0.00700599
0.00683746
0.00700604
0.00720489
0.00707585
0.00686867
0.00670453
0.00686871
0.00707591
0.0069389
0.00672126
0.00656099
0.00672128
0.00693895
0.00679132
0.00655898
0.00640461
0.006559
0.00679134
0.0530381
0.0555832
0.0548547
0.0555832
0.0530377
0.0590606
0.0608364
0.0602953
0.0608363
0.0590603
0.0620767
0.0639935
0.0635482
0.0639935
0.0620764
0.0641044
0.0661174
0.0657413
0.0661174
0.0641044
0.0656078
0.0676438
0.0673012
0.0676441
0.0656082
0.0667317
0.0687659
0.0684407
0.0687667
0.0667313
0.0675701
0.0695953
0.0692808
0.0695948
0.0675647
0.0681925
0.0702067
0.0698991
0.070206
0.0681849
0.0686531
0.0706505
0.0703475
0.0706472
0.0686368
0.0689742
0.0709591
0.070661
0.0709543
0.0689567
0.0691796
0.0711529
0.0708641
0.0711521
0.0691779
0.0693255
0.0712774
0.0709826
0.0712764
0.0693208
0.0693942
0.0713279
0.071042
0.071323
0.0693761
0.0693941
0.0713101
0.0710253
0.0713016
0.0693728
0.0693463
0.0712397
0.0709572
0.0712316
0.0693254
0.0692469
0.0711202
0.0708422
0.0711175
0.0692341
0.0691073
0.0709565
0.070681
0.0709626
0.0691068
0.0689175
0.0707462
0.0704719
0.0707538
0.0689223
0.0686786
0.070487
0.0702152
0.070491
0.0686842
0.0684041
0.0701839
0.0699138
0.0701916
0.0684095
0.0680746
0.069837
0.0695689
0.0698458
0.0680747
0.067673
0.0694407
0.0691767
0.0694474
0.0676851
0.067217
0.0689935
0.0687334
0.0690057
0.0672584
0.0667222
0.0684925
0.0682349
0.0685038
0.0667596
0.0661663
0.0679334
0.0676775
0.0679297
0.0661716
0.0655456
0.0673144
0.0670619
0.0673035
0.0655299
0.0648394
0.0666293
0.0663825
0.0666196
0.0648246
0.0640615
0.0658708
0.0656164
0.0658647
0.0640441
0.0632138
0.065037
0.0647499
0.065033
0.063187
0.0622677
0.0641304
0.0638022
0.0641262
0.0622539
0.0612617
0.0631554
0.0627838
0.0631525
0.0612507
0.0601846
0.0621085
0.0616916
0.0620998
0.0601578
0.0590135
0.060986
0.0605234
0.0609752
0.0589964
0.0577783
0.0597894
0.0592788
0.0597829
0.0577714
0.0564765
0.0585151
0.0579541
0.0585105
0.0564696
0.0551003
0.0571594
0.0565452
0.0571568
0.0550968
0.0536552
0.0557159
0.0550446
0.0557145
0.0536539
0.0521461
0.0541699
0.0534389
0.0541692
0.0521458
0.0505711
0.0524897
0.0517123
0.0524892
0.0505712
0.0891863
0.0907411
0.090328
0.0907411
0.089186
0.0991899
0.0998749
0.0996259
0.0998749
0.0991897
0.105174
0.105877
0.105692
0.105877
0.105174
0.109344
0.110113
0.109986
0.110113
0.109344
0.112439
0.11325
0.11316
0.113251
0.11244
0.114791
0.115625
0.115559
0.115626
0.114791
0.116591
0.117438
0.117388
0.117438
0.116589
0.117967
0.118821
0.118784
0.11882
0.117963
0.119012
0.119868
0.119839
0.119865
0.119003
0.119769
0.120627
0.120612
0.120623
0.119758
0.120315
0.121169
0.121156
0.121164
0.120303
0.120701
0.121552
0.121542
0.121545
0.120684
0.120928
0.121776
0.121774
0.121767
0.120907
0.121014
0.121859
0.121862
0.121851
0.120997
0.120987
0.121828
0.121835
0.121821
0.120974
0.120857
0.121693
0.121706
0.12169
0.120848
0.12063
0.121462
0.12148
0.121464
0.120627
0.120311
0.121138
0.121161
0.121143
0.120317
0.119903
0.120724
0.12075
0.120731
0.119915
0.119409
0.120222
0.120251
0.12023
0.119422
0.118826
0.119633
0.119664
0.119639
0.118836
0.118147
0.118951
0.118984
0.118956
0.118155
0.117368
0.118173
0.118209
0.118178
0.11738
0.116493
0.117295
0.117334
0.117297
0.116498
0.115514
0.116313
0.116352
0.116308
0.115506
0.114417
0.11522
0.115262
0.115212
0.114406
0.113197
0.11401
0.114058
0.114004
0.113192
0.111859
0.112679
0.11273
0.112675
0.111854
0.110396
0.111221
0.111273
0.111217
0.110387
0.108798
0.109632
0.10968
0.109629
0.108793
0.107064
0.107909
0.107952
0.107905
0.107056
0.105187
0.106046
0.106083
0.106039
0.105174
0.103164
0.104036
0.104067
0.104028
0.103152
0.100991
0.101872
0.101897
0.101866
0.100981
0.0986614
0.0995465
0.0995616
0.0995413
0.0986538
0.0961646
0.0970454
0.0970478
0.0970419
0.0961596
0.0934856
0.0943511
0.0943364
0.0943488
0.0934827
0.090604
0.0914365
0.091401
0.091435
0.0906023
0.0874825
0.0882627
0.088212
0.0882617
0.0874815
0.11684
0.117878
0.117442
0.117878
0.116841
0.129095
0.129174
0.128836
0.129174
0.129096
0.137256
0.137256
0.13694
0.137257
0.137256
0.14317
0.143188
0.142906
0.143188
0.143171
0.147632
0.147673
0.147419
0.147673
0.147634
0.151065
0.151122
0.150888
0.151122
0.151066
0.153725
0.153792
0.153574
0.153792
0.153725
0.155786
0.155859
0.155652
0.155859
0.155785
0.157367
0.157446
0.157249
0.157446
0.157365
0.15854
0.15862
0.158434
0.158619
0.158537
0.159416
0.159496
0.159314
0.159494
0.159412
0.160049
0.160127
0.159949
0.160124
0.160042
0.160451
0.16053
0.16036
0.160526
0.160444
0.160654
0.160731
0.160565
0.160728
0.160649
0.160691
0.160766
0.160605
0.160763
0.160688
0.16058
0.160651
0.160495
0.16065
0.160579
0.160331
0.160399
0.160247
0.160401
0.160333
0.159954
0.160019
0.159871
0.160022
0.159959
0.159453
0.159514
0.15937
0.159518
0.15946
0.158831
0.158889
0.158748
0.158893
0.158839
0.15809
0.158144
0.158005
0.158147
0.158096
0.157225
0.157277
0.157141
0.157279
0.157229
0.156233
0.156285
0.156151
0.156286
0.156236
0.155111
0.155162
0.155031
0.155161
0.155111
0.153853
0.153904
0.153776
0.1539
0.153848
0.15245
0.152504
0.152378
0.152499
0.152443
0.150895
0.150954
0.150832
0.15095
0.15089
0.149183
0.149247
0.149129
0.149244
0.149178
0.147305
0.147375
0.14726
0.147372
0.147301
0.145252
0.145328
0.145215
0.145325
0.145248
0.143014
0.143096
0.142985
0.143093
0.143008
0.140578
0.140667
0.140556
0.140663
0.14057
0.137931
0.138027
0.137915
0.138022
0.137923
0.135057
0.135159
0.135046
0.135154
0.13505
0.131936
0.132041
0.131925
0.132037
0.13193
0.128543
0.128648
0.128526
0.128645
0.128538
0.124843
0.124945
0.124816
0.124943
0.12484
0.120794
0.120883
0.120755
0.120881
0.120792
0.116324
0.116395
0.116278
0.116394
0.116322
0.138681
0.139458
0.139
0.139459
0.138682
0.152205
0.151993
0.151584
0.151994
0.152206
0.161811
0.161484
0.161072
0.161485
0.161813
0.169015
0.168681
0.168289
0.168681
0.169017
0.17455
0.174226
0.173855
0.174227
0.174552
0.178857
0.178543
0.17819
0.178544
0.178859
0.182226
0.181919
0.181579
0.18192
0.182228
0.184858
0.184555
0.184225
0.184556
0.18486
0.186889
0.186593
0.186274
0.186593
0.18689
0.188424
0.188126
0.187813
0.188126
0.188425
0.189582
0.189285
0.188978
0.189285
0.189582
0.19043
0.190131
0.189828
0.19013
0.190429
0.190991
0.190692
0.190396
0.190691
0.19099
0.191304
0.191003
0.190711
0.191002
0.191304
0.191409
0.191105
0.190817
0.191105
0.191409
0.191328
0.191022
0.190738
0.191022
0.19133
0.19108
0.19077
0.19049
0.190771
0.191082
0.190675
0.190363
0.190086
0.190364
0.190679
0.190123
0.189807
0.189534
0.189809
0.190127
0.189428
0.189109
0.188839
0.189111
0.189432
0.188592
0.188271
0.188004
0.188272
0.188594
0.187614
0.187291
0.187027
0.187292
0.187615
0.186491
0.186168
0.185906
0.186167
0.186491
0.185219
0.184896
0.184638
0.184895
0.185217
0.183792
0.18347
0.183215
0.183468
0.183789
0.182201
0.181882
0.18163
0.181879
0.182197
0.180438
0.180122
0.179873
0.180119
0.180434
0.178491
0.178179
0.177934
0.178177
0.178487
0.176348
0.176041
0.175798
0.176039
0.176344
0.173994
0.173693
0.173452
0.17369
0.173991
0.171413
0.171116
0.170878
0.171114
0.171409
0.168584
0.168292
0.168055
0.168289
0.168579
0.165483
0.165197
0.164959
0.165193
0.165478
0.162083
0.161801
0.161565
0.161798
0.162079
0.158349
0.158073
0.157841
0.15807
0.158345
0.15424
0.15397
0.153744
0.153968
0.154236
0.149705
0.149442
0.14922
0.14944
0.149702
0.14468
0.144426
0.144199
0.144424
0.144678
0.139082
0.138829
0.138602
0.138827
0.13908
0.155774
0.156414
0.155955
0.156416
0.155776
0.170048
0.169699
0.169257
0.1697
0.17005
0.1806
0.180125
0.179669
0.180126
0.180603
0.188719
0.188227
0.187785
0.188228
0.188722
0.195055
0.194568
0.194143
0.194569
0.195058
0.200037
0.199556
0.199146
0.199557
0.200039
0.203961
0.203486
0.203088
0.203487
0.203964
0.207046
0.206573
0.206184
0.206574
0.207048
0.209436
0.20897
0.208593
0.208971
0.209438
0.211264
0.210794
0.21042
0.210794
0.211266
0.212649
0.21218
0.211814
0.212181
0.212651
0.213671
0.213201
0.212837
0.213201
0.213673
0.214363
0.213892
0.213536
0.213892
0.214364
0.214767
0.214294
0.213942
0.214295
0.214769
0.214932
0.214456
0.214108
0.214457
0.214933
0.214884
0.214406
0.214061
0.214407
0.214886
0.214647
0.214166
0.213824
0.214167
0.214649
0.214234
0.21375
0.213412
0.213752
0.214237
0.213659
0.213172
0.212837
0.213173
0.213661
0.212927
0.212438
0.212106
0.212439
0.212929
0.212043
0.211552
0.211223
0.211552
0.212044
0.211007
0.210515
0.210189
0.210515
0.211008
0.209818
0.209325
0.209001
0.209324
0.209818
0.20847
0.207977
0.207657
0.207976
0.208469
0.206958
0.206466
0.206148
0.206464
0.206956
0.205271
0.20478
0.204466
0.204778
0.205269
0.203397
0.202909
0.202597
0.202907
0.203395
0.201323
0.200837
0.200528
0.200835
0.20132
0.199029
0.198546
0.19824
0.198544
0.199027
0.196497
0.196016
0.195712
0.196014
0.196494
0.1937
0.193222
0.192921
0.19322
0.193697
0.19061
0.190136
0.189839
0.190134
0.190607
0.187195
0.186726
0.186434
0.186724
0.187192
0.183417
0.182957
0.182666
0.182955
0.183414
0.179236
0.17878
0.178487
0.178778
0.179233
0.174592
0.174139
0.17384
0.174137
0.174589
0.169413
0.168961
0.168659
0.16896
0.169411
0.163612
0.163157
0.162859
0.163156
0.16361
0.157074
0.156621
0.156339
0.15662
0.157072
0.168665
0.169228
0.168775
0.16923
0.168667
0.183396
0.182979
0.182525
0.18298
0.183399
0.194562
0.194016
0.193545
0.194018
0.194565
0.203307
0.202742
0.202281
0.202743
0.20331
0.210213
0.209651
0.209205
0.209653
0.210217
0.215687
0.21513
0.214698
0.215131
0.215691
0.220024
0.219471
0.21905
0.219472
0.220027
0.223447
0.222896
0.222483
0.222897
0.22345
0.226107
0.225562
0.225163
0.225564
0.22611
0.228154
0.227606
0.227208
0.227607
0.228157
0.229711
0.229163
0.228772
0.229164
0.229713
0.230865
0.230316
0.229928
0.230317
0.230867
0.231654
0.231105
0.230725
0.231106
0.231656
0.232129
0.231579
0.231201
0.231579
0.232132
0.232342
0.231789
0.231415
0.231789
0.232344
0.232324
0.231769
0.231399
0.23177
0.232327
0.232102
0.231544
0.231177
0.231545
0.232105
0.231695
0.231134
0.230771
0.231135
0.231697
0.231117
0.230554
0.230193
0.230554
0.231119
0.230377
0.229811
0.229454
0.229812
0.230378
0.229481
0.228914
0.228559
0.228914
0.229482
0.228432
0.227862
0.22751
0.227862
0.228432
0.227227
0.226657
0.226307
0.226656
0.227227
0.225863
0.225292
0.224946
0.225292
0.225863
0.224332
0.223761
0.223417
0.22376
0.224331
0.222623
0.222052
0.221711
0.222051
0.222622
0.22072
0.22015
0.219811
0.220149
0.220719
0.218606
0.218036
0.2177
0.218035
0.218605
0.216258
0.215689
0.215355
0.215687
0.216257
0.213649
0.21308
0.212751
0.213079
0.213647
0.210749
0.210182
0.209855
0.210181
0.210747
0.207525
0.206957
0.206629
0.206956
0.207522
0.20393
0.203361
0.20303
0.203359
0.203928
0.199912
0.199339
0.19901
0.199338
0.199909
0.195408
0.194837
0.19451
0.194836
0.195406
0.190353
0.189787
0.189463
0.189786
0.190351
0.184667
0.184111
0.18379
0.18411
0.184665
0.178259
0.177711
0.177395
0.177709
0.178257
0.171006
0.170466
0.170166
0.170465
0.171003
0.177668
0.178187
0.177742
0.178189
0.177671
0.192675
0.192223
0.191767
0.192225
0.192678
0.204223
0.203644
0.203168
0.203646
0.204227
0.213372
0.212772
0.212305
0.212774
0.213376
0.220655
0.220057
0.219604
0.220059
0.220659
0.22646
0.225866
0.225427
0.225868
0.226463
0.231076
0.230486
0.230057
0.230488
0.231079
0.234729
0.234142
0.233721
0.234143
0.234732
0.237572
0.236991
0.236583
0.236993
0.237575
0.239769
0.239184
0.238777
0.239185
0.239772
0.24144
0.240857
0.240457
0.240858
0.241443
0.242683
0.242099
0.241703
0.2421
0.242686
0.243537
0.242953
0.242564
0.242954
0.24354
0.24406
0.243475
0.243089
0.243476
0.244063
0.244306
0.243719
0.243336
0.24372
0.244309
0.244312
0.243723
0.243344
0.243724
0.244315
0.244107
0.243516
0.24314
0.243517
0.244109
0.243713
0.243119
0.242747
0.24312
0.243715
0.243147
0.242551
0.242181
0.242551
0.243149
0.242421
0.241822
0.241455
0.241823
0.242422
0.241541
0.240941
0.240576
0.240941
0.241542
0.240513
0.23991
0.239549
0.239911
0.240514
0.239335
0.238731
0.238372
0.238731
0.239335
0.238004
0.237397
0.237041
0.237397
0.238004
0.23651
0.235902
0.235548
0.235902
0.23651
0.234841
0.234232
0.23388
0.234231
0.234841
0.23298
0.232369
0.23202
0.232368
0.232979
0.230904
0.230291
0.229944
0.23029
0.230903
0.228587
0.227972
0.227627
0.227971
0.228586
0.225998
0.225379
0.225035
0.225379
0.225997
0.223095
0.222472
0.222129
0.222471
0.223094
0.219833
0.219206
0.218864
0.219205
0.219831
0.216159
0.215531
0.21519
0.21553
0.216158
0.212018
0.211388
0.211047
0.211387
0.212016
0.207339
0.206708
0.20637
0.206707
0.207337
0.202044
0.201416
0.201079
0.201415
0.202042
0.196043
0.195421
0.195088
0.19542
0.196041
0.189233
0.188618
0.188292
0.188617
0.189232
0.181487
0.18088
0.18057
0.180879
0.181485
0.18297
0.183466
0.183027
0.183468
0.182974
0.198128
0.197659
0.197203
0.197661
0.198132
0.209885
0.20929
0.208813
0.209292
0.209889
0.219257
0.218641
0.218172
0.218643
0.219261
0.226751
0.226137
0.225682
0.226139
0.226755
0.232741
0.232131
0.231689
0.232133
0.232745
0.237514
0.236907
0.236476
0.236909
0.237518
0.241294
0.24069
0.240267
0.240692
0.241298
0.244235
0.243638
0.243227
0.243639
0.244238
0.246512
0.245911
0.245502
0.245913
0.246515
0.248242
0.247643
0.247241
0.247645
0.248245
0.249532
0.248932
0.248533
0.248933
0.249535
0.250415
0.249816
0.249424
0.249818
0.250418
0.250961
0.250361
0.249972
0.250362
0.250963
0.251224
0.250622
0.250237
0.250623
0.251226
0.251244
0.250641
0.250259
0.250642
0.251246
0.251053
0.250449
0.25007
0.250449
0.251055
0.250676
0.25007
0.249694
0.250071
0.250678
0.250133
0.249525
0.249152
0.249525
0.250135
0.249437
0.248826
0.248456
0.248827
0.249439
0.248598
0.247985
0.247618
0.247986
0.2486
0.247621
0.247006
0.246641
0.247006
0.247622
0.246506
0.245888
0.245526
0.245888
0.246507
0.245249
0.244628
0.244269
0.244628
0.245249
0.24384
0.243217
0.242859
0.243217
0.24384
0.242266
0.24164
0.241285
0.24164
0.242266
0.240508
0.239878
0.239525
0.239878
0.240508
0.238541
0.237906
0.237554
0.237906
0.238541
0.236333
0.235693
0.235342
0.235692
0.236333
0.233845
0.233199
0.232849
0.233198
0.233845
0.231033
0.23038
0.230031
0.23038
0.231033
0.227845
0.227185
0.226837
0.227184
0.227844
0.224221
0.223554
0.223206
0.223553
0.22422
0.220094
0.219421
0.219074
0.21942
0.220093
0.215387
0.21471
0.214363
0.214709
0.215385
0.210013
0.209335
0.208991
0.209334
0.210011
0.203874
0.203199
0.202859
0.203198
0.203873
0.196862
0.196191
0.195857
0.19619
0.19686
0.188842
0.188178
0.18786
0.188177
0.18884
0.184676
0.185164
0.184726
0.185166
0.18468
0.199884
0.19941
0.198954
0.199412
0.199888
0.211707
0.211108
0.21063
0.21111
0.211712
0.221147
0.220526
0.220057
0.220528
0.221151
0.228702
0.228083
0.227628
0.228085
0.228706
0.234744
0.234129
0.233687
0.234131
0.234748
0.239556
0.238946
0.238514
0.238948
0.23956
0.243366
0.242759
0.242335
0.24276
0.24337
0.246323
0.245723
0.245312
0.245725
0.246326
0.248614
0.248011
0.247601
0.248012
0.248617
0.25035
0.249749
0.249347
0.249751
0.250353
0.251645
0.251043
0.250644
0.251044
0.251647
0.252523
0.251924
0.251531
0.251925
0.252526
0.253067
0.252467
0.252078
0.252468
0.25307
0.25333
0.252729
0.252344
0.25273
0.253332
0.253354
0.252753
0.252371
0.252753
0.253356
0.253173
0.25257
0.252192
0.252571
0.253175
0.252814
0.25221
0.251835
0.252211
0.252816
0.2523
0.251693
0.251321
0.251694
0.252301
0.251645
0.251036
0.250666
0.251037
0.251646
0.250861
0.25025
0.249883
0.250251
0.250862
0.249955
0.249342
0.248977
0.249342
0.249956
0.248929
0.248313
0.24795
0.248313
0.24893
0.247779
0.247159
0.246799
0.247159
0.247779
0.246495
0.245871
0.245513
0.245871
0.246496
0.245064
0.244434
0.244078
0.244434
0.245064
0.243464
0.242829
0.242474
0.242829
0.243465
0.24167
0.241027
0.240673
0.241026
0.24167
0.239644
0.238993
0.23864
0.238993
0.239644
0.237345
0.236685
0.236333
0.236684
0.237345
0.234723
0.234052
0.2337
0.234052
0.234723
0.23172
0.231037
0.230685
0.231036
0.231719
0.228267
0.227573
0.227221
0.227573
0.228267
0.224291
0.223587
0.223235
0.223586
0.224291
0.219708
0.218995
0.218644
0.218994
0.219707
0.214423
0.213704
0.213355
0.213704
0.214422
0.208333
0.207612
0.207266
0.207611
0.208332
0.201322
0.200601
0.200262
0.2006
0.20132
0.193252
0.192534
0.19221
0.192533
0.193251
0.18282
0.183314
0.182875
0.183316
0.182823
0.197988
0.197519
0.197062
0.197521
0.197991
0.209743
0.209148
0.20867
0.20915
0.209747
0.219103
0.218487
0.218018
0.218489
0.219107
0.226577
0.225963
0.225508
0.225965
0.22658
0.23254
0.231931
0.231489
0.231933
0.232543
0.237279
0.236675
0.236244
0.236677
0.237283
0.241023
0.240422
0.239999
0.240424
0.241026
0.243916
0.243323
0.242913
0.243324
0.243919
0.246155
0.24556
0.245151
0.245561
0.246158
0.247842
0.24725
0.246849
0.247251
0.247845
0.249099
0.248507
0.248109
0.248508
0.249101
0.249939
0.24935
0.248959
0.249351
0.249941
0.250455
0.249866
0.249479
0.249867
0.250457
0.250699
0.25011
0.249727
0.250111
0.250701
0.250714
0.250125
0.249745
0.250126
0.250716
0.250535
0.249945
0.249569
0.249946
0.250537
0.250192
0.249601
0.249228
0.249602
0.250193
0.249707
0.249115
0.248744
0.249115
0.249708
0.249099
0.248505
0.248137
0.248505
0.2491
0.248381
0.247784
0.247419
0.247785
0.248382
0.247562
0.246962
0.2466
0.246962
0.247563
0.246645
0.246042
0.245682
0.246042
0.246646
0.245629
0.245021
0.244663
0.245021
0.24563
0.244506
0.243892
0.243536
0.243892
0.244506
0.24326
0.242639
0.242285
0.242639
0.24326
0.241869
0.24124
0.240887
0.24124
0.24187
0.240305
0.239666
0.239314
0.239666
0.240305
0.238529
0.237879
0.237527
0.237879
0.23853
0.2365
0.235837
0.235485
0.235837
0.2365
0.234164
0.233486
0.233133
0.233486
0.234164
0.231457
0.230762
0.230409
0.230762
0.231457
0.228304
0.227594
0.227239
0.227594
0.228304
0.224622
0.223896
0.223542
0.223896
0.224621
0.220323
0.219581
0.219227
0.219581
0.220322
0.215303
0.214551
0.214198
0.21455
0.215303
0.209455
0.208695
0.208345
0.208695
0.209454
0.202658
0.201892
0.201548
0.201891
0.202657
0.19477
0.193999
0.19367
0.193998
0.194769
0.177374
0.177892
0.177447
0.177894
0.177378
0.192404
0.191952
0.191495
0.191953
0.192408
0.20395
0.20337
0.202893
0.203372
0.203953
0.213075
0.212475
0.212008
0.212477
0.213079
0.220319
0.219722
0.219269
0.219724
0.220322
0.226071
0.225479
0.22504
0.225481
0.226074
0.230623
0.230037
0.229608
0.230038
0.230626
0.234203
0.233621
0.2332
0.233622
0.234206
0.236952
0.236379
0.235972
0.23638
0.236954
0.239073
0.238498
0.238093
0.238499
0.239075
0.240662
0.240089
0.239691
0.24009
0.240664
0.241833
0.241264
0.240871
0.241265
0.241835
0.242603
0.242036
0.241649
0.242037
0.242605
0.243065
0.2425
0.242117
0.242501
0.243067
0.24327
0.242705
0.242326
0.242706
0.243272
0.243261
0.242697
0.242322
0.242698
0.243263
0.243075
0.242511
0.242139
0.242511
0.243076
0.24274
0.242176
0.241808
0.242177
0.242742
0.242283
0.241718
0.241353
0.241719
0.242284
0.241724
0.241157
0.240795
0.241157
0.241724
0.241077
0.240508
0.240149
0.240508
0.241077
0.240353
0.239781
0.239425
0.239782
0.240354
0.23956
0.238983
0.238629
0.238984
0.23956
0.238696
0.238115
0.237762
0.238115
0.238697
0.237757
0.237169
0.236819
0.237169
0.237758
0.236731
0.236135
0.235786
0.236135
0.236732
0.235598
0.234992
0.234643
0.234992
0.235598
0.234328
0.23371
0.233362
0.23371
0.234328
0.232882
0.23225
0.231902
0.23225
0.232882
0.231208
0.23056
0.230212
0.23056
0.231209
0.229247
0.228582
0.228233
0.228582
0.229247
0.226942
0.226247
0.225897
0.226247
0.226942
0.224197
0.223488
0.223135
0.223488
0.224198
0.220951
0.220216
0.219861
0.220216
0.220951
0.217102
0.216344
0.215989
0.216344
0.217102
0.212536
0.211761
0.211407
0.21176
0.212536
0.207136
0.206346
0.205995
0.206346
0.207135
0.200776
0.199973
0.199628
0.199973
0.200775
0.193311
0.192496
0.192165
0.192495
0.19331
0.168247
0.168808
0.168355
0.16881
0.168249
0.183016
0.182597
0.182143
0.182598
0.183018
0.194179
0.193633
0.193161
0.193635
0.194182
0.202892
0.202327
0.201866
0.202328
0.202895
0.209742
0.209181
0.208735
0.209183
0.209745
0.21514
0.214586
0.214154
0.214588
0.215143
0.219385
0.218837
0.218417
0.218839
0.219388
0.222704
0.22216
0.221749
0.222161
0.222706
0.225228
0.224695
0.224297
0.224696
0.225229
0.227164
0.22663
0.226235
0.226631
0.227166
0.228605
0.228073
0.227683
0.228074
0.228607
0.229645
0.229119
0.228738
0.22912
0.229647
0.230314
0.229791
0.229414
0.229791
0.230316
0.230697
0.230175
0.229803
0.230176
0.230698
0.230843
0.230324
0.229956
0.230324
0.230845
0.230796
0.230278
0.229914
0.230279
0.230797
0.230591
0.230074
0.229713
0.230074
0.230592
0.230259
0.229742
0.229385
0.229742
0.230259
0.229824
0.229307
0.228954
0.229308
0.229825
0.22931
0.228792
0.228441
0.228792
0.22931
0.228733
0.228213
0.227865
0.228213
0.228733
0.228106
0.227583
0.227238
0.227583
0.228106
0.227438
0.226911
0.226568
0.226911
0.227438
0.226734
0.226201
0.22586
0.226201
0.226734
0.225991
0.225451
0.225112
0.225451
0.225991
0.225201
0.224652
0.224313
0.224651
0.225202
0.224348
0.223786
0.223449
0.223786
0.224348
0.223405
0.222829
0.222492
0.222829
0.223405
0.222336
0.221744
0.221406
0.221744
0.222336
0.221099
0.220485
0.220146
0.220485
0.221099
0.219643
0.219002
0.218659
0.219002
0.219643
0.217865
0.217204
0.216862
0.217204
0.217866
0.215693
0.215004
0.214661
0.215004
0.215693
0.213023
0.212307
0.211963
0.212307
0.213024
0.209766
0.209021
0.208676
0.209021
0.209766
0.205839
0.205057
0.204708
0.205057
0.205839
0.201108
0.200304
0.199957
0.200304
0.201108
0.19543
0.194605
0.194267
0.194605
0.195429
0.188655
0.187807
0.187483
0.187807
0.188654
0.155261
0.155898
0.155436
0.155899
0.155262
0.16959
0.169238
0.168795
0.169239
0.169592
0.180143
0.179665
0.179209
0.179666
0.180144
0.188222
0.18773
0.187288
0.187731
0.188224
0.194489
0.194003
0.193578
0.194004
0.19449
0.199376
0.1989
0.19849
0.198901
0.199378
0.203187
0.202718
0.202321
0.202719
0.203188
0.206141
0.205677
0.205289
0.205678
0.206142
0.20836
0.207909
0.207536
0.20791
0.208361
0.210046
0.209595
0.209224
0.209596
0.210047
0.211289
0.21084
0.210474
0.210841
0.21129
0.212157
0.211715
0.21136
0.211716
0.212158
0.212693
0.212255
0.211904
0.212256
0.212695
0.212973
0.212539
0.212193
0.212539
0.212975
0.213044
0.212612
0.21227
0.212613
0.213045
0.212945
0.212515
0.212178
0.212516
0.212946
0.212711
0.212283
0.21195
0.212284
0.212712
0.212372
0.211945
0.211616
0.211946
0.212373
0.211953
0.211527
0.211201
0.211527
0.211954
0.211477
0.211051
0.210728
0.211051
0.211477
0.210963
0.210536
0.210216
0.210535
0.210963
0.210426
0.209996
0.209679
0.209996
0.210426
0.209879
0.209445
0.20913
0.209444
0.209878
0.209329
0.208889
0.208576
0.208888
0.209328
0.20878
0.208331
0.20802
0.208331
0.208779
0.208228
0.207769
0.207458
0.207769
0.208228
0.207665
0.207192
0.206881
0.207192
0.207664
0.207069
0.20658
0.206269
0.206579
0.207068
0.20641
0.205903
0.20559
0.205902
0.20641
0.20567
0.205128
0.204811
0.205127
0.20567
0.204757
0.204199
0.203881
0.204199
0.204757
0.203602
0.203007
0.202687
0.203007
0.203602
0.202139
0.201507
0.201182
0.201507
0.202139
0.200255
0.199586
0.199259
0.199586
0.200255
0.197831
0.197127
0.196801
0.197127
0.197831
0.194736
0.193999
0.193677
0.193998
0.194736
0.190882
0.190092
0.189775
0.190092
0.190882
0.186149
0.185346
0.185038
0.185346
0.186149
0.180374
0.179537
0.179239
0.179537
0.180374
0.138114
0.138887
0.138426
0.138888
0.138115
0.151714
0.151498
0.151087
0.151499
0.151715
0.161325
0.160995
0.160582
0.160996
0.161326
0.168486
0.168151
0.167759
0.168151
0.168487
0.173943
0.173621
0.17325
0.173621
0.173944
0.178145
0.177836
0.177483
0.177836
0.178146
0.181385
0.181086
0.180747
0.181087
0.181386
0.18387
0.183578
0.183249
0.183578
0.18387
0.185706
0.185429
0.185116
0.185429
0.185706
0.187077
0.186801
0.186491
0.186801
0.187077
0.188074
0.187801
0.187496
0.187801
0.188074
0.188734
0.18847
0.188176
0.188471
0.188735
0.189113
0.188854
0.188565
0.188854
0.189114
0.189272
0.189017
0.188734
0.189018
0.189274
0.189253
0.189002
0.188724
0.189004
0.189255
0.189093
0.188846
0.188573
0.188847
0.189095
0.188823
0.188579
0.188311
0.18858
0.188825
0.188471
0.188229
0.187965
0.18823
0.188472
0.188062
0.187822
0.187561
0.187822
0.188062
0.187617
0.187377
0.18712
0.187376
0.187616
0.187156
0.186915
0.186661
0.186914
0.187154
0.186695
0.186453
0.186201
0.186451
0.186693
0.186251
0.186005
0.185755
0.186003
0.186248
0.185835
0.185583
0.185336
0.185582
0.185833
0.185458
0.185197
0.184951
0.185196
0.185456
0.185123
0.184851
0.184605
0.18485
0.185121
0.18483
0.184543
0.184296
0.184542
0.184828
0.18457
0.184263
0.184015
0.184262
0.184568
0.184325
0.183994
0.183742
0.183992
0.184323
0.184084
0.183721
0.183464
0.183719
0.184082
0.183767
0.183368
0.183105
0.183367
0.183765
0.183324
0.182883
0.182614
0.182882
0.183323
0.182673
0.182184
0.181907
0.182183
0.182672
0.181708
0.181168
0.180887
0.181167
0.181708
0.180311
0.17972
0.179437
0.179719
0.180311
0.178342
0.177711
0.177434
0.177711
0.178342
0.175659
0.174995
0.174733
0.174995
0.175659
0.172184
0.171452
0.171203
0.171452
0.172184
0.167747
0.166973
0.166748
0.166973
0.167747
0.116282
0.117313
0.116872
0.117313
0.116282
0.128633
0.128705
0.128364
0.128705
0.128633
0.136802
0.136798
0.13648
0.136798
0.136802
0.142673
0.142689
0.142406
0.142689
0.142673
0.147057
0.147098
0.146844
0.147099
0.147057
0.150383
0.150444
0.150211
0.150444
0.150383
0.152911
0.152987
0.15277
0.152987
0.152911
0.15482
0.154907
0.154702
0.154907
0.154819
0.1562
0.156305
0.156119
0.156305
0.1562
0.157198
0.157305
0.157122
0.157305
0.157197
0.157908
0.15802
0.157843
0.15802
0.157907
0.158337
0.158459
0.158294
0.158459
0.158336
0.158543
0.158671
0.158512
0.158672
0.158543
0.158572
0.158707
0.158555
0.158709
0.158576
0.158461
0.158603
0.158457
0.158605
0.158467
0.158241
0.158388
0.158248
0.158391
0.158247
0.157936
0.158088
0.157955
0.158092
0.157941
0.157573
0.15773
0.157601
0.157731
0.157576
0.157173
0.157333
0.157208
0.157333
0.157174
0.156757
0.156918
0.156796
0.156916
0.156755
0.15634
0.156501
0.156383
0.156499
0.156335
0.155939
0.1561
0.155985
0.156097
0.155934
0.155574
0.155732
0.155619
0.155728
0.155569
0.155258
0.155411
0.155302
0.155409
0.155255
0.155008
0.155154
0.155046
0.155152
0.155006
0.154838
0.154971
0.154863
0.154969
0.154834
0.154756
0.154872
0.154762
0.154869
0.15475
0.154769
0.154861
0.154748
0.154857
0.154762
0.154876
0.154937
0.154817
0.154933
0.154868
0.15507
0.155089
0.154961
0.155085
0.155064
0.155338
0.155306
0.155165
0.155303
0.155332
0.155617
0.155523
0.155367
0.155521
0.155613
0.155848
0.155682
0.155507
0.15568
0.155846
0.155932
0.155687
0.155497
0.155686
0.155931
0.155739
0.155418
0.15522
0.155417
0.155738
0.155124
0.15474
0.154549
0.15474
0.155124
0.153931
0.153515
0.153356
0.153515
0.153931
0.152065
0.151634
0.151531
0.151634
0.152065
0.149506
0.149034
0.148982
0.149034
0.149506
0.0887233
0.0902674
0.0898472
0.0902673
0.0887227
0.0988325
0.0995061
0.0992525
0.099506
0.098832
0.104823
0.10552
0.105333
0.10552
0.104823
0.108954
0.109721
0.109592
0.109721
0.108954
0.111981
0.112793
0.112703
0.112793
0.11198
0.114238
0.115079
0.115014
0.115079
0.114238
0.11592
0.116781
0.116734
0.116781
0.115919
0.117157
0.118033
0.118001
0.118033
0.117157
0.118028
0.118922
0.118906
0.118922
0.118026
0.11861
0.11951
0.119504
0.119509
0.118605
0.119013
0.119917
0.119914
0.119916
0.119008
0.119207
0.120123
0.120133
0.120122
0.119206
0.119248
0.120171
0.120187
0.12017
0.119249
0.119163
0.120095
0.12012
0.120098
0.119172
0.118977
0.11992
0.119955
0.119927
0.118993
0.118718
0.119671
0.119714
0.119679
0.118733
0.118403
0.119365
0.119416
0.119371
0.118409
0.118051
0.119022
0.119079
0.119024
0.118058
0.117674
0.118657
0.11872
0.118658
0.117689
0.117304
0.118288
0.118353
0.118286
0.117307
0.116941
0.117925
0.117993
0.11792
0.116934
0.116594
0.117581
0.117653
0.117574
0.116588
0.116292
0.117274
0.11735
0.117269
0.116285
0.116036
0.117019
0.1171
0.117017
0.116035
0.11586
0.116835
0.116919
0.116833
0.115858
0.115779
0.116738
0.116823
0.116735
0.115768
0.115798
0.116743
0.116829
0.116737
0.115779
0.115948
0.116869
0.116952
0.11686
0.11593
0.116245
0.117129
0.117202
0.117121
0.116232
0.116703
0.117526
0.117591
0.117519
0.116696
0.11738
0.118116
0.118158
0.118111
0.117369
0.118226
0.118853
0.118862
0.118849
0.118215
0.119235
0.119727
0.119697
0.119725
0.119232
0.120353
0.120687
0.120615
0.120686
0.120351
0.121441
0.121636
0.121533
0.121636
0.12144
0.122358
0.122451
0.12234
0.12245
0.122358
0.122944
0.122978
0.122908
0.122978
0.122944
0.123131
0.1232
0.123234
0.1232
0.123131
0.123053
0.123185
0.123352
0.123185
0.123053
0.0527885
0.0553248
0.0545851
0.0553247
0.0527879
0.0588842
0.0606475
0.0601002
0.0606474
0.0588837
0.0618943
0.0638088
0.0633609
0.0638087
0.0618939
0.0638925
0.0659111
0.0655349
0.0659111
0.063892
0.0653505
0.0673997
0.0670585
0.0673996
0.06535
0.0664122
0.0684693
0.0681472
0.0684693
0.0664117
0.0671712
0.0692329
0.0689234
0.069233
0.0671706
0.0676993
0.0697652
0.0694657
0.0697655
0.0676987
0.0680483
0.0701182
0.069827
0.0701191
0.0680464
0.0682408
0.0703162
0.0700385
0.0703138
0.0682318
0.0683556
0.0704274
0.0701469
0.0704247
0.0683459
0.068361
0.0704407
0.0701722
0.0704397
0.068358
0.0682944
0.0703764
0.0701141
0.0703767
0.0682947
0.0681608
0.070252
0.0699992
0.0702594
0.0681742
0.0679733
0.0700791
0.0698365
0.0700915
0.067997
0.0677565
0.0698715
0.0696363
0.0698796
0.0677716
0.0675148
0.069637
0.0694093
0.0696381
0.0675177
0.0672505
0.0693853
0.0691642
0.0693862
0.0672606
0.0669811
0.0691282
0.0689082
0.0691253
0.0669955
0.0667286
0.0688696
0.0686464
0.0688639
0.066729
0.0664762
0.0686139
0.0683885
0.0686062
0.0664658
0.0662368
0.068371
0.0681433
0.0683585
0.0662174
0.0660271
0.0681515
0.0679246
0.0681429
0.0660091
0.0658376
0.0679647
0.0677412
0.0679607
0.0658357
0.0657091
0.0678246
0.0676064
0.067824
0.0657094
0.0656494
0.0677444
0.0675345
0.0677448
0.0656381
0.0656663
0.0677409
0.0675415
0.0677335
0.065645
0.0657888
0.0678275
0.0676414
0.0678197
0.0657759
0.0660364
0.0680195
0.0678318
0.068017
0.0660419
0.0664602
0.0683403
0.0681486
0.0683389
0.066464
0.0671415
0.0688557
0.0686389
0.0688531
0.0671297
0.0680957
0.0695716
0.0693138
0.06957
0.068088
0.0694072
0.07053
0.0702146
0.0705309
0.0694118
0.0710715
0.0717422
0.0713608
0.0717424
0.0710724
0.0727662
0.0731753
0.0727661
0.0731751
0.072766
0.074687
0.0748905
0.0744886
0.0748903
0.0746868
0.07695
0.0769926
0.0766438
0.0769925
0.0769499
0.0794379
0.0794795
0.0792912
0.0794795
0.0794379
0.0829262
0.0831243
0.0832656
0.0831243
0.0829262
0.00579043
0.00647285
0.00618636
0.00647285
0.00579041
0.00730217
0.00732808
0.00706841
0.00732809
0.00730217
0.00782134
0.00773202
0.00747242
0.00773203
0.00782134
0.0080718
0.00796157
0.00770973
0.00796158
0.0080718
0.00821953
0.00810514
0.00786018
0.00810515
0.00821954
0.00831426
0.0081987
0.00795892
0.0081987
0.00831426
0.00837557
0.00825951
0.00802377
0.00825952
0.00837557
0.00841369
0.00829725
0.00806481
0.00829724
0.00841367
0.00843464
0.00831782
0.00808828
0.00831794
0.00843477
0.00844184
0.00832478
0.00809792
0.0083248
0.00843971
0.00844046
0.00832257
0.00809741
0.00832234
0.00843794
0.00843036
0.00831281
0.00808991
0.00831245
0.0084297
0.00841367
0.00829528
0.0080743
0.00829482
0.00841304
0.00839288
0.00827313
0.00805377
0.00827291
0.00839365
0.00836621
0.00824689
0.00802903
0.00824686
0.00836885
0.00833546
0.00821718
0.0080007
0.00821705
0.00833696
0.00830615
0.00818526
0.00797008
0.00818529
0.00830315
0.00827415
0.00815175
0.00793767
0.00815141
0.0082736
0.00823861
0.00811759
0.00790423
0.0081162
0.00823997
0.00820824
0.00808252
0.00787084
0.00808163
0.00820699
0.00817504
0.00804743
0.00783768
0.00804703
0.00817459
0.00814293
0.00801368
0.00780543
0.00801246
0.00813852
0.00811568
0.00798155
0.00777498
0.00798051
0.00811016
0.00808497
0.00795212
0.00774724
0.00795155
0.00808326
0.00806024
0.00792618
0.00772323
0.00792618
0.00806013
0.0080407
0.00790527
0.00770426
0.00790609
0.0080417
0.00802909
0.00789238
0.00769201
0.00789311
0.00802741
0.00802691
0.00788865
0.0076886
0.00788919
0.00802739
0.00803077
0.00789507
0.00769636
0.00789586
0.00803729
0.00805028
0.00791671
0.00771927
0.00791723
0.00805737
0.00809349
0.00796028
0.00776437
0.00796078
0.00809438
0.00815893
0.0080321
0.00783748
0.00803284
0.00815909
0.00825423
0.00814208
0.00794841
0.00814255
0.00825741
0.00839094
0.00830249
0.00811003
0.0083027
0.00839167
0.00863308
0.00853459
0.00834156
0.00853466
0.0086332
0.00898449
0.00887015
0.0086742
0.00887019
0.00898454
0.00950174
0.00935936
0.00915603
0.00935939
0.00950178
0.0104405
0.0101331
0.00988914
0.0101331
0.0104405
0.0131992
0.0121173
0.0117346
0.0121173
0.0131993
0.00622177
0.00596743
0.00580004
0.00596743
0.00622177
0.0440865
0.0454984
0.0446127
0.0454982
0.0440866
0.0731904
0.0738671
0.073786
0.0738667
0.07319
0.0949528
0.0952156
0.0951261
0.0952151
0.094952
0.111795
0.111819
0.111697
0.111818
0.111794
0.124893
0.124846
0.124711
0.124845
0.124891
0.135116
0.135016
0.134882
0.135016
0.135115
0.142935
0.142783
0.142649
0.142782
0.142933
0.148635
0.148426
0.148289
0.148425
0.148634
0.15237
0.152096
0.151954
0.152095
0.152369
0.15419
0.153843
0.153691
0.153843
0.154188
0.154037
0.153611
0.153448
0.153611
0.154036
0.15176
0.151251
0.151079
0.151251
0.151759
0.147073
0.146484
0.146317
0.146484
0.147072
0.139532
0.138891
0.138762
0.138891
0.139532
0.128409
0.127835
0.127828
0.127835
0.128408
0.112185
0.112002
0.112277
0.112002
0.112184
0.0898229
0.0895245
0.0897436
0.0895246
0.0898229
0.0522248
0.0453886
0.0443809
0.0453886
0.0522248
0.00635399
0.00610542
0.00594908
0.00610542
0.006354
0.0458494
0.0473506
0.0465189
0.0473504
0.0458496
0.0773291
0.0780249
0.0779612
0.0780245
0.0773287
0.101239
0.101436
0.101336
0.101435
0.101238
0.119877
0.119785
0.119628
0.119785
0.119875
0.134411
0.134215
0.13404
0.134214
0.13441
0.14574
0.145472
0.14529
0.145471
0.145738
0.154359
0.154031
0.153844
0.154031
0.154357
0.160578
0.160191
0.159996
0.16019
0.160576
0.164572
0.16412
0.163912
0.164119
0.16457
0.166383
0.165864
0.165648
0.165863
0.166382
0.165949
0.165361
0.165139
0.16536
0.165948
0.163105
0.162449
0.162225
0.162448
0.163104
0.157552
0.15684
0.15663
0.156839
0.157551
0.148798
0.148087
0.147942
0.148087
0.148797
0.136014
0.135546
0.135588
0.135546
0.136014
0.118199
0.118198
0.118633
0.118198
0.118199
0.0975834
0.0973779
0.0979779
0.097378
0.0975834
0.0820906
0.0751334
0.0738784
0.0751334
0.0820906
0.0064925
0.00624929
0.00609858
0.0062493
0.00649251
0.047469
0.0490831
0.048295
0.0490829
0.0474692
0.0809799
0.081702
0.0816522
0.0817015
0.0809794
0.106747
0.106886
0.106787
0.106885
0.106746
0.126941
0.126775
0.126588
0.126774
0.126939
0.142755
0.142448
0.142232
0.142447
0.142753
0.155058
0.15467
0.154441
0.154669
0.155056
0.16438
0.163927
0.16369
0.163926
0.164378
0.171041
0.170527
0.170282
0.170526
0.171039
0.175214
0.174639
0.174388
0.174638
0.175213
0.176956
0.17632
0.176061
0.176319
0.176955
0.176218
0.175518
0.175252
0.175518
0.176216
0.172797
0.172041
0.171776
0.17204
0.172796
0.166363
0.16557
0.165327
0.165569
0.166363
0.156354
0.155603
0.155439
0.155603
0.156354
0.141766
0.141347
0.141402
0.141347
0.141766
0.121671
0.121807
0.122278
0.121807
0.121671
0.0987833
0.0986839
0.0992939
0.098684
0.0987833
0.0829306
0.0758539
0.0744839
0.075854
0.0829306
0.00663676
0.00639778
0.00624777
0.00639778
0.00663678
0.048999
0.0507446
0.0499789
0.0507442
0.0489993
0.0842584
0.0850028
0.0849563
0.085002
0.0842578
0.111621
0.111711
0.111613
0.11171
0.11162
0.133147
0.132925
0.132717
0.132924
0.133145
0.150086
0.149688
0.149439
0.149687
0.150084
0.163232
0.162749
0.162484
0.162748
0.16323
0.173158
0.172607
0.172332
0.172606
0.173156
0.180187
0.179576
0.179293
0.179575
0.180185
0.184498
0.18383
0.18354
0.183829
0.184496
0.186145
0.185422
0.185126
0.185421
0.186144
0.18507
0.184289
0.183989
0.184289
0.185069
0.181057
0.180233
0.179937
0.180232
0.181056
0.173743
0.172893
0.172622
0.172893
0.173743
0.162427
0.161677
0.161494
0.161676
0.162427
0.146071
0.145634
0.145649
0.145634
0.146071
0.122892
0.123167
0.123544
0.123167
0.122892
0.0931199
0.0935282
0.0938676
0.0935282
0.0931199
0.0540797
0.0467373
0.0454177
0.0467373
0.0540797
0.00817706
0.00712693
0.0068097
0.00712694
0.00817707
0.0415385
0.0378844
0.0372491
0.0378844
0.0415386
0.0403161
0.0369974
0.0364209
0.0369974
0.0403161
0.00818715
0.00702987
0.00670916
0.00702987
0.00818716
0.00715082
0.00622588
0.00596338
0.00622588
0.00715083
0.036532
0.0306256
0.0295852
0.0306256
0.036532
0.0355389
0.0297462
0.0287788
0.0297462
0.0355389
0.00712882
0.00616984
0.00590577
0.00616984
0.00712883
0.00657801
0.00570697
0.0054723
0.00570697
0.00657802
0.0318794
0.0260668
0.0250362
0.0260669
0.0318795
0.0312978
0.0255989
0.0245895
0.0255989
0.0312979
0.00651137
0.00564238
0.00541123
0.00564239
0.00651137
0.0058906
0.00502728
0.0048051
0.00502728
0.00589061
0.0278434
0.0224374
0.021347
0.0224374
0.0278434
0.0275988
0.0221902
0.0211053
0.0221902
0.0275988
0.00581151
0.00496078
0.0047437
0.00496078
0.00581151
0.00317181
0.00300291
0.0028548
0.00300292
0.00317182
0.00809738
0.00802172
0.00763512
0.00802172
0.0080974
0.00951373
0.009449
0.009088
0.00944892
0.00951375
0.0104046
0.0103265
0.00999342
0.0103265
0.0104046
0.0110058
0.0109327
0.010625
0.0109327
0.0110058
0.0114622
0.0113921
0.0111031
0.0113921
0.0114622
0.0118345
0.011763
0.0114865
0.011763
0.0118345
0.0121512
0.0120741
0.0118055
0.0120741
0.0121512
0.0124261
0.0123397
0.0120754
0.0123397
0.0124261
0.0126643
0.0125651
0.0123022
0.0125651
0.0126644
0.0128642
0.0127493
0.0124854
0.0127493
0.0128642
0.013016
0.0128843
0.0126176
0.0128843
0.013016
0.0131042
0.0129465
0.0126745
0.0129465
0.0131042
0.0131336
0.0129105
0.0126328
0.0129105
0.0131336
0.0130722
0.0127446
0.0124733
0.0127446
0.0130722
0.0128566
0.0124331
0.0121735
0.0124331
0.0128566
0.0123132
0.0118445
0.0115647
0.0118445
0.0123132
0.0109525
0.0105109
0.0102062
0.0105109
0.0109525
0.00440592
0.00416725
0.00400324
0.00416725
0.00440592
0.00527434
0.00517051
0.00482434
0.0051705
0.00527434
0.0322015
0.0333066
0.0321173
0.0333061
0.0322018
0.0474622
0.0478451
0.0469879
0.0478444
0.0474626
0.0572241
0.0574555
0.0567243
0.0574546
0.0572244
0.0641622
0.0644488
0.063782
0.0644479
0.0641624
0.0694079
0.0697599
0.0691231
0.069759
0.0694079
0.0734973
0.0738796
0.0732566
0.0738787
0.0734973
0.0767204
0.0770935
0.0764728
0.0770926
0.0767203
0.0792337
0.0795601
0.0789328
0.0795593
0.0792335
0.0811065
0.081345
0.08071
0.0813443
0.0811063
0.0823478
0.0824715
0.0818214
0.0824708
0.0823475
0.08289
0.082886
0.0822148
0.0828854
0.0828896
0.0824971
0.0824293
0.0817476
0.0824289
0.0824968
0.0806329
0.0807497
0.0800825
0.0807493
0.0806326
0.0768567
0.0772341
0.0764891
0.0772338
0.0768565
0.0706484
0.0710175
0.0700783
0.0710172
0.0706482
0.0614429
0.061515
0.0604994
0.0615148
0.0614428
0.0459879
0.0459292
0.0448264
0.0459291
0.0459879
0.00754119
0.00744554
0.00705088
0.00744554
0.00754119
0.00588502
0.00564752
0.00540644
0.00564752
0.00588502
0.0389468
0.0402747
0.0391227
0.0402742
0.038947
0.0611668
0.0617688
0.0614063
0.061768
0.061167
0.0768179
0.0771738
0.0769035
0.0771729
0.0768178
0.0885152
0.088837
0.088625
0.0888359
0.088515
0.0975418
0.0978756
0.0977102
0.0978746
0.0975414
0.10459
0.104928
0.104794
0.104927
0.10459
0.110057
0.110377
0.11026
0.110376
0.110056
0.114169
0.114447
0.114335
0.114446
0.114169
0.117039
0.117249
0.117132
0.117248
0.117038
0.118691
0.118812
0.118682
0.118812
0.118691
0.119068
0.119081
0.11893
0.11908
0.119067
0.117992
0.117893
0.11772
0.117893
0.117991
0.115134
0.114946
0.114758
0.114946
0.115134
0.110054
0.109768
0.109556
0.109767
0.110054
0.102095
0.101605
0.10136
0.101604
0.102095
0.0893048
0.0886121
0.0884413
0.088612
0.0893046
0.0660457
0.0651798
0.0646161
0.0651798
0.0660456
0.00985541
0.0094245
0.00902018
0.0094245
0.00985542
0.00608853
0.00583044
0.00564079
0.00583043
0.00608853
0.0420382
0.0433918
0.0424145
0.0433914
0.0420383
0.0683136
0.0689671
0.0688085
0.0689664
0.0683135
0.087553
0.0878701
0.0877351
0.0878693
0.0875526
0.102253
0.102425
0.102304
0.102424
0.102252
0.113652
0.11379
0.113692
0.113789
0.113651
0.122554
0.122662
0.12258
0.122661
0.122553
0.1294
0.129469
0.129394
0.129468
0.129399
0.134452
0.13447
0.134395
0.134469
0.134451
0.137848
0.137801
0.13772
0.1378
0.137847
0.13963
0.139504
0.139411
0.139503
0.139629
0.139745
0.139527
0.139419
0.139526
0.139743
0.138035
0.137717
0.137592
0.137716
0.138034
0.134212
0.133792
0.133659
0.133792
0.134211
0.127854
0.127328
0.127202
0.127328
0.127853
0.11827
0.117647
0.117568
0.117647
0.11827
0.103591
0.103026
0.103069
0.103026
0.10359
0.0772611
0.0761357
0.0758865
0.0761357
0.0772611
0.013145
0.0119206
0.011451
0.0119206
0.0131451
)
;

boundaryField
{
    empty
    {
        type            empty;
    }
    top
    {
        type            fixedValue;
        value           uniform 0;
    }
    fixedwall
    {
        type            nutkWallFunction;
        Cmu             0.09;
        kappa           0.41;
        E               9.8;
        value           nonuniform List<scalar> 
585
(
0.000602115
0.000665556
0.000639127
0.000665557
0.000602115
0.00073982
0.000742098
0.000718327
0.000742099
0.00073982
0.000786506
0.000778505
0.000754816
0.000778506
0.000786507
0.000809207
0.000799406
0.000776483
0.000799407
0.000809208
0.000822848
0.000812701
0.000790434
0.000812704
0.000822851
0.000831819
0.000821607
0.000799834
0.000821618
0.000831851
0.000837844
0.000827662
0.000806285
0.000827689
0.000837891
0.000841848
0.000831748
0.000810698
0.000831792
0.000841943
0.000844432
0.000834406
0.000813638
0.000834468
0.000844548
0.000845921
0.000836
0.000815475
0.000836078
0.00084607
0.000846621
0.000836772
0.000816464
0.000836866
0.000846905
0.000846789
0.000836936
0.000816803
0.000837056
0.000847185
0.000846489
0.00083664
0.000816654
0.00083678
0.000846875
0.000845811
0.000835882
0.000816038
0.000836003
0.000846075
0.000844743
0.000834703
0.00081496
0.000834802
0.000844922
0.000843326
0.00083319
0.00081354
0.000833291
0.000843587
0.000841718
0.000831356
0.000811777
0.000831434
0.000841963
0.000839745
0.000829187
0.000809674
0.000829209
0.000839811
0.000837435
0.000826698
0.000807246
0.000826664
0.000837317
0.000834826
0.000823849
0.000804469
0.000823792
0.000834645
0.000831735
0.000820602
0.000801312
0.000820568
0.000831641
0.000828274
0.000816987
0.000797764
0.000816966
0.000828282
0.00082455
0.000812984
0.000793802
0.000812921
0.000824507
0.000820324
0.000808494
0.000789396
0.000808447
0.000820371
0.000815531
0.00080351
0.000784524
0.00080352
0.00081569
0.000810507
0.00079806
0.000779159
0.000798076
0.000810541
0.000805046
0.000792103
0.000773249
0.000792081
0.000804861
0.000798862
0.00078555
0.000766863
0.000785541
0.000798758
0.000792107
0.000778391
0.000760029
0.000778416
0.000792133
0.000784738
0.000770645
0.000752625
0.000770642
0.000784647
0.000776958
0.00076229
0.000744634
0.000762291
0.000776961
0.000768687
0.000753297
0.000736033
0.000753324
0.000768738
0.00075969
0.000743638
0.000726782
0.000743659
0.000759718
0.000750085
0.000733278
0.000716847
0.000733295
0.000750148
0.000739765
0.00072218
0.000706188
0.000722193
0.000739788
0.00072864
0.000710314
0.00069475
0.000710322
0.000728654
0.000716767
0.000697637
0.000682451
0.000697642
0.000716775
0.000704135
0.000684002
0.000669144
0.000684005
0.00070414
0.000690497
0.000668961
0.000654618
0.000668963
0.0006905
0.000597201
0.000660933
0.000634255
0.000660933
0.000597199
0.00073756
0.000739942
0.000716045
0.000739942
0.000737559
0.000785126
0.000776964
0.000753191
0.000776964
0.000785126
0.000807971
0.000797925
0.000774926
0.000797925
0.000807971
0.000821416
0.000811007
0.000788675
0.000811008
0.000821416
0.000830026
0.000819522
0.000797685
0.000819522
0.000830026
0.000835583
0.000825049
0.000803597
0.00082505
0.000835583
0.00083902
0.000828476
0.000807337
0.000828475
0.000839016
0.000840889
0.000830347
0.000809475
0.00083035
0.000840902
0.00084151
0.000830973
0.000810354
0.000830975
0.00084148
0.000841326
0.000830764
0.000810309
0.000830759
0.000841262
0.000840446
0.000829871
0.000809627
0.000829856
0.000840387
0.000838883
0.00082828
0.000808205
0.000828259
0.000838817
0.000836998
0.000826281
0.000806332
0.000826249
0.000836942
0.000834725
0.000823911
0.000804082
0.000823873
0.000834693
0.000832046
0.000821214
0.000801509
0.000821186
0.000832012
0.000829333
0.000818333
0.000798724
0.000818312
0.000829253
0.000826468
0.000815302
0.000795776
0.000815269
0.000826399
0.000823503
0.000812165
0.000792723
0.000812094
0.000823294
0.000820498
0.000808957
0.00078967
0.000808911
0.000820347
0.000817418
0.000805763
0.000786645
0.000805756
0.000817422
0.000814546
0.000802691
0.000783712
0.000802654
0.000814322
0.000811814
0.000799768
0.000780938
0.000799731
0.000811599
0.000809273
0.000797104
0.000778406
0.000797069
0.000809136
0.000807012
0.000794761
0.000776212
0.000794757
0.000806989
0.00080513
0.000792874
0.000774479
0.000792927
0.000805323
0.000804164
0.000791674
0.000773352
0.000791736
0.000804284
0.000803951
0.000791312
0.000773035
0.000791379
0.0008041
0.000804427
0.000791907
0.000773746
0.000791976
0.000804715
0.000806235
0.00079387
0.000775843
0.000793927
0.000806478
0.000809911
0.000797851
0.00077997
0.0007979
0.000810037
0.000815885
0.000804405
0.000786647
0.000804451
0.000816022
0.000824712
0.000814411
0.000796767
0.00081444
0.000824829
0.000837036
0.000828997
0.000811491
0.000829008
0.000837062
0.000858971
0.000850051
0.00083254
0.000850057
0.000858981
0.000890725
0.000880404
0.00086269
0.000880408
0.000890731
0.000937265
0.000924476
0.000906183
0.000924479
0.00093727
0.00102117
0.000993767
0.000971971
0.00099377
0.00102117
0.00126413
0.00116942
0.00113575
0.00116943
0.00126413
0.000637608
0.000613837
0.000598144
0.000613836
0.000637608
0.000649924
0.000626738
0.000612114
0.000626738
0.000649925
0.000662801
0.000640161
0.000626095
0.000640161
0.000662802
0.000676186
0.000653986
0.000640016
0.000653986
0.000676188
0.000817589
0.000721481
0.000692202
0.000721481
0.000817589
0.000818518
0.000712549
0.000682911
0.000712549
0.000818518
0.000723683
0.00063799
0.000613465
0.00063799
0.000723683
0.000721666
0.000632773
0.000608079
0.000632773
0.000721666
0.000670745
0.000589412
0.000567311
0.000589412
0.000670745
0.000664567
0.000583347
0.000561554
0.000583347
0.000664567
0.00060665
0.000525151
0.000503973
0.000525151
0.000606651
0.00059924
0.00051883
0.000498112
0.00051883
0.00059924
0.000345044
0.000345044
0.000328203
0.000328203
0.000313362
0.000313362
0.000328203
0.000328203
0.000345044
0.000345044
0.000810336
0.000803433
0.000768123
0.000803431
0.000810337
0.000938333
0.000932508
0.000900033
0.000932506
0.000938335
0.00101796
0.00101099
0.000981271
0.00101099
0.00101796
0.00107135
0.00106486
0.00103755
0.00106486
0.00107136
0.00111171
0.00110552
0.00107995
0.00110552
0.00111171
0.00114453
0.00113823
0.00111385
0.00113823
0.00114454
0.00117239
0.00116561
0.00114198
0.00116561
0.00117239
0.00119651
0.00118893
0.00116572
0.00118893
0.00119651
0.00121738
0.00120869
0.00118564
0.00120869
0.00121738
0.00123486
0.00122481
0.00120171
0.00122481
0.00123486
0.00124813
0.00123661
0.00121329
0.00123661
0.00124813
0.00125582
0.00124205
0.00121827
0.00124205
0.00125583
0.00125839
0.00123891
0.00121462
0.00123891
0.00125839
0.00125303
0.00122441
0.00120065
0.00122441
0.00125303
0.00123421
0.00119714
0.00117435
0.00119714
0.00123421
0.00118662
0.00114543
0.00112077
0.00114543
0.00118662
0.00106664
0.00102742
0.00100028
0.00102742
0.00106664
0.000465682
0.000465682
0.000442636
0.000442636
0.000426726
0.000426726
0.000442636
0.000442636
0.000465682
0.000465682
0.000548604
0.00053876
0.000505807
0.000538758
0.000548605
0.000759544
0.000750774
0.00071448
0.000750774
0.000759544
0.00060613
0.000583819
0.000561086
0.000583818
0.00060613
0.00096896
0.000930333
0.000893947
0.000930333
0.000968961
0.000625173
0.000601001
0.00058318
0.000601
0.000625173
0.00125941
0.00115214
0.00111074
0.00115214
0.00125941
)
;
    }
    outlet
    {
        type            zeroGradient;
    }
}


// ************************************************************************* //
