/*--------------------------------*- C++ -*----------------------------------*\
  =========                 |
  \\      /  F ield         | OpenFOAM: The Open Source CFD Toolbox
   \\    /   O peration     | Website:  https://openfoam.org
    \\  /    A nd           | Version:  9
     \\/     M anipulation  |
\*---------------------------------------------------------------------------*/
FoamFile
{
    format      ascii;
    class       volScalarField;
    location    "3.5";
    object      p;
}
// * * * * * * * * * * * * * * * * * * * * * * * * * * * * * * * * * * * * * //

dimensions      [0 2 -2 0 0 0 0];

internalField   nonuniform List<scalar> 
4545
(
19.9297
20.175
20.1299
20.175
19.9297
19.9108
20.2169
20.171
20.2169
19.9108
19.8644
20.2807
20.2354
20.2807
19.8644
19.8016
20.3188
20.289
20.3188
19.8015
19.7594
20.3397
20.328
20.3396
19.7593
19.7336
20.3517
20.3546
20.3514
19.7332
19.7181
20.3579
20.3716
20.3583
19.7153
19.707
20.3613
20.3817
20.3609
19.7053
19.7006
20.3619
20.3873
20.3621
19.6972
19.6957
20.3612
20.3898
20.3625
19.6899
19.6882
20.3606
20.3898
20.3596
19.6897
19.6853
20.3569
20.3871
20.355
19.6905
19.6839
20.3522
20.3833
20.3518
19.6864
19.6796
20.3484
20.3795
20.3481
19.6807
19.6772
20.3425
20.3738
20.3422
19.6767
19.6753
20.3354
20.367
20.3363
19.6708
19.6714
20.3276
20.359
20.3278
19.668
19.6656
20.3202
20.3505
20.3192
19.6635
19.6628
20.3104
20.3405
20.3112
19.6557
19.6617
20.2978
20.3281
20.2985
19.6536
19.6555
20.2869
20.3168
20.2881
19.6471
19.645
20.2775
20.3063
20.2798
19.6371
19.6328
20.268
20.2942
20.2665
19.6353
19.6259
20.2558
20.281
20.2532
19.6332
19.6221
20.2427
20.2678
20.2422
19.6272
19.6181
20.2311
20.2553
20.2304
19.6237
19.6131
20.2216
20.2437
20.2202
19.6185
19.6138
20.2112
20.232
20.212
19.6126
19.6189
20.2008
20.2204
20.2034
19.6112
19.6184
20.1951
20.2107
20.1959
19.6128
19.6213
20.1916
20.2036
20.1914
19.6184
19.6306
20.1887
20.1982
20.1897
19.6241
19.6387
20.1887
20.1944
20.1888
19.6357
19.6512
20.1912
20.1927
20.1902
19.6528
19.6699
20.1951
20.1932
20.1948
19.6698
19.6907
20.2013
20.1957
20.2012
19.6905
19.7145
20.2094
20.2003
20.2093
19.7144
19.7412
20.219
20.2071
20.219
19.7412
19.7704
20.2293
20.2164
20.2293
19.7704
20.3317
19.9328
20.0021
19.9328
20.3317
20.3916
19.8952
19.9581
19.8952
20.3916
20.2647
19.9787
20.0306
19.9787
20.2647
20.1875
20.0084
20.0777
20.0084
20.1875
20.1477
20.0216
20.1103
20.0216
20.1476
20.123
20.0285
20.1317
20.0284
20.1229
20.1068
20.0319
20.1442
20.0318
20.1066
20.0958
20.0329
20.1514
20.0327
20.0955
20.0878
20.0323
20.155
20.0322
20.0875
20.0816
20.0307
20.1562
20.0308
20.0815
20.0763
20.0285
20.1555
20.0281
20.0757
20.0711
20.025
20.1531
20.0245
20.0703
20.0661
20.021
20.1499
20.0208
20.0657
20.0608
20.0167
20.1459
20.0166
20.0607
20.055
20.0116
20.141
20.0115
20.0549
20.0492
20.0059
20.1354
20.0059
20.0486
20.0423
19.9996
20.1289
19.9994
20.0414
20.0353
19.9932
20.1221
19.9927
20.0346
20.0283
19.9862
20.1147
19.986
20.0279
20.0205
19.9785
20.1066
19.9784
20.0202
20.013
19.9714
20.0989
19.9715
20.0128
20.006
19.965
20.0918
19.9653
20.006
19.9993
19.9591
20.0848
19.9587
19.9989
19.9928
19.9533
20.0779
19.9527
19.9925
19.9877
19.9482
20.0718
19.9482
19.9879
19.9832
19.9445
20.0668
19.9447
19.9842
19.9807
19.9428
20.0638
19.9428
19.9817
19.9805
19.9426
20.0635
19.9429
19.9809
19.9821
19.9441
20.0664
19.9447
19.9823
19.9866
19.9481
20.0685
19.9483
19.9864
19.9931
19.9545
20.0728
19.9544
19.9925
20.0023
19.963
20.0791
19.9632
20.0021
20.0149
19.974
20.0873
19.9739
20.0145
20.0301
19.9871
20.0972
19.9869
20.0297
20.0479
20.0019
20.1087
20.0018
20.0477
20.0681
20.0183
20.1216
20.0182
20.0679
20.0897
20.036
20.1357
20.0359
20.0896
20.1124
20.0543
20.1508
20.0543
20.1123
20.1371
20.0717
20.1666
20.0717
20.1371
20.4601
19.8723
19.8704
19.8723
20.4601
20.6289
19.7838
19.738
19.7838
20.6289
20.5065
19.8723
19.8085
19.8724
20.5065
20.4365
19.8978
19.8494
19.8978
20.4365
20.4052
19.9053
19.8741
19.9053
20.4053
20.3865
19.9071
19.8887
19.907
20.3867
20.3735
19.9065
19.8965
19.906
20.3745
20.3647
19.9043
19.9
19.904
20.3652
20.3575
19.9013
19.9006
19.9007
20.3588
20.351
19.898
19.8994
19.8966
20.3537
20.3469
19.8929
19.8966
19.8923
20.3482
20.3419
19.888
19.8929
19.8878
20.3424
20.336
19.8833
19.8887
19.8829
20.3369
20.3317
19.8769
19.8834
19.8769
20.3319
20.3264
19.8705
19.8777
19.8706
20.3267
20.3202
19.8643
19.8712
19.8628
20.3228
20.3153
19.8568
19.8644
19.8554
20.3175
20.3106
19.849
19.8577
19.8485
20.3114
20.3037
19.8427
19.8515
19.8414
20.306
20.2958
19.8373
19.8461
19.836
20.2986
20.2896
19.8315
19.8406
19.8298
20.2932
20.285
19.8258
19.8353
19.8233
20.2896
20.2823
19.8203
19.8313
19.8199
20.2838
20.2789
19.8171
19.8288
19.8174
20.2793
20.2757
19.8163
19.8279
19.8165
20.2763
20.2762
19.8155
19.828
19.8175
20.2742
20.2789
19.8163
19.8293
19.8192
20.2753
20.2808
19.8209
19.8319
19.8216
20.2798
20.284
19.8282
19.838
19.827
20.2853
20.2914
19.8377
19.8493
19.8372
20.292
20.3027
19.8476
19.8606
19.847
20.3032
20.3161
19.8597
19.8728
19.8586
20.3174
20.3315
19.8738
19.8868
19.8733
20.332
20.3492
19.8892
19.902
19.8894
20.3487
20.3673
19.9065
19.9181
19.9065
20.367
20.3857
19.9249
19.9348
19.9249
20.3856
20.4039
19.9441
19.9514
19.9441
20.4038
20.4225
19.9622
19.9668
19.9622
20.4225
20.4483
19.9714
19.978
19.9713
20.4483
20.4428
19.9061
19.8486
19.9061
20.4428
20.6245
19.8226
19.6965
19.8226
20.6245
20.4954
19.9213
19.7768
19.9213
20.4955
20.4253
19.9495
19.8229
19.9495
20.4254
20.3952
19.9575
19.8475
19.9575
20.3953
20.3775
19.9589
19.8604
19.9589
20.3777
20.3656
19.9573
19.8663
19.9573
20.3661
20.3572
19.9543
19.868
19.9542
20.3577
20.3505
19.9504
19.8672
19.9503
20.3513
20.3446
19.946
19.8648
19.9458
20.3457
20.3393
19.9409
19.8612
19.9408
20.3402
20.3341
19.9356
19.8568
19.9355
20.3348
20.3287
19.93
19.8521
19.9299
20.3294
20.3234
19.9241
19.8468
19.924
20.3239
20.3178
19.9179
19.8412
19.9179
20.3184
20.312
19.9117
19.8354
19.9114
20.3131
20.3064
19.9052
19.8295
19.9049
20.3075
20.3009
19.8989
19.8238
19.8988
20.3016
20.295
19.893
19.8185
19.893
20.2959
20.2892
19.8876
19.8139
19.8877
20.2903
20.2841
19.8828
19.8097
19.8827
20.2855
20.2801
19.8786
19.8063
19.8785
20.2816
20.2773
19.8755
19.804
19.8757
20.2781
20.2754
19.8738
19.8032
19.8741
20.2758
20.2746
19.8737
19.8039
19.8741
20.2748
20.2759
19.8751
19.8062
19.8757
20.2755
20.279
19.8784
19.8104
19.879
20.2782
20.2836
19.8842
19.8166
19.8843
20.2833
20.2901
19.8919
19.8231
19.8917
20.2903
20.2988
19.8996
19.8318
19.8994
20.299
20.31
19.9094
19.8421
19.9092
20.3102
20.3233
19.921
19.8536
19.9208
20.3236
20.3383
19.934
19.866
19.9339
20.3385
20.3548
19.9478
19.8789
19.9478
20.3548
20.3722
19.9622
19.8918
19.9622
20.3722
20.39
19.9768
19.904
19.9768
20.3899
20.4073
19.9914
19.9151
19.9914
20.4073
20.4258
20.0041
19.9237
20.0041
20.4257
20.4532
20.0053
19.9263
20.0053
20.4532
20.4134
19.9323
19.8553
19.9323
20.4134
20.5821
19.8566
19.7047
19.8567
20.5821
20.439
19.9605
19.8049
19.9605
20.4391
20.3643
19.9915
19.859
19.9915
20.3644
20.3328
20.0011
19.8854
20.0011
20.3329
20.3148
20.0034
19.8982
20.0035
20.315
20.3031
20.0025
19.9034
20.0026
20.3034
20.2948
19.9998
19.9044
19.9999
20.2951
20.2882
19.9962
19.9029
19.9963
20.2887
20.2825
19.992
19.9
19.9921
20.283
20.2772
19.9873
19.896
19.9874
20.2778
20.2721
19.9822
19.8914
19.9823
20.2727
20.2671
19.9769
19.8864
19.9769
20.2676
20.2619
19.9713
19.8812
19.9714
20.2624
20.2567
19.9657
19.8757
19.9658
20.2572
20.2515
19.9599
19.8701
19.96
20.2521
20.2464
19.9542
19.8645
19.9543
20.247
20.2413
19.9487
19.8591
19.9488
20.2419
20.2365
19.9434
19.8541
19.9436
20.237
20.232
19.9386
19.8495
19.9388
20.2326
20.2281
19.9343
19.8454
19.9346
20.2288
20.2252
19.9308
19.8421
19.9311
20.2258
20.2232
19.9283
19.8398
19.9286
20.2236
20.2224
19.9269
19.8387
19.9272
20.2226
20.2229
19.9269
19.8387
19.9271
20.223
20.2249
19.9281
19.8402
19.9283
20.2249
20.2286
19.9309
19.8429
19.931
20.2285
20.234
19.9352
19.8472
19.9353
20.234
20.2413
19.9411
19.8526
19.9411
20.2413
20.2505
19.9482
19.8593
19.9482
20.2506
20.2616
19.9566
19.867
19.9566
20.2617
20.2745
19.966
19.8754
19.966
20.2746
20.289
19.9761
19.8839
19.9761
20.2891
20.3049
19.9865
19.8923
19.9865
20.305
20.322
19.9967
19.8997
19.9967
20.3221
20.3399
20.0066
19.9057
20.0066
20.3399
20.358
20.0159
19.9098
20.0159
20.358
20.3785
20.0229
19.9099
20.0229
20.3785
20.411
20.0177
19.9013
20.0177
20.411
20.3928
19.9478
19.8682
19.9478
20.3928
20.5496
19.8763
19.7247
19.8764
20.5496
20.3952
19.9845
19.8385
19.9846
20.3953
20.3162
20.018
19.8983
20.0181
20.3162
20.2832
20.0289
19.9272
20.029
20.2833
20.2647
20.0321
19.9412
20.0322
20.2649
20.2529
20.0317
19.947
20.0318
20.2531
20.2446
20.0295
19.9483
20.0297
20.2449
20.2382
20.0264
19.9471
20.0266
20.2385
20.2326
20.0226
19.9444
20.0228
20.233
20.2276
20.0184
19.9408
20.0186
20.228
20.2228
20.0138
19.9365
20.014
20.2232
20.2181
20.009
19.9319
20.0092
20.2185
20.2134
20.0041
19.927
20.0043
20.2138
20.2087
19.9991
19.922
19.9993
20.2091
20.204
19.994
19.9169
19.9942
20.2045
20.1995
19.989
19.9118
19.9892
20.2
20.1952
19.9842
19.9069
19.9844
20.1956
20.1911
19.9795
19.9022
19.9798
20.1915
20.1874
19.9753
19.8979
19.9755
20.1878
20.1843
19.9715
19.8941
19.9717
20.1847
20.1819
19.9684
19.8908
19.9686
20.1822
20.1804
19.966
19.8883
19.9662
20.1806
20.1799
19.9646
19.8867
19.9647
20.18
20.1805
19.9641
19.8859
19.9642
20.1806
20.1824
19.9647
19.8862
19.9647
20.1824
20.1857
19.9663
19.8874
19.9664
20.1857
20.1905
19.9691
19.8896
19.9692
20.1905
20.1968
19.973
19.8926
19.973
20.1968
20.2047
19.9778
19.8964
19.9779
20.2048
20.2142
19.9835
19.9006
19.9835
20.2143
20.2253
19.9896
19.9049
19.9897
20.2254
20.238
19.9961
19.9089
19.9961
20.2381
20.2522
20.0025
19.912
20.0025
20.2522
20.2678
20.0084
19.9138
20.0084
20.2679
20.2848
20.0137
19.9136
20.0137
20.2848
20.3028
20.0184
19.9108
20.0185
20.3029
20.3246
20.0208
19.9036
20.0208
20.3246
20.3604
20.0107
19.8868
20.0107
20.3604
20.3789
19.9567
19.8801
19.9567
20.3789
20.5276
19.8877
19.7424
19.8877
20.5277
20.3658
19.9994
19.8646
19.9994
20.3659
20.2836
20.0346
19.9285
20.0347
20.2837
20.2495
20.0465
19.9596
20.0465
20.2496
20.2307
20.0503
19.9748
20.0504
20.2309
20.2188
20.0506
19.9815
20.0507
20.219
20.2107
20.0489
19.9834
20.0491
20.2109
20.2044
20.0464
19.9828
20.0465
20.2047
20.1992
20.0431
19.9807
20.0433
20.1995
20.1945
20.0395
19.9776
20.0397
20.1948
20.1901
20.0356
19.974
20.0357
20.1904
20.1858
20.0315
19.97
20.0316
20.1861
20.1816
20.0273
19.9658
20.0274
20.1819
20.1775
20.023
19.9615
20.0231
20.1778
20.1734
20.0187
19.9571
20.0188
20.1737
20.1695
20.0144
19.9527
20.0146
20.1698
20.1657
20.0102
19.9484
20.0104
20.166
20.1622
20.0062
19.9443
20.0064
20.1625
20.159
20.0024
19.9403
20.0026
20.1593
20.1562
19.9989
19.9366
19.9991
20.1564
20.1539
19.9959
19.9334
19.9961
20.1542
20.1523
19.9934
19.9305
19.9935
20.1525
20.1514
19.9915
19.9282
19.9916
20.1516
20.1514
19.9902
19.9265
19.9902
20.1515
20.1523
19.9895
19.9252
19.9895
20.1523
20.1542
19.9895
19.9245
19.9896
20.1542
20.1572
19.9902
19.9243
19.9902
20.1573
20.1614
19.9915
19.9245
19.9915
20.1615
20.1669
19.9933
19.9248
19.9934
20.167
20.1737
19.9955
19.9251
19.9956
20.1738
20.1819
19.9979
19.9251
19.998
20.182
20.1916
20.0003
19.9243
20.0003
20.1917
20.2029
20.0024
19.9222
20.0024
20.203
20.2161
20.0039
19.9184
20.0039
20.2161
20.2311
20.0047
19.9124
20.0047
20.2312
20.2481
20.0052
19.9036
20.0052
20.2481
20.2699
20.0035
19.8903
20.0035
20.2699
20.3076
19.9896
19.8672
19.9896
20.3076
20.3698
19.9616
19.8884
19.9616
20.3699
20.5136
19.8941
19.7547
19.8941
20.5136
20.3472
20.0082
19.882
20.0082
20.3473
20.2631
20.0445
19.9487
20.0446
20.2632
20.2283
20.0571
19.9814
20.0571
20.2284
20.2094
20.0615
19.9976
20.0616
20.2096
20.1976
20.0623
20.005
20.0624
20.1978
20.1897
20.0613
20.0076
20.0614
20.1899
20.1838
20.0592
20.0077
20.0594
20.184
20.1789
20.0567
20.0062
20.0568
20.1791
20.1747
20.0537
20.0039
20.0538
20.1749
20.1708
20.0505
20.001
20.0506
20.1711
20.1672
20.0472
19.9979
20.0473
20.1674
20.1636
20.0438
19.9945
20.0439
20.1638
20.1601
20.0403
19.991
20.0404
20.1603
20.1567
20.0368
19.9875
20.0369
20.157
20.1534
20.0333
19.9838
20.0334
20.1537
20.1503
20.0298
19.9802
20.0299
20.1505
20.1472
20.0264
19.9766
20.0265
20.1474
20.1443
20.023
19.9731
20.0231
20.1445
20.1417
20.0198
19.9696
20.0199
20.1419
20.1394
20.0167
19.9663
20.0168
20.1395
20.1374
20.0139
19.9631
20.014
20.1375
20.1358
20.0113
19.96
20.0113
20.1359
20.1347
20.0089
19.9571
20.0089
20.1347
20.134
20.0066
19.9542
20.0067
20.1341
20.134
20.0046
19.9514
20.0047
20.134
20.1346
20.0028
19.9485
20.0029
20.1346
20.136
20.0011
19.9455
20.0012
20.136
20.1382
19.9995
19.9422
19.9995
20.1383
20.1414
19.9978
19.9383
19.9978
20.1415
20.1458
19.9959
19.9337
19.996
20.1459
20.1517
19.9938
19.9279
19.9938
20.1517
20.1592
19.9911
19.9206
19.9912
20.1592
20.1688
19.9879
19.9114
19.9879
20.1689
20.1809
19.9842
19.8998
19.9842
20.1809
20.1956
19.9803
19.8855
19.9803
20.1957
20.2164
19.9748
19.8668
19.9748
20.2164
20.2545
19.9575
19.8387
19.9575
20.2545
20.3646
19.9637
19.8928
19.9637
20.3647
20.5058
19.8972
19.7615
19.8972
20.5058
20.3371
20.0128
19.8917
20.0128
20.3371
20.252
20.0498
19.9601
20.0498
20.2521
20.217
20.0629
19.9938
20.0629
20.2171
20.1982
20.0678
20.0108
20.0679
20.1983
20.1866
20.0691
20.0188
20.0691
20.1868
20.179
20.0686
20.022
20.0686
20.1792
20.1735
20.0671
20.0227
20.0672
20.1737
20.1692
20.0652
20.0219
20.0653
20.1693
20.1655
20.063
20.0204
20.0631
20.1657
20.1624
20.0605
20.0183
20.0606
20.1625
20.1594
20.058
20.016
20.0581
20.1596
20.1566
20.0555
20.0135
20.0556
20.1567
20.1539
20.0529
20.0109
20.053
20.154
20.1513
20.0502
20.0083
20.0503
20.1514
20.1487
20.0476
20.0055
20.0477
20.1489
20.1462
20.0448
20.0026
20.0449
20.1463
20.1437
20.042
19.9997
20.0421
20.1438
20.1412
20.0392
19.9966
20.0392
20.1413
20.1388
20.0362
19.9934
20.0362
20.1389
20.1363
20.0331
19.99
20.0332
20.1364
20.1339
20.0299
19.9865
20.0299
20.134
20.1315
20.0265
19.9826
20.0265
20.1316
20.1291
20.0229
19.9785
20.0229
20.1292
20.1267
20.019
19.9739
20.019
20.1268
20.1244
20.0148
19.9689
20.0148
20.1245
20.1223
20.0103
19.9633
20.0103
20.1223
20.1204
20.0053
19.9569
20.0053
20.1204
20.1188
19.9998
19.9497
19.9999
20.1188
20.1177
19.9938
19.9414
19.9939
20.1178
20.1176
19.9872
19.9319
19.9873
20.1176
20.1186
19.98
19.9209
19.98
20.1186
20.1213
19.9722
19.9081
19.9722
20.1213
20.1263
19.9637
19.8932
19.9637
20.1263
20.1342
19.9548
19.8759
19.9549
20.1342
20.1454
19.9462
19.8562
19.9462
20.1454
20.1636
19.9365
19.8325
19.9365
20.1636
20.2005
19.9159
19.7999
19.9159
20.2004
20.3625
19.9639
19.8938
19.9639
20.3626
20.5031
19.8979
19.7635
19.8979
20.5031
20.3339
20.0142
19.8948
20.0142
20.3339
20.2487
20.0516
19.9639
20.0516
20.2488
20.2138
20.065
19.9981
20.0651
20.2138
20.1952
20.0703
20.0155
20.0704
20.1953
20.184
20.072
20.024
20.0721
20.1841
20.1768
20.072
20.0277
20.072
20.1769
20.1718
20.0711
20.029
20.0712
20.1719
20.1681
20.0698
20.0289
20.0699
20.1682
20.1651
20.0683
20.028
20.0684
20.1652
20.1627
20.0667
20.0268
20.0667
20.1628
20.1605
20.065
20.0253
20.0651
20.1607
20.1586
20.0634
20.0238
20.0634
20.1587
20.1568
20.0617
20.0221
20.0618
20.1569
20.1551
20.06
20.0204
20.06
20.1552
20.1534
20.0582
20.0185
20.0582
20.1535
20.1517
20.0563
20.0165
20.0563
20.1518
20.1499
20.0542
20.0143
20.0543
20.1499
20.1479
20.0519
20.0118
20.0519
20.1479
20.1457
20.0493
20.0089
20.0493
20.1458
20.1433
20.0463
20.0057
20.0463
20.1434
20.1406
20.0428
20.0019
20.0429
20.1406
20.1374
20.0388
19.9974
20.0388
20.1375
20.1339
20.0341
19.9922
20.0341
20.1339
20.1298
20.0286
19.9861
20.0286
20.1298
20.1253
20.0222
19.9789
20.0222
20.1253
20.1202
20.0148
19.9704
20.0149
20.1203
20.1148
20.0064
19.9607
20.0065
20.1148
20.1089
19.997
19.9495
19.997
20.109
20.1031
19.9864
19.9367
19.9864
20.1031
20.0975
19.9746
19.9219
19.9746
20.0976
20.0928
19.9617
19.9052
19.9617
20.0928
20.0895
19.9478
19.8863
19.9479
20.0895
20.0885
19.9333
19.8652
19.9333
20.0885
20.0906
19.9184
19.8418
19.9184
20.0906
20.0966
19.9041
19.8161
19.9042
20.0967
20.1104
19.8895
19.7871
19.8895
20.1104
20.1441
19.8651
19.7501
19.8651
20.1442
20.3633
19.9623
19.8915
19.9624
20.3633
20.5051
19.8965
19.7609
19.8965
20.5051
20.3371
20.0127
19.8916
20.0127
20.3371
20.2525
20.0502
19.9605
20.0502
20.2526
20.218
20.0638
19.9948
20.0639
20.218
20.1998
20.0694
20.0123
20.0694
20.1998
20.189
20.0714
20.0211
20.0714
20.1891
20.1823
20.0718
20.0252
20.0718
20.1824
20.1778
20.0714
20.0269
20.0715
20.1779
20.1747
20.0707
20.0274
20.0708
20.1748
20.1725
20.0699
20.0272
20.0699
20.1726
20.1709
20.069
20.0267
20.0691
20.171
20.1697
20.0682
20.0261
20.0683
20.1697
20.1687
20.0675
20.0255
20.0675
20.1687
20.1679
20.0668
20.0248
20.0668
20.1679
20.1672
20.066
20.024
20.0661
20.1672
20.1666
20.0652
20.023
20.0652
20.1666
20.1659
20.0643
20.0218
20.0643
20.1659
20.1649
20.063
20.0206
20.063
20.1649
20.1636
20.0615
20.0189
20.0615
20.1636
20.162
20.0594
20.0166
20.0594
20.162
20.1599
20.0568
20.0137
20.0568
20.1599
20.1571
20.0533
20.01
20.0534
20.1571
20.1536
20.049
20.0052
20.049
20.1536
20.1491
20.0435
19.9992
20.0435
20.1492
20.1437
20.0367
19.9918
20.0367
20.1437
20.1371
20.0284
19.9827
20.0284
20.1372
20.1293
20.0184
19.9718
20.0184
20.1294
20.1203
20.0066
19.9588
20.0067
20.1204
20.1101
19.9931
19.9436
19.9931
20.1102
20.099
19.9776
19.9259
19.9776
20.0991
20.0873
19.9601
19.9057
19.9601
20.0874
20.0756
19.9408
19.8827
19.9408
20.0757
20.0648
19.9199
19.857
19.92
20.0649
20.056
19.898
19.8287
19.898
20.056
20.0502
19.8757
19.798
19.8757
20.0502
20.0487
19.8543
19.7653
19.8543
20.0488
20.0558
19.8333
19.73
19.8333
20.0558
20.0842
19.804
19.688
19.804
20.0843
20.3673
19.959
19.8859
19.959
20.3674
20.5122
19.8929
19.7536
19.8929
20.5122
20.3472
20.0081
19.8819
20.0081
20.3472
20.264
20.0453
19.9494
20.0453
20.2641
20.2302
20.0589
19.9832
20.0589
20.2303
20.2125
20.0645
20.0005
20.0645
20.2125
20.2021
20.0667
20.0093
20.0667
20.2022
20.1959
20.0673
20.0137
20.0674
20.196
20.192
20.0674
20.0157
20.0674
20.1921
20.1896
20.0672
20.0167
20.0673
20.1897
20.1882
20.067
20.0171
20.067
20.1882
20.1874
20.0669
20.0173
20.0669
20.1875
20.1871
20.0669
20.0175
20.0669
20.1871
20.1871
20.0671
20.0177
20.0671
20.1871
20.1874
20.0674
20.018
20.0674
20.1874
20.1879
20.0677
20.0182
20.0676
20.1878
20.1883
20.0679
20.0183
20.0679
20.1883
20.1888
20.068
20.0182
20.068
20.1888
20.189
20.0678
20.0178
20.0678
20.1889
20.1887
20.0672
20.0172
20.0672
20.1887
20.188
20.0661
20.0158
20.066
20.188
20.1866
20.0641
20.0136
20.0641
20.1866
20.1843
20.0611
20.0103
20.0611
20.1843
20.1809
20.0569
20.0058
20.0569
20.1809
20.1762
20.0512
19.9996
20.0512
20.1762
20.1699
20.0437
19.9915
20.0437
20.1699
20.1618
20.0341
19.9812
20.0341
20.1619
20.1518
20.0221
19.9683
20.0221
20.1518
20.1395
20.0074
19.9524
20.0074
20.1396
20.1251
19.9898
19.9334
19.9899
20.1252
20.1085
19.9692
19.911
19.9693
20.1086
20.0899
19.9457
19.8848
19.9457
20.0901
20.0702
19.9191
19.8549
19.9192
20.0703
20.05
19.89
19.8213
19.89
20.0501
20.0308
19.8589
19.7843
19.8589
20.0309
20.014
19.8269
19.7445
19.827
20.0141
20.0016
19.7959
19.7029
19.796
20.0017
19.9985
19.7663
19.6594
19.7663
19.9985
20.0186
19.7302
19.611
19.7302
20.0187
20.3754
19.9534
19.8768
19.9534
20.3754
20.5257
19.8861
19.741
19.8861
20.5257
20.3657
19.9993
19.8645
19.9993
20.3658
20.2848
20.0356
19.9295
20.0357
20.2848
20.252
20.0489
19.962
20.0489
20.2521
20.2349
20.0544
19.9788
20.0544
20.2349
20.225
20.0565
19.9874
20.0566
20.225
20.2193
20.0574
19.9917
20.0574
20.2193
20.2159
20.0577
19.994
20.0577
20.2159
20.2142
20.0579
19.9954
20.0579
20.2142
20.2135
20.0583
19.9963
20.0583
20.2135
20.2136
20.0588
19.9971
20.0588
20.2135
20.2142
20.0596
19.998
20.0595
20.2141
20.2152
20.0606
19.9991
20.0606
20.2152
20.2166
20.0618
20.0003
20.0618
20.2166
20.2183
20.0632
20.0016
20.0631
20.2182
20.22
20.0646
20.0028
20.0645
20.2199
20.2217
20.0659
20.004
20.0658
20.2216
20.2233
20.0669
20.0048
20.0668
20.2231
20.2244
20.0675
20.0052
20.0675
20.2243
20.225
20.0676
20.0052
20.0675
20.2249
20.2248
20.0668
20.0042
20.0667
20.2247
20.2236
20.0649
20.002
20.0648
20.2235
20.2211
20.0615
19.9983
20.0615
20.221
20.2169
20.0564
19.9927
20.0563
20.2169
20.2107
20.049
19.9848
20.049
20.2107
20.2021
20.039
19.9742
20.039
20.2022
20.1907
20.0258
19.9603
20.0259
20.1908
20.176
20.0091
19.9425
20.0092
20.1762
20.1579
19.9883
19.9204
19.9883
20.1581
20.1361
19.963
19.8935
19.9631
20.1362
20.1104
19.933
19.8614
19.9331
20.1106
20.0813
19.8984
19.8238
19.8984
20.0815
20.0496
19.8593
19.7809
19.8593
20.0497
20.0166
19.8166
19.733
19.8166
20.0167
19.9844
19.7716
19.6811
19.7717
19.9845
19.9556
19.727
19.6268
19.727
19.9557
19.9364
19.6842
19.5713
19.6842
19.9364
19.9425
19.6374
19.5133
19.6374
19.9426
20.3888
19.944
19.8646
19.944
20.3888
20.5473
19.8746
19.7231
19.8746
20.5473
20.3951
19.9844
19.8384
19.9844
20.3951
20.3174
20.0192
19.8994
20.0192
20.3174
20.2859
20.0316
19.9299
20.0316
20.2859
20.2693
20.0367
19.9458
20.0367
20.2694
20.2599
20.0386
19.954
20.0387
20.2599
20.2546
20.0394
19.9582
20.0394
20.2546
20.2517
20.0399
19.9606
20.0399
20.2517
20.2505
20.0404
19.9622
20.0404
20.2505
20.2505
20.0411
19.9635
20.0411
20.2504
20.2513
20.0421
19.9649
20.0421
20.2512
20.2528
20.0436
19.9665
20.0436
20.2527
20.2548
20.0454
19.9684
20.0454
20.2547
20.2572
20.0475
19.9705
20.0475
20.2571
20.26
20.0499
19.9729
20.0499
20.2599
20.2631
20.0525
19.9754
20.0524
20.2629
20.2662
20.055
19.9779
20.0549
20.266
20.2692
20.0575
19.9802
20.0574
20.269
20.272
20.0596
19.9822
20.0595
20.2718
20.2744
20.0612
19.9837
20.0611
20.2741
20.2759
20.0621
19.9844
20.062
20.2757
20.2765
20.0619
19.984
20.0618
20.2763
20.2757
20.0602
19.9821
20.0601
20.2756
20.2732
20.0566
19.9782
20.0565
20.2731
20.2683
20.0506
19.9718
20.0506
20.2684
20.2607
20.0415
19.9623
20.0415
20.2608
20.2495
20.0287
19.9488
20.0288
20.2496
20.2341
20.0114
19.9307
20.0115
20.2343
20.2138
19.9888
19.907
19.9888
20.214
20.1877
19.9599
19.8767
19.96
20.1879
20.1553
19.9242
19.8392
19.9243
20.1555
20.1163
19.881
19.7937
19.8811
20.1165
20.0709
19.8303
19.7399
19.8304
20.0711
20.0201
19.7727
19.678
19.7727
20.0203
19.9659
19.7097
19.6092
19.7097
19.966
19.9118
19.6445
19.5358
19.6446
19.9119
19.8658
19.5803
19.4606
19.5803
19.8658
19.8468
19.5144
19.3851
19.5144
19.8468
20.409
19.9285
19.8519
19.9285
20.4091
20.5795
19.8549
19.7034
19.8549
20.5795
20.4387
19.9603
19.8049
19.9603
20.4387
20.3652
19.9926
19.8601
19.9926
20.3652
20.3351
20.0037
19.8881
20.0037
20.3351
20.3191
20.008
19.9029
20.008
20.3191
20.3099
20.0095
19.9106
20.0095
20.3099
20.3048
20.0101
19.9147
20.01
20.3048
20.3022
20.0105
19.9173
20.0104
20.3022
20.3013
20.0111
19.9192
20.011
20.3013
20.3018
20.012
19.921
20.012
20.3017
20.3031
20.0134
19.9229
20.0134
20.303
20.3051
20.0153
19.9252
20.0153
20.305
20.3078
20.0177
19.928
20.0177
20.3077
20.3111
20.0206
19.9312
20.0206
20.311
20.3149
20.0239
19.9347
20.0239
20.3147
20.319
20.0276
19.9385
20.0275
20.3188
20.3235
20.0314
19.9426
20.0313
20.3231
20.3281
20.0353
19.9468
20.0353
20.3276
20.3326
20.0392
19.9509
20.0391
20.3321
20.3368
20.0426
19.9543
20.0425
20.3364
20.3406
20.0456
19.9572
20.0455
20.3401
20.3436
20.0477
19.9592
20.0476
20.3432
20.3455
20.0486
19.9601
20.0485
20.3452
20.3457
20.0478
19.9592
20.0477
20.3456
20.3437
20.0446
19.9558
20.0445
20.3438
20.3389
20.0383
19.9492
20.0382
20.3391
20.3303
20.0279
19.9384
20.0279
20.3306
20.3167
20.0123
19.9223
20.0124
20.317
20.2969
19.9903
19.8993
19.9903
20.2972
20.2694
19.9601
19.868
19.9602
20.2697
20.2326
19.9204
19.8267
19.9204
20.2329
20.1846
19.8694
19.7738
19.8695
20.1849
20.1243
19.806
19.7079
19.8061
20.1245
20.051
19.7295
19.6279
19.7295
20.0512
19.9656
19.6405
19.5342
19.6405
19.9658
19.8711
19.5423
19.4292
19.5423
19.8712
19.777
19.4395
19.3171
19.4395
19.7771
19.7064
19.3335
19.2031
19.3335
19.7065
20.4386
19.9031
19.8459
19.9031
20.4386
20.6218
19.8212
19.6956
19.8212
20.6218
20.4948
19.9211
19.7767
19.9211
20.4948
20.4255
19.9503
19.8237
19.9503
20.4255
20.3964
19.9595
19.8496
19.9595
20.3964
20.3804
19.9626
19.8643
19.9626
20.3804
20.371
19.9633
19.8725
19.9633
20.371
20.3658
19.9634
19.8774
19.9634
20.3658
20.3631
19.9636
19.8807
19.9635
20.3632
20.3623
19.9641
19.8833
19.9641
20.3623
20.3628
19.9651
19.8859
19.9652
20.3626
20.3643
19.9667
19.8887
19.9668
20.364
20.3665
19.969
19.892
19.9692
20.3662
20.3696
19.972
19.8957
19.9721
20.3693
20.3734
19.9755
19.8999
19.9755
20.3732
20.3778
19.9796
19.9047
19.9796
20.3776
20.3827
19.9842
19.9099
19.9841
20.3826
20.3883
19.9892
19.9155
19.9893
20.3878
20.3946
19.9944
19.9213
19.9947
20.3934
20.4008
20
19.9273
20.0001
20.3998
20.407
20.0056
19.9337
20.0056
20.4062
20.4134
20.0111
19.94
20.0112
20.4122
20.4194
20.0162
19.9456
20.0163
20.4183
20.4247
20.0205
19.9503
20.0204
20.424
20.4287
20.0237
19.9538
20.0235
20.4285
20.4312
20.025
19.9553
20.0247
20.4316
20.4319
20.0234
19.9538
20.0231
20.4324
20.4291
20.018
19.9484
20.0179
20.4296
20.4211
20.0075
19.9377
20.0074
20.4216
20.4061
19.9899
19.9195
19.9899
20.4065
20.3834
19.9631
19.8915
19.963
20.3839
20.3493
19.924
19.8507
19.9239
20.3499
20.2991
19.8693
19.7938
19.8693
20.2995
20.2285
19.7958
19.7174
19.7958
20.2288
20.1334
19.7002
19.6181
19.7002
20.1336
20.0094
19.5792
19.4923
19.5792
20.0096
19.8541
19.4317
19.3378
19.4317
19.8542
19.673
19.2601
19.1566
19.2602
19.6731
19.4893
19.0667
18.9551
19.0668
19.4894
20.4567
19.8704
19.8687
19.8704
20.4567
20.6265
19.7826
19.7371
19.7826
20.6265
20.5054
19.8716
19.8077
19.8716
20.5054
20.4353
19.8974
19.8488
19.8974
20.4353
20.4042
19.9056
19.8742
19.9056
20.4042
20.3864
19.9084
19.8899
19.9084
20.3864
20.3757
19.9092
19.8992
19.9091
20.3757
20.3695
19.9093
19.905
19.9093
20.3695
20.366
19.9097
19.9092
19.9094
20.3663
20.3647
19.9104
19.9125
19.9101
20.365
20.3648
19.9116
19.9157
19.9118
20.3645
20.3661
19.9133
19.9189
19.9138
20.3654
20.3679
19.9161
19.9226
19.9166
20.3672
20.3708
19.9194
19.9266
19.9195
20.3707
20.3751
19.9231
19.931
19.9231
20.3751
20.3801
19.9275
19.9361
19.9276
20.38
20.3856
19.9328
19.9418
19.9324
20.3862
20.3923
19.9387
19.9483
19.9391
20.3915
20.401
19.9443
19.9552
19.9463
20.3978
20.4088
19.9515
19.9625
19.9524
20.407
20.4175
19.9592
19.9705
19.9597
20.4161
20.4276
19.9667
19.9791
19.9684
20.4244
20.4374
19.975
19.9879
19.9764
20.4345
20.4474
19.9833
19.9966
19.9839
20.4458
20.4564
19.9922
20.0054
19.992
20.4563
20.4653
20.0002
20.0132
19.9992
20.4666
20.4756
20.005
20.0187
20.004
20.4771
20.4838
20.0074
20.0215
20.0069
20.4849
20.4881
20.0063
20.02
20.0057
20.4893
20.4885
19.9978
20.0113
19.9978
20.489
20.4798
19.9798
19.992
19.9796
20.4807
20.459
19.9465
19.9568
19.9456
20.4607
20.4198
19.8915
19.8999
19.8911
20.4206
20.351
19.808
19.8132
19.8078
20.3515
20.2389
19.6847
19.6854
19.6847
20.2392
20.0692
19.5095
19.503
19.5096
20.0694
19.8244
19.2694
19.2521
19.2694
19.8245
19.4877
18.9569
18.9247
18.9569
19.4878
19.0394
18.549
18.5031
18.5491
19.0395
20.3307
19.9324
20.002
19.9324
20.3307
20.3905
19.8935
19.9566
19.8935
20.3905
20.2632
19.976
20.0273
19.976
20.2632
20.1847
20.005
20.0736
20.005
20.1847
20.144
20.0178
20.1056
20.0178
20.144
20.119
20.0247
20.1271
20.0246
20.119
20.103
20.0287
20.1402
20.0287
20.103
20.0929
20.0311
20.1488
20.0311
20.0928
20.0867
20.0328
20.1544
20.0327
20.0865
20.083
20.0343
20.1586
20.0345
20.083
20.0812
20.0359
20.1618
20.036
20.0814
20.0809
20.0379
20.1648
20.038
20.081
20.0816
20.0404
20.1678
20.0404
20.0819
20.0834
20.0437
20.1712
20.0436
20.0835
20.0863
20.0479
20.1756
20.0477
20.0861
20.0901
20.0529
20.181
20.0529
20.0902
20.0947
20.0586
20.1871
20.059
20.0952
20.1004
20.0653
20.1939
20.0655
20.1008
20.1073
20.0733
20.2018
20.073
20.1075
20.1148
20.0818
20.2106
20.0819
20.1152
20.1238
20.0914
20.2204
20.0917
20.124
20.1339
20.1023
20.2312
20.1025
20.1345
20.145
20.114
20.2431
20.1143
20.1456
20.1579
20.1272
20.2562
20.1273
20.1579
20.1718
20.1411
20.27
20.1411
20.1715
20.1868
20.1558
20.2843
20.156
20.1864
20.2026
20.1715
20.2993
20.1718
20.2025
20.2188
20.1875
20.3142
20.1874
20.2188
20.2353
20.2025
20.3281
20.2021
20.2348
20.2504
20.215
20.3409
20.2146
20.25
20.2626
20.2236
20.3494
20.2235
20.2627
20.269
20.2248
20.349
20.2249
20.2693
20.2662
20.2125
20.3337
20.2123
20.2657
20.2449
20.1783
20.295
20.1782
20.2448
20.1801
20.1089
20.2188
20.1089
20.1802
20.0738
19.987
20.0859
19.987
20.0739
19.9103
19.8037
19.8839
19.8037
19.9103
19.5862
19.4778
19.5369
19.4778
19.5862
18.5837
18.4506
18.5014
18.4506
18.5837
19.9275
20.1732
20.128
20.1732
19.9275
19.9073
20.2129
20.1667
20.2129
19.9073
19.8607
20.2746
20.229
20.2746
19.8607
19.7964
20.311
20.2808
20.311
19.7964
19.7526
20.3304
20.3184
20.3304
19.7526
19.7257
20.3412
20.3439
20.3412
19.7257
19.7088
20.347
20.3604
20.3469
19.7088
19.6984
20.3499
20.3706
20.3497
19.6982
19.6924
20.3511
20.3767
20.3511
19.6913
19.6888
20.3516
20.3804
20.3522
19.686
19.6873
20.3514
20.3823
20.3519
19.6856
19.6865
20.3518
20.3835
20.3517
19.687
19.6883
20.3518
20.3842
20.3516
19.6895
19.6912
20.3523
20.3853
20.3521
19.6928
19.6931
20.3544
20.3872
20.3539
19.6956
19.6956
20.3575
20.3899
20.3571
19.6974
19.7027
20.36
20.3929
20.3615
19.6999
19.7095
20.3638
20.3962
20.3642
19.7107
19.7139
20.3707
20.4014
20.3689
19.7204
19.7261
20.3763
20.4076
20.3764
19.7283
19.738
20.384
20.4152
20.3846
19.739
19.7502
20.3939
20.4243
20.394
19.7512
19.7668
20.4046
20.4349
20.405
19.7664
19.7818
20.4186
20.4478
20.4186
19.7817
19.8017
20.4334
20.4623
20.4335
19.8007
19.8239
20.4504
20.4793
20.451
19.8217
19.8459
20.4716
20.4998
20.4727
19.8425
19.8716
20.495
20.5222
20.495
19.871
19.8997
20.5213
20.5469
20.52
19.9028
19.9311
20.5506
20.574
20.5487
19.9354
19.9673
20.5801
20.6024
20.5801
19.9689
20.004
20.6099
20.6302
20.6108
20.0027
20.0356
20.6367
20.6531
20.6362
20.0355
20.0576
20.6511
20.6627
20.651
20.0579
20.0577
20.6393
20.6427
20.6392
20.058
20.0028
20.569
20.5588
20.569
20.003
19.826
20.3632
20.3308
20.3632
19.8261
19.4343
19.8931
19.8187
19.8932
19.4344
18.3328
18.6167
18.5308
18.6167
18.3329
19.8749
20.2779
20.2712
20.2779
19.8749
20.2244
20.121
20.2224
20.121
20.2244
20.523
19.9791
20.0156
19.9791
20.523
20.5492
19.9758
19.9351
19.9758
20.5492
20.5388
19.9629
19.8813
19.9629
20.5388
20.5162
19.9418
19.8434
19.9418
20.5162
20.4856
19.9113
19.8078
19.9113
20.4856
20.4479
19.872
19.7675
19.872
20.4479
20.4022
19.8237
19.719
19.8237
20.4022
20.3478
19.7663
19.661
19.7663
20.3478
20.2849
19.6998
19.5929
19.6999
20.2849
20.2136
19.6239
19.5145
19.624
20.2136
20.1325
19.5361
19.4238
19.5361
20.1325
20.0348
19.4285
19.3147
19.4285
20.0349
19.8901
19.2689
19.1593
19.2689
19.8901
19.6356
19.0038
18.9169
19.0038
19.6357
19
18.3643
18.329
18.3643
19.0001
17.6096
17.1863
17.2479
17.1864
17.6097
13.6511
13.4728
13.586
13.4728
13.6511
19.8507
20.2634
20.2548
20.2634
19.8507
20.2044
20.1149
20.2106
20.1149
20.2044
20.5153
19.9772
20.0035
19.9772
20.5153
20.535
19.9831
19.9274
19.9831
20.535
20.5162
19.976
19.8755
19.976
20.5162
20.485
19.9575
19.8403
19.9575
20.485
20.447
19.9283
19.8065
19.9283
20.447
20.4036
19.8899
19.7675
19.8899
20.4036
20.3539
19.8423
19.7201
19.8423
20.3539
20.2972
19.7854
19.6628
19.7854
20.2972
20.2326
19.7184
19.5944
19.7184
20.2327
20.1589
19.6396
19.5132
19.6396
20.159
20.0715
19.5436
19.4142
19.5436
20.0716
19.9577
19.4169
19.2856
19.4169
19.9578
19.7741
19.2159
19.088
19.216
19.7741
19.4274
18.8629
18.7555
18.8629
19.4274
18.582
18.0366
17.9811
18.0367
18.582
16.6526
16.2087
16.255
16.2087
16.6526
12.4151
12.1257
12.3362
12.1257
12.4151
19.8253
20.2503
20.2401
20.2503
19.8253
20.1835
20.104
20.1975
20.104
20.1834
20.5011
19.9731
19.9933
19.9731
20.5011
20.5144
19.9884
19.9242
19.9884
20.5144
20.4874
19.9876
19.8778
19.9876
20.4874
20.4486
19.9724
19.8478
19.9723
20.4486
20.4043
19.9452
19.8176
19.9452
20.4043
20.3564
19.9084
19.7812
19.9084
20.3563
20.304
19.8626
19.736
19.8626
20.304
20.2462
19.8072
19.6804
19.8072
20.2462
20.1816
19.7409
19.6129
19.7409
20.1817
20.108
19.6613
19.5308
19.6614
20.1081
20.0192
19.5615
19.4276
19.5616
20.0193
19.9001
19.4257
19.2891
19.4257
19.9002
19.7036
19.2071
19.0726
19.2072
19.7036
19.3316
18.8253
18.71
18.8254
19.3317
18.4472
17.9616
17.8997
17.9616
18.4472
16.5237
16.1411
16.1831
16.1411
16.5237
12.397
12.1196
12.3285
12.1196
12.397
19.7991
20.2392
20.2275
20.2392
19.799
20.1616
20.0894
20.1832
20.0894
20.1615
20.4799
19.97
19.9849
19.97
20.4799
20.4879
19.9945
19.9241
19.9945
20.4879
20.4534
20.0001
19.8866
20.0001
20.4533
20.4082
19.9887
19.8634
19.9887
20.4082
20.359
19.9642
19.8379
19.9642
20.359
20.308
19.9296
19.8051
19.9295
20.3079
20.2543
19.8857
19.7627
19.8857
20.2542
20.1966
19.8323
19.7096
19.8323
20.1966
20.1335
19.768
19.6442
19.768
20.1335
20.0625
19.6902
19.5635
19.6902
20.0626
19.9776
19.5915
19.4608
19.5916
19.9777
19.8649
19.4573
19.3227
19.4573
19.865
19.6841
19.2467
19.1129
19.2467
19.6842
19.3604
18.8989
18.7839
18.8989
19.3605
18.6241
18.1577
18.0998
18.1577
18.6242
17.2235
16.983
17.0295
16.983
17.2236
13.5298
13.3944
13.5003
13.3944
13.5298
0.925997
0.854966
0.782838
0.854965
0.925995
3.09322
2.93751
3.00255
2.9375
3.09321
2.90363
2.71504
2.80361
2.71503
2.90363
-0.074545
-0.0486736
-0.06795
-0.0486788
-0.0745538
-1.84172
-1.84413
-1.90771
-1.84413
-1.84173
-0.24382
-0.213632
-0.196951
-0.213642
-0.243836
-0.330327
-0.335429
-0.304563
-0.33544
-0.330343
-2.55788
-2.50508
-2.54788
-2.50509
-2.5579
-0.918405
-1.03221
-1.10203
-1.03222
-0.918422
-0.254039
-0.248515
-0.260796
-0.248526
-0.254058
-0.330445
-0.327393
-0.325851
-0.327404
-0.330462
-1.465
-1.46375
-1.5057
-1.46376
-1.46502
-0.0349823
-0.0769627
-0.104374
-0.0769682
-0.0349907
0.0407224
0.0364121
0.0286717
0.0364067
0.0407134
0.0218404
0.0219286
0.0202759
0.0219238
0.0218332
-0.219496
-0.217658
-0.233719
-0.217662
-0.219502
19.9903
20.378
20.4104
20.3781
19.9905
20.0268
20.3584
20.4045
20.3588
20.0272
20.0857
20.363
20.4082
20.3644
20.0866
20.1141
20.4159
20.4473
20.4162
20.1144
20.135
20.464
20.4892
20.4641
20.1351
20.1465
20.5005
20.5253
20.5005
20.1465
20.146
20.52
20.5475
20.5201
20.1461
20.1321
20.5204
20.5511
20.5204
20.1321
20.1037
20.5008
20.5342
20.5008
20.1037
20.0611
20.4617
20.4968
20.4617
20.0611
20.0065
20.4058
20.4411
20.4058
20.0065
19.9458
20.339
20.3731
20.339
19.9459
19.8915
20.2729
20.3045
20.2729
19.8915
19.8656
20.2283
20.2574
20.2283
19.8656
19.8947
20.2346
20.2634
20.2346
19.8947
20.0104
20.3252
20.3616
20.3252
20.0104
20.207
20.5022
20.5529
20.5022
20.207
20.3986
20.7381
20.7863
20.7381
20.3986
20.5343
20.9225
20.96
20.9225
20.5343
19.94
20.354
20.3606
20.354
19.9401
20.1638
20.176
20.2859
20.1761
20.164
20.3142
20.1006
20.1884
20.1008
20.3145
20.3351
20.1149
20.1698
20.115
20.3353
20.3371
20.1288
20.1701
20.1288
20.3372
20.3348
20.1342
20.1733
20.1343
20.3349
20.3241
20.1282
20.1692
20.1282
20.3242
20.3024
20.1089
20.1525
20.1089
20.3024
20.2684
20.0755
20.1208
20.0755
20.2684
20.2226
20.0284
20.0739
20.0284
20.2226
20.1675
19.9698
20.0141
19.9698
20.1676
20.1104
19.9057
19.9472
19.9057
20.1104
20.0628
19.8476
19.8851
19.8476
20.0628
20.0391
19.8159
19.8496
19.8159
20.0391
20.0804
19.8421
19.8765
19.8421
20.0804
20.2273
19.9735
20.0142
19.9735
20.2273
20.4655
20.1794
20.2488
20.1794
20.4655
20.6869
20.6389
20.7323
20.6389
20.6869
20.6833
21.1701
21.1588
21.1701
20.6833
19.9217
20.3176
20.3161
20.3176
19.9217
20.2442
20.124
20.2425
20.124
20.2443
20.4667
20.011
20.0712
20.0111
20.4668
20.4963
20.0024
20.0037
20.0025
20.4964
20.4946
19.9922
19.9657
19.9923
20.4946
20.4861
19.9759
19.9395
19.9759
20.4862
20.4696
19.9515
19.9125
19.9515
20.4696
20.4433
19.9176
19.8784
19.9176
20.4433
20.4061
19.8734
19.8342
19.8734
20.4061
20.3579
19.819
19.7792
19.819
20.3579
20.3009
19.7564
19.7151
19.7564
20.3009
20.2398
19.6897
19.646
19.6897
20.2398
20.1821
19.626
19.5793
19.626
20.1821
20.1387
19.5762
19.5273
19.5762
20.1387
20.1198
19.5488
19.5013
19.5488
20.1198
20.1459
19.5587
19.5307
19.5587
20.1459
20.1559
19.5232
19.5462
19.5232
20.1559
20.3672
20.1003
20.1789
20.1003
20.3672
20.1455
20.5069
20.4451
20.5069
20.1455
19.8979
20.2947
20.2899
20.2947
19.8979
20.2402
20.1234
20.2321
20.1234
20.2402
20.5122
19.9887
20.034
19.9888
20.5122
20.5424
19.9795
19.954
19.9795
20.5425
20.5378
19.9646
19.9032
19.9646
20.5378
20.5229
19.9428
19.8674
19.9428
20.5229
20.4995
19.9129
19.8332
19.9129
20.4995
20.4676
19.8745
19.7937
19.8745
20.4675
20.426
19.8268
19.7457
19.8268
20.426
20.3746
19.77
19.6882
19.7701
20.3746
20.3143
19.7049
19.6215
19.7049
20.3143
20.2473
19.6332
19.5473
19.6332
20.2473
20.1764
19.5565
19.4678
19.5565
20.1764
20.1029
19.475
19.3848
19.475
20.1029
20.015
19.3745
19.288
19.3745
20.015
19.8942
19.2363
19.1725
19.2363
19.8942
19.5679
18.8677
18.86
18.8677
19.568
19.1435
18.7622
18.8351
18.7622
19.1435
18.5469
18.7441
18.6851
18.7441
18.547
)
;

boundaryField
{
    empty
    {
        type            empty;
    }
    top
    {
        type            fixedValue;
        value           uniform 20.1;
    }
    fixedwall
    {
        type            zeroGradient;
    }
    outlet
    {
        type            fixedValue;
        value           uniform 0;
    }
}


// ************************************************************************* //
