/*--------------------------------*- C++ -*----------------------------------*\
  =========                 |
  \\      /  F ield         | OpenFOAM: The Open Source CFD Toolbox
   \\    /   O peration     | Website:  https://openfoam.org
    \\  /    A nd           | Version:  9
     \\/     M anipulation  |
\*---------------------------------------------------------------------------*/
FoamFile
{
    format      ascii;
    class       volScalarField;
    location    "0.9";
    object      p;
}
// * * * * * * * * * * * * * * * * * * * * * * * * * * * * * * * * * * * * * //

dimensions      [0 2 -2 0 0 0 0];

internalField   nonuniform List<scalar> 
4545
(
20.0979
20.0979
20.0979
20.0979
20.0979
20.0939
20.0939
20.0939
20.0939
20.0939
20.09
20.09
20.09
20.09
20.09
20.0862
20.0862
20.0862
20.0862
20.0862
20.0825
20.0825
20.0825
20.0825
20.0825
20.079
20.079
20.079
20.079
20.079
20.0755
20.0756
20.0756
20.0755
20.0755
20.0723
20.0723
20.0723
20.0723
20.0723
20.0691
20.0691
20.0691
20.0691
20.0691
20.0662
20.0662
20.0662
20.0662
20.0662
20.0634
20.0634
20.0634
20.0634
20.0634
20.0609
20.0609
20.0609
20.0609
20.0609
20.0585
20.0585
20.0585
20.0585
20.0585
20.0564
20.0564
20.0564
20.0564
20.0564
20.0545
20.0545
20.0545
20.0545
20.0545
20.0528
20.0528
20.0528
20.0528
20.0528
20.0515
20.0514
20.0514
20.0514
20.0515
20.0503
20.0503
20.0503
20.0503
20.0503
20.0494
20.0494
20.0494
20.0494
20.0494
20.0488
20.0488
20.0488
20.0488
20.0488
20.0485
20.0485
20.0485
20.0485
20.0485
20.0484
20.0484
20.0484
20.0484
20.0484
20.0486
20.0486
20.0486
20.0486
20.0486
20.0491
20.0491
20.0491
20.0491
20.0491
20.0498
20.0498
20.0498
20.0498
20.0498
20.0507
20.0507
20.0507
20.0507
20.0507
20.0519
20.0519
20.0519
20.0519
20.0519
20.0532
20.0532
20.0532
20.0532
20.0532
20.0548
20.0548
20.0548
20.0548
20.0548
20.0565
20.0564
20.0564
20.0564
20.0565
20.0583
20.0583
20.0583
20.0583
20.0583
20.0602
20.0602
20.0602
20.0602
20.0602
20.0622
20.0622
20.0622
20.0622
20.0622
20.0642
20.0642
20.0642
20.0642
20.0642
20.0663
20.0662
20.0662
20.0662
20.0663
20.0683
20.0683
20.0682
20.0683
20.0683
20.0703
20.0702
20.0702
20.0702
20.0703
20.0722
20.0722
20.0722
20.0722
20.0722
20.0741
20.074
20.074
20.074
20.0741
20.0979
20.0979
20.0979
20.0979
20.0979
20.094
20.094
20.094
20.094
20.094
20.0901
20.0901
20.0901
20.0901
20.0901
20.0863
20.0863
20.0863
20.0863
20.0863
20.0826
20.0826
20.0826
20.0826
20.0826
20.0791
20.0791
20.0791
20.0791
20.0791
20.0757
20.0757
20.0757
20.0757
20.0757
20.0724
20.0724
20.0724
20.0724
20.0724
20.0693
20.0693
20.0693
20.0693
20.0693
20.0664
20.0664
20.0664
20.0664
20.0664
20.0637
20.0637
20.0637
20.0637
20.0637
20.0612
20.0612
20.0612
20.0612
20.0612
20.0589
20.0589
20.0589
20.0589
20.0589
20.0568
20.0568
20.0568
20.0568
20.0568
20.055
20.055
20.055
20.055
20.055
20.0534
20.0535
20.0535
20.0535
20.0534
20.0521
20.0521
20.0521
20.0521
20.0521
20.0511
20.0511
20.0511
20.0511
20.0511
20.0503
20.0503
20.0503
20.0503
20.0503
20.0498
20.0498
20.0498
20.0498
20.0498
20.0496
20.0496
20.0496
20.0496
20.0496
20.0496
20.0497
20.0497
20.0497
20.0496
20.05
20.05
20.05
20.05
20.05
20.0506
20.0506
20.0506
20.0506
20.0506
20.0514
20.0514
20.0514
20.0514
20.0514
20.0525
20.0525
20.0525
20.0525
20.0525
20.0537
20.0538
20.0538
20.0538
20.0537
20.0552
20.0553
20.0552
20.0553
20.0552
20.0569
20.0569
20.0569
20.0569
20.0569
20.0587
20.0587
20.0587
20.0587
20.0587
20.0606
20.0607
20.0607
20.0607
20.0606
20.0627
20.0627
20.0627
20.0627
20.0627
20.0648
20.0648
20.0648
20.0648
20.0648
20.0669
20.0669
20.0669
20.0669
20.0669
20.069
20.069
20.069
20.069
20.069
20.0711
20.0711
20.0711
20.0711
20.0711
20.0732
20.0732
20.0732
20.0732
20.0732
20.0752
20.0752
20.0752
20.0752
20.0752
20.0771
20.0771
20.0771
20.0771
20.0771
20.0979
20.0979
20.0979
20.0979
20.0979
20.0939
20.0939
20.0939
20.0939
20.0939
20.09
20.09
20.09
20.09
20.09
20.0862
20.0862
20.0862
20.0862
20.0862
20.0825
20.0825
20.0825
20.0825
20.0825
20.079
20.079
20.079
20.079
20.079
20.0756
20.0756
20.0756
20.0756
20.0756
20.0723
20.0723
20.0723
20.0723
20.0723
20.0692
20.0692
20.0692
20.0692
20.0692
20.0663
20.0663
20.0663
20.0663
20.0663
20.0636
20.0636
20.0636
20.0636
20.0636
20.0611
20.0611
20.0611
20.0611
20.0611
20.0588
20.0588
20.0588
20.0588
20.0588
20.0567
20.0567
20.0567
20.0567
20.0567
20.0549
20.0549
20.0549
20.0549
20.0549
20.0533
20.0533
20.0533
20.0533
20.0533
20.052
20.052
20.052
20.052
20.052
20.0509
20.0509
20.0509
20.0509
20.0509
20.0502
20.0501
20.0501
20.0501
20.0502
20.0497
20.0497
20.0497
20.0497
20.0497
20.0495
20.0495
20.0495
20.0495
20.0495
20.0495
20.0495
20.0495
20.0495
20.0495
20.0499
20.0499
20.0499
20.0499
20.0499
20.0505
20.0505
20.0505
20.0505
20.0505
20.0514
20.0514
20.0514
20.0514
20.0514
20.0526
20.0526
20.0526
20.0526
20.0526
20.054
20.0539
20.0539
20.0539
20.054
20.0555
20.0555
20.0555
20.0555
20.0555
20.0573
20.0573
20.0573
20.0573
20.0573
20.0592
20.0592
20.0592
20.0592
20.0592
20.0613
20.0613
20.0613
20.0613
20.0613
20.0635
20.0634
20.0634
20.0634
20.0635
20.0657
20.0657
20.0656
20.0657
20.0657
20.0679
20.0679
20.0679
20.0679
20.0679
20.0702
20.0702
20.0702
20.0702
20.0702
20.0724
20.0724
20.0724
20.0724
20.0724
20.0746
20.0746
20.0746
20.0746
20.0746
20.0767
20.0767
20.0767
20.0767
20.0767
20.0787
20.0787
20.0787
20.0787
20.0787
20.0979
20.0979
20.0979
20.0979
20.0979
20.0939
20.0939
20.0939
20.0939
20.0939
20.09
20.09
20.09
20.09
20.09
20.0861
20.0861
20.0861
20.0861
20.0861
20.0824
20.0824
20.0824
20.0824
20.0824
20.0788
20.0788
20.0788
20.0788
20.0788
20.0754
20.0754
20.0754
20.0754
20.0754
20.0721
20.0721
20.0721
20.0721
20.0721
20.0689
20.0689
20.0689
20.0689
20.0689
20.066
20.066
20.066
20.066
20.066
20.0632
20.0632
20.0632
20.0632
20.0632
20.0606
20.0606
20.0606
20.0606
20.0606
20.0582
20.0582
20.0582
20.0582
20.0582
20.0561
20.0561
20.0561
20.0561
20.0561
20.0542
20.0542
20.0542
20.0542
20.0542
20.0526
20.0526
20.0526
20.0526
20.0526
20.0512
20.0512
20.0512
20.0512
20.0512
20.0501
20.0501
20.0501
20.0501
20.0501
20.0493
20.0493
20.0493
20.0493
20.0493
20.0488
20.0488
20.0488
20.0488
20.0488
20.0485
20.0485
20.0485
20.0485
20.0485
20.0486
20.0486
20.0486
20.0486
20.0486
20.0489
20.0489
20.0489
20.0489
20.0489
20.0496
20.0496
20.0496
20.0496
20.0496
20.0505
20.0505
20.0505
20.0505
20.0505
20.0516
20.0516
20.0516
20.0516
20.0516
20.0531
20.0531
20.0531
20.0531
20.0531
20.0547
20.0547
20.0547
20.0547
20.0547
20.0566
20.0566
20.0566
20.0566
20.0566
20.0587
20.0587
20.0587
20.0587
20.0587
20.0609
20.0609
20.0609
20.0609
20.0609
20.0632
20.0632
20.0632
20.0632
20.0632
20.0656
20.0656
20.0656
20.0656
20.0656
20.068
20.068
20.068
20.068
20.068
20.0705
20.0704
20.0704
20.0704
20.0705
20.0729
20.0729
20.0729
20.0729
20.0729
20.0752
20.0752
20.0752
20.0752
20.0752
20.0775
20.0775
20.0775
20.0775
20.0775
20.0796
20.0796
20.0796
20.0796
20.0796
20.0979
20.0979
20.0979
20.0979
20.0979
20.0938
20.0938
20.0938
20.0938
20.0938
20.0898
20.0898
20.0898
20.0898
20.0898
20.0859
20.0859
20.0859
20.0859
20.0859
20.0821
20.0821
20.0821
20.0821
20.0821
20.0785
20.0785
20.0785
20.0785
20.0785
20.075
20.075
20.075
20.075
20.075
20.0716
20.0716
20.0716
20.0716
20.0716
20.0684
20.0684
20.0684
20.0684
20.0684
20.0654
20.0654
20.0654
20.0654
20.0654
20.0625
20.0625
20.0625
20.0625
20.0625
20.0598
20.0598
20.0598
20.0598
20.0598
20.0574
20.0574
20.0574
20.0574
20.0574
20.0551
20.0551
20.0551
20.0551
20.0551
20.0531
20.0531
20.0531
20.0531
20.0531
20.0514
20.0514
20.0514
20.0514
20.0514
20.0499
20.0499
20.0499
20.0499
20.0499
20.0486
20.0486
20.0486
20.0486
20.0486
20.0477
20.0477
20.0477
20.0477
20.0477
20.047
20.047
20.047
20.047
20.047
20.0466
20.0466
20.0466
20.0466
20.0466
20.0466
20.0466
20.0466
20.0466
20.0466
20.0468
20.0468
20.0468
20.0468
20.0468
20.0474
20.0474
20.0474
20.0474
20.0474
20.0482
20.0482
20.0482
20.0482
20.0482
20.0494
20.0494
20.0494
20.0494
20.0494
20.0508
20.0508
20.0508
20.0508
20.0508
20.0524
20.0524
20.0524
20.0524
20.0524
20.0543
20.0543
20.0543
20.0543
20.0543
20.0565
20.0565
20.0565
20.0565
20.0565
20.0588
20.0588
20.0588
20.0588
20.0588
20.0612
20.0612
20.0612
20.0612
20.0612
20.0637
20.0637
20.0637
20.0637
20.0637
20.0664
20.0664
20.0663
20.0664
20.0664
20.069
20.069
20.069
20.069
20.069
20.0716
20.0716
20.0716
20.0716
20.0716
20.0742
20.0742
20.0741
20.0742
20.0742
20.0766
20.0766
20.0766
20.0766
20.0766
20.079
20.0789
20.0789
20.0789
20.079
20.0979
20.0979
20.0979
20.0979
20.0979
20.0937
20.0937
20.0937
20.0937
20.0937
20.0896
20.0896
20.0896
20.0896
20.0896
20.0857
20.0857
20.0857
20.0857
20.0857
20.0818
20.0818
20.0818
20.0818
20.0818
20.0781
20.0781
20.0781
20.0781
20.0781
20.0745
20.0745
20.0745
20.0745
20.0745
20.071
20.071
20.071
20.071
20.071
20.0677
20.0677
20.0677
20.0677
20.0677
20.0646
20.0646
20.0646
20.0646
20.0646
20.0616
20.0616
20.0616
20.0616
20.0616
20.0588
20.0588
20.0588
20.0588
20.0588
20.0562
20.0562
20.0562
20.0562
20.0562
20.0538
20.0538
20.0538
20.0538
20.0538
20.0516
20.0516
20.0516
20.0516
20.0516
20.0496
20.0496
20.0496
20.0496
20.0496
20.0479
20.0479
20.0479
20.0479
20.0479
20.0465
20.0465
20.0465
20.0465
20.0465
20.0453
20.0453
20.0453
20.0453
20.0453
20.0445
20.0445
20.0445
20.0445
20.0445
20.0439
20.0439
20.0439
20.0439
20.0439
20.0436
20.0436
20.0436
20.0436
20.0436
20.0436
20.0436
20.0436
20.0436
20.0436
20.044
20.044
20.044
20.044
20.044
20.0447
20.0447
20.0447
20.0447
20.0447
20.0456
20.0456
20.0456
20.0456
20.0456
20.0469
20.0469
20.0469
20.0469
20.0469
20.0485
20.0485
20.0485
20.0485
20.0485
20.0504
20.0504
20.0504
20.0504
20.0504
20.0525
20.0525
20.0524
20.0525
20.0525
20.0548
20.0548
20.0548
20.0548
20.0548
20.0573
20.0573
20.0572
20.0573
20.0573
20.0599
20.0599
20.0599
20.0599
20.0599
20.0626
20.0626
20.0626
20.0626
20.0626
20.0654
20.0654
20.0654
20.0654
20.0654
20.0682
20.0682
20.0682
20.0682
20.0682
20.0709
20.0709
20.0709
20.0709
20.0709
20.0736
20.0736
20.0736
20.0736
20.0736
20.0761
20.0761
20.0761
20.0761
20.0761
20.0978
20.0978
20.0978
20.0978
20.0978
20.0936
20.0936
20.0936
20.0936
20.0936
20.0894
20.0894
20.0894
20.0894
20.0894
20.0854
20.0854
20.0854
20.0854
20.0854
20.0814
20.0814
20.0814
20.0814
20.0814
20.0776
20.0776
20.0776
20.0776
20.0776
20.0739
20.0739
20.0739
20.0739
20.0739
20.0703
20.0703
20.0703
20.0703
20.0703
20.0669
20.0669
20.0669
20.0669
20.0669
20.0636
20.0636
20.0636
20.0636
20.0636
20.0605
20.0605
20.0605
20.0605
20.0605
20.0575
20.0575
20.0575
20.0575
20.0575
20.0547
20.0547
20.0547
20.0547
20.0547
20.0521
20.0521
20.0521
20.0521
20.0521
20.0497
20.0497
20.0497
20.0497
20.0497
20.0475
20.0475
20.0475
20.0475
20.0475
20.0455
20.0455
20.0455
20.0455
20.0455
20.0438
20.0438
20.0438
20.0438
20.0438
20.0424
20.0424
20.0424
20.0424
20.0424
20.0412
20.0412
20.0412
20.0412
20.0412
20.0403
20.0403
20.0403
20.0403
20.0403
20.0397
20.0397
20.0397
20.0397
20.0397
20.0394
20.0394
20.0394
20.0394
20.0394
20.0395
20.0395
20.0395
20.0395
20.0395
20.0399
20.0399
20.0399
20.0399
20.0399
20.0406
20.0406
20.0406
20.0406
20.0406
20.0416
20.0416
20.0416
20.0416
20.0416
20.0429
20.0429
20.0429
20.0429
20.0429
20.0446
20.0446
20.0446
20.0446
20.0446
20.0465
20.0465
20.0465
20.0465
20.0465
20.0488
20.0487
20.0487
20.0487
20.0488
20.0512
20.0512
20.0512
20.0512
20.0512
20.0538
20.0538
20.0538
20.0538
20.0538
20.0566
20.0565
20.0565
20.0565
20.0566
20.0594
20.0594
20.0594
20.0594
20.0594
20.0623
20.0623
20.0623
20.0623
20.0623
20.0651
20.0651
20.0651
20.0651
20.0651
20.0679
20.0679
20.0679
20.0679
20.0679
20.0706
20.0706
20.0706
20.0706
20.0706
20.0978
20.0978
20.0978
20.0978
20.0978
20.0935
20.0935
20.0935
20.0935
20.0935
20.0892
20.0892
20.0892
20.0892
20.0892
20.0851
20.0851
20.0851
20.0851
20.0851
20.081
20.081
20.081
20.081
20.081
20.0771
20.0771
20.0771
20.0771
20.0771
20.0733
20.0733
20.0733
20.0733
20.0733
20.0696
20.0696
20.0696
20.0696
20.0696
20.066
20.066
20.066
20.066
20.066
20.0625
20.0625
20.0625
20.0625
20.0625
20.0592
20.0592
20.0592
20.0592
20.0592
20.056
20.056
20.056
20.056
20.056
20.053
20.053
20.053
20.053
20.053
20.0502
20.0502
20.0502
20.0502
20.0502
20.0475
20.0475
20.0475
20.0475
20.0475
20.045
20.045
20.045
20.045
20.045
20.0427
20.0427
20.0427
20.0427
20.0427
20.0407
20.0407
20.0407
20.0407
20.0407
20.0389
20.0389
20.0389
20.0389
20.0389
20.0373
20.0373
20.0373
20.0373
20.0373
20.036
20.036
20.036
20.036
20.036
20.035
20.035
20.035
20.035
20.035
20.0343
20.0343
20.0343
20.0343
20.0343
20.0339
20.0339
20.0339
20.0339
20.0339
20.0338
20.0338
20.0338
20.0338
20.0338
20.0341
20.0341
20.0341
20.0341
20.0341
20.0347
20.0347
20.0347
20.0347
20.0347
20.0357
20.0357
20.0357
20.0357
20.0357
20.037
20.037
20.037
20.037
20.037
20.0386
20.0386
20.0386
20.0386
20.0386
20.0406
20.0406
20.0406
20.0406
20.0406
20.0428
20.0428
20.0428
20.0428
20.0428
20.0452
20.0452
20.0452
20.0452
20.0452
20.0479
20.0479
20.0479
20.0479
20.0479
20.0507
20.0507
20.0507
20.0507
20.0507
20.0536
20.0535
20.0535
20.0535
20.0536
20.0565
20.0565
20.0565
20.0565
20.0565
20.0594
20.0593
20.0593
20.0593
20.0594
20.0622
20.0621
20.0621
20.0621
20.0622
20.0978
20.0977
20.0977
20.0977
20.0978
20.0933
20.0933
20.0933
20.0933
20.0933
20.089
20.089
20.089
20.089
20.089
20.0847
20.0847
20.0847
20.0847
20.0847
20.0806
20.0806
20.0806
20.0806
20.0806
20.0765
20.0765
20.0765
20.0765
20.0765
20.0726
20.0726
20.0726
20.0726
20.0726
20.0687
20.0687
20.0687
20.0687
20.0687
20.065
20.065
20.065
20.065
20.065
20.0613
20.0613
20.0613
20.0613
20.0613
20.0578
20.0578
20.0578
20.0578
20.0578
20.0544
20.0544
20.0544
20.0544
20.0544
20.0512
20.0512
20.0512
20.0512
20.0512
20.0481
20.0481
20.0481
20.0481
20.0481
20.0451
20.0451
20.0451
20.0451
20.0451
20.0423
20.0423
20.0423
20.0423
20.0423
20.0396
20.0396
20.0396
20.0396
20.0396
20.0372
20.0372
20.0372
20.0372
20.0372
20.0349
20.0349
20.0349
20.0349
20.0349
20.0329
20.0329
20.0329
20.0329
20.0329
20.0311
20.0311
20.0311
20.0311
20.0311
20.0295
20.0295
20.0295
20.0295
20.0295
20.0283
20.0283
20.0283
20.0283
20.0283
20.0273
20.0273
20.0273
20.0273
20.0273
20.0266
20.0267
20.0267
20.0267
20.0266
20.0263
20.0263
20.0263
20.0263
20.0263
20.0264
20.0264
20.0264
20.0264
20.0264
20.0267
20.0267
20.0267
20.0267
20.0267
20.0275
20.0275
20.0275
20.0275
20.0275
20.0286
20.0286
20.0286
20.0286
20.0286
20.03
20.03
20.03
20.03
20.03
20.0318
20.0318
20.0318
20.0318
20.0318
20.0339
20.0339
20.0339
20.0339
20.0339
20.0363
20.0363
20.0363
20.0363
20.0363
20.0388
20.0388
20.0388
20.0388
20.0388
20.0416
20.0415
20.0415
20.0415
20.0416
20.0444
20.0444
20.0444
20.0444
20.0444
20.0473
20.0472
20.0472
20.0472
20.0473
20.0501
20.0501
20.0501
20.0501
20.0501
20.0977
20.0977
20.0977
20.0977
20.0977
20.0932
20.0932
20.0932
20.0932
20.0932
20.0887
20.0887
20.0887
20.0887
20.0887
20.0844
20.0844
20.0844
20.0844
20.0844
20.0801
20.0801
20.0801
20.0801
20.0801
20.0759
20.0759
20.0759
20.0759
20.0759
20.0718
20.0718
20.0718
20.0718
20.0718
20.0678
20.0678
20.0678
20.0678
20.0678
20.0639
20.0639
20.0639
20.0639
20.0639
20.0601
20.0601
20.0601
20.0601
20.0601
20.0564
20.0564
20.0564
20.0564
20.0564
20.0528
20.0528
20.0528
20.0528
20.0528
20.0492
20.0492
20.0492
20.0492
20.0492
20.0458
20.0458
20.0458
20.0458
20.0458
20.0425
20.0425
20.0425
20.0425
20.0425
20.0393
20.0393
20.0393
20.0393
20.0393
20.0362
20.0362
20.0362
20.0362
20.0362
20.0333
20.0333
20.0333
20.0333
20.0333
20.0305
20.0305
20.0305
20.0305
20.0305
20.0279
20.0279
20.0279
20.0279
20.0279
20.0255
20.0255
20.0255
20.0255
20.0255
20.0233
20.0234
20.0234
20.0234
20.0233
20.0214
20.0214
20.0214
20.0214
20.0214
20.0197
20.0197
20.0197
20.0197
20.0197
20.0183
20.0183
20.0183
20.0183
20.0183
20.0172
20.0172
20.0172
20.0172
20.0172
20.0164
20.0164
20.0164
20.0164
20.0164
20.0159
20.0159
20.0159
20.0159
20.0159
20.0159
20.0159
20.0159
20.0159
20.0159
20.0162
20.0162
20.0162
20.0162
20.0162
20.0169
20.0169
20.0169
20.0169
20.0169
20.018
20.018
20.018
20.018
20.018
20.0194
20.0194
20.0194
20.0194
20.0194
20.0212
20.0212
20.0212
20.0212
20.0212
20.0233
20.0233
20.0233
20.0233
20.0233
20.0257
20.0257
20.0257
20.0257
20.0257
20.0284
20.0283
20.0283
20.0283
20.0284
20.0311
20.0311
20.0311
20.0311
20.0311
20.034
20.034
20.034
20.034
20.034
20.0977
20.0977
20.0977
20.0977
20.0977
20.093
20.093
20.093
20.093
20.093
20.0885
20.0885
20.0885
20.0885
20.0885
20.084
20.084
20.084
20.084
20.084
20.0796
20.0796
20.0796
20.0796
20.0796
20.0753
20.0753
20.0753
20.0753
20.0753
20.0711
20.0711
20.0711
20.0711
20.0711
20.067
20.067
20.067
20.067
20.067
20.0629
20.0629
20.0629
20.0629
20.0629
20.0589
20.0589
20.0589
20.0589
20.0589
20.0549
20.0549
20.0549
20.0549
20.0549
20.051
20.051
20.051
20.051
20.051
20.0472
20.0472
20.0472
20.0472
20.0472
20.0434
20.0435
20.0434
20.0435
20.0434
20.0398
20.0398
20.0398
20.0398
20.0398
20.0362
20.0362
20.0362
20.0362
20.0362
20.0326
20.0326
20.0326
20.0326
20.0326
20.0292
20.0292
20.0292
20.0292
20.0292
20.0258
20.0259
20.0259
20.0259
20.0258
20.0226
20.0226
20.0226
20.0226
20.0226
20.0195
20.0195
20.0195
20.0195
20.0195
20.0165
20.0166
20.0166
20.0166
20.0165
20.0138
20.0138
20.0138
20.0138
20.0138
20.0111
20.0112
20.0112
20.0112
20.0111
20.0088
20.0088
20.0088
20.0088
20.0088
20.0066
20.0066
20.0066
20.0066
20.0066
20.0048
20.0048
20.0048
20.0048
20.0048
20.0032
20.0032
20.0032
20.0032
20.0032
20.002
20.002
20.002
20.002
20.002
20.0012
20.0012
20.0012
20.0012
20.0012
20.0007
20.0007
20.0007
20.0007
20.0007
20.0007
20.0007
20.0007
20.0007
20.0007
20.0011
20.0011
20.0011
20.0011
20.0011
20.0019
20.0019
20.0019
20.0019
20.0019
20.0032
20.0031
20.0031
20.0031
20.0032
20.0048
20.0048
20.0048
20.0048
20.0048
20.0068
20.0067
20.0067
20.0067
20.0068
20.0091
20.009
20.009
20.009
20.0091
20.0117
20.0115
20.0115
20.0115
20.0117
20.0976
20.0976
20.0976
20.0976
20.0976
20.0929
20.0929
20.0929
20.0929
20.0929
20.0882
20.0882
20.0882
20.0882
20.0882
20.0837
20.0837
20.0837
20.0837
20.0837
20.0792
20.0792
20.0792
20.0792
20.0792
20.0747
20.0747
20.0747
20.0747
20.0747
20.0704
20.0704
20.0704
20.0704
20.0704
20.0661
20.0661
20.0661
20.0661
20.0661
20.0618
20.0618
20.0618
20.0618
20.0618
20.0576
20.0576
20.0576
20.0576
20.0576
20.0534
20.0534
20.0534
20.0534
20.0534
20.0493
20.0493
20.0493
20.0493
20.0493
20.0452
20.0452
20.0452
20.0452
20.0452
20.0411
20.0411
20.0411
20.0411
20.0411
20.037
20.037
20.037
20.037
20.037
20.033
20.033
20.033
20.033
20.033
20.0289
20.0289
20.0289
20.0289
20.0289
20.0249
20.0249
20.0249
20.0249
20.0249
20.021
20.021
20.021
20.021
20.021
20.017
20.017
20.017
20.017
20.017
20.0131
20.0131
20.0131
20.0131
20.0131
20.0092
20.0093
20.0093
20.0093
20.0092
20.0055
20.0055
20.0055
20.0055
20.0055
20.0018
20.0018
20.0018
20.0018
20.0018
19.9982
19.9982
19.9982
19.9982
19.9982
19.9947
19.9948
19.9948
19.9948
19.9947
19.9915
19.9915
19.9915
19.9915
19.9915
19.9884
19.9885
19.9885
19.9885
19.9884
19.9857
19.9857
19.9857
19.9857
19.9857
19.9832
19.9832
19.9832
19.9832
19.9832
19.9811
19.9811
19.9811
19.9811
19.9811
19.9794
19.9794
19.9794
19.9794
19.9794
19.9782
19.9782
19.9782
19.9782
19.9782
19.9776
19.9776
19.9776
19.9776
19.9776
19.9775
19.9775
19.9775
19.9775
19.9775
19.9781
19.9781
19.9782
19.9781
19.9781
19.9794
19.9795
19.9795
19.9795
19.9794
19.9815
19.9816
19.9817
19.9816
19.9815
19.9843
19.9845
19.9846
19.9845
19.9843
20.0976
20.0976
20.0976
20.0976
20.0976
20.0927
20.0927
20.0927
20.0927
20.0927
20.088
20.088
20.088
20.088
20.088
20.0833
20.0833
20.0833
20.0833
20.0833
20.0787
20.0787
20.0787
20.0787
20.0787
20.0742
20.0742
20.0742
20.0742
20.0742
20.0697
20.0697
20.0697
20.0697
20.0697
20.0652
20.0652
20.0652
20.0652
20.0652
20.0608
20.0608
20.0608
20.0608
20.0608
20.0564
20.0564
20.0564
20.0564
20.0564
20.052
20.052
20.052
20.052
20.052
20.0476
20.0476
20.0476
20.0476
20.0476
20.0432
20.0432
20.0432
20.0432
20.0432
20.0387
20.0387
20.0387
20.0387
20.0387
20.0343
20.0343
20.0343
20.0343
20.0343
20.0298
20.0298
20.0298
20.0298
20.0298
20.0252
20.0252
20.0252
20.0252
20.0252
20.0206
20.0207
20.0206
20.0207
20.0206
20.016
20.016
20.016
20.016
20.016
20.0113
20.0113
20.0113
20.0113
20.0113
20.0065
20.0065
20.0065
20.0065
20.0065
20.0016
20.0016
20.0016
20.0016
20.0016
19.9967
19.9967
19.9967
19.9967
19.9967
19.9917
19.9917
19.9917
19.9917
19.9917
19.9867
19.9867
19.9867
19.9867
19.9867
19.9817
19.9817
19.9817
19.9817
19.9817
19.9766
19.9767
19.9767
19.9767
19.9766
19.9717
19.9717
19.9717
19.9717
19.9717
19.9668
19.9668
19.9668
19.9668
19.9668
19.9621
19.9621
19.9621
19.9621
19.9621
19.9575
19.9576
19.9576
19.9576
19.9575
19.9533
19.9534
19.9534
19.9534
19.9533
19.9495
19.9495
19.9495
19.9495
19.9495
19.9461
19.9461
19.9461
19.9461
19.9461
19.9433
19.9432
19.9432
19.9432
19.9433
19.9411
19.9408
19.9408
19.9408
19.9411
19.9395
19.9391
19.9391
19.9391
19.9395
19.9388
19.9382
19.9381
19.9382
19.9388
19.9392
19.9384
19.9384
19.9384
19.9392
20.0975
20.0976
20.0976
20.0976
20.0975
20.0926
20.0926
20.0926
20.0926
20.0926
20.0878
20.0878
20.0878
20.0878
20.0878
20.083
20.083
20.083
20.083
20.083
20.0783
20.0783
20.0783
20.0783
20.0783
20.0736
20.0736
20.0736
20.0736
20.0736
20.069
20.069
20.069
20.069
20.069
20.0644
20.0644
20.0644
20.0644
20.0644
20.0598
20.0598
20.0598
20.0598
20.0598
20.0552
20.0552
20.0552
20.0552
20.0552
20.0506
20.0506
20.0506
20.0506
20.0506
20.046
20.046
20.046
20.046
20.046
20.0413
20.0413
20.0413
20.0413
20.0413
20.0366
20.0365
20.0365
20.0365
20.0366
20.0317
20.0317
20.0317
20.0317
20.0317
20.0268
20.0268
20.0268
20.0268
20.0268
20.0217
20.0217
20.0217
20.0217
20.0217
20.0165
20.0165
20.0165
20.0165
20.0165
20.0112
20.0112
20.0112
20.0112
20.0112
20.0056
20.0056
20.0056
20.0056
20.0056
19.9999
19.9999
19.9999
19.9999
19.9999
19.9939
19.9939
19.9939
19.9939
19.9939
19.9878
19.9878
19.9878
19.9878
19.9878
19.9813
19.9813
19.9813
19.9813
19.9813
19.9746
19.9747
19.9747
19.9747
19.9746
19.9677
19.9677
19.9677
19.9677
19.9677
19.9605
19.9605
19.9605
19.9605
19.9605
19.9531
19.9531
19.9531
19.9531
19.9531
19.9454
19.9455
19.9455
19.9455
19.9454
19.9376
19.9377
19.9377
19.9377
19.9376
19.9297
19.9298
19.9298
19.9298
19.9297
19.9219
19.922
19.922
19.922
19.9219
19.9142
19.9144
19.9144
19.9144
19.9142
19.9071
19.9073
19.9074
19.9073
19.9071
19.9008
19.9012
19.9012
19.9012
19.9008
19.8959
19.8965
19.8965
19.8965
19.8959
19.893
19.8938
19.8939
19.8938
19.893
19.8927
19.8937
19.8938
19.8937
19.8927
19.8956
19.8969
19.8969
19.8969
19.8956
20.0975
20.0975
20.0975
20.0975
20.0975
20.0925
20.0925
20.0925
20.0925
20.0925
20.0876
20.0876
20.0876
20.0876
20.0876
20.0827
20.0827
20.0827
20.0827
20.0827
20.0779
20.0779
20.0779
20.0779
20.0779
20.0732
20.0732
20.0732
20.0732
20.0732
20.0685
20.0685
20.0685
20.0685
20.0685
20.0637
20.0637
20.0637
20.0637
20.0637
20.059
20.059
20.059
20.059
20.059
20.0543
20.0543
20.0543
20.0543
20.0543
20.0495
20.0495
20.0495
20.0495
20.0495
20.0446
20.0446
20.0446
20.0446
20.0446
20.0397
20.0397
20.0397
20.0397
20.0397
20.0346
20.0346
20.0346
20.0346
20.0346
20.0294
20.0294
20.0294
20.0294
20.0294
20.0241
20.0241
20.0241
20.0241
20.0241
20.0185
20.0185
20.0185
20.0185
20.0185
20.0128
20.0127
20.0127
20.0127
20.0128
20.0067
20.0067
20.0067
20.0067
20.0067
20.0004
20.0004
20.0004
20.0004
20.0004
19.9937
19.9937
19.9937
19.9937
19.9937
19.9866
19.9866
19.9866
19.9866
19.9866
19.9791
19.9791
19.9791
19.9791
19.9791
19.9711
19.9711
19.9711
19.9711
19.9711
19.9626
19.9626
19.9626
19.9626
19.9626
19.9534
19.9535
19.9535
19.9535
19.9534
19.9437
19.9437
19.9437
19.9437
19.9437
19.9332
19.9332
19.9332
19.9332
19.9332
19.922
19.922
19.922
19.922
19.922
19.91
19.9101
19.9101
19.9101
19.91
19.8973
19.8974
19.8974
19.8974
19.8973
19.884
19.884
19.884
19.884
19.884
19.8699
19.8699
19.8699
19.8699
19.8699
19.8552
19.855
19.855
19.855
19.8552
19.8397
19.8393
19.8392
19.8393
19.8397
19.8232
19.8223
19.8222
19.8223
19.8232
19.8056
19.8041
19.804
19.8041
19.8056
19.7877
19.7855
19.7855
19.7855
19.7877
19.7729
19.7701
19.7702
19.7701
19.7729
20.0975
20.0975
20.0975
20.0975
20.0975
20.0924
20.0924
20.0924
20.0924
20.0924
20.0874
20.0874
20.0874
20.0874
20.0874
20.0825
20.0825
20.0825
20.0825
20.0825
20.0777
20.0777
20.0777
20.0777
20.0777
20.0728
20.0728
20.0728
20.0728
20.0728
20.068
20.068
20.068
20.068
20.068
20.0632
20.0632
20.0632
20.0632
20.0632
20.0584
20.0584
20.0584
20.0584
20.0584
20.0535
20.0535
20.0535
20.0535
20.0535
20.0486
20.0485
20.0485
20.0485
20.0486
20.0435
20.0435
20.0435
20.0435
20.0435
20.0384
20.0384
20.0384
20.0384
20.0384
20.0331
20.0331
20.0331
20.0331
20.0331
20.0276
20.0276
20.0276
20.0276
20.0276
20.0219
20.0219
20.0219
20.0219
20.0219
20.016
20.0159
20.0159
20.0159
20.016
20.0097
20.0097
20.0097
20.0097
20.0097
20.0031
20.0031
20.003
20.0031
20.0031
19.996
19.996
19.996
19.996
19.996
19.9885
19.9885
19.9885
19.9885
19.9885
19.9804
19.9803
19.9803
19.9803
19.9804
19.9716
19.9716
19.9716
19.9716
19.9716
19.962
19.962
19.962
19.962
19.962
19.9516
19.9516
19.9516
19.9516
19.9516
19.9401
19.9401
19.9401
19.9401
19.9401
19.9274
19.9274
19.9274
19.9274
19.9274
19.9134
19.9135
19.9135
19.9135
19.9134
19.8979
19.898
19.898
19.898
19.8979
19.8807
19.8808
19.8808
19.8808
19.8807
19.8617
19.8619
19.8619
19.8619
19.8617
19.8408
19.8411
19.8411
19.8411
19.8408
19.8181
19.8185
19.8186
19.8185
19.8181
19.794
19.7948
19.7948
19.7948
19.794
19.7697
19.7709
19.771
19.7709
19.7697
19.747
19.7489
19.749
19.7489
19.747
19.7285
19.7314
19.7315
19.7314
19.7285
19.7136
19.7169
19.717
19.7169
19.7136
19.7109
19.7146
19.7146
19.7146
19.7109
20.0975
20.0975
20.0975
20.0975
20.0975
20.0924
20.0924
20.0924
20.0924
20.0924
20.0873
20.0873
20.0873
20.0873
20.0873
20.0824
20.0824
20.0824
20.0824
20.0824
20.0775
20.0775
20.0775
20.0775
20.0775
20.0726
20.0726
20.0726
20.0726
20.0726
20.0677
20.0677
20.0677
20.0677
20.0677
20.0629
20.0629
20.0629
20.0629
20.0629
20.058
20.058
20.058
20.058
20.058
20.053
20.053
20.053
20.053
20.053
20.048
20.048
20.048
20.048
20.048
20.0428
20.0428
20.0428
20.0428
20.0428
20.0376
20.0376
20.0375
20.0376
20.0376
20.0321
20.0321
20.0321
20.0321
20.0321
20.0264
20.0264
20.0264
20.0264
20.0264
20.0205
20.0205
20.0205
20.0205
20.0205
20.0143
20.0143
20.0143
20.0143
20.0143
20.0077
20.0077
20.0077
20.0077
20.0077
20.0006
20.0006
20.0006
20.0006
20.0006
19.9931
19.993
19.993
19.993
19.9931
19.9849
19.9848
19.9848
19.9848
19.9849
19.9759
19.9759
19.9759
19.9759
19.9759
19.9661
19.9661
19.9661
19.9661
19.9661
19.9553
19.9552
19.9552
19.9552
19.9553
19.9432
19.9431
19.9431
19.9431
19.9432
19.9295
19.9295
19.9295
19.9295
19.9295
19.9141
19.9141
19.9141
19.9141
19.9141
19.8966
19.8966
19.8966
19.8966
19.8966
19.8764
19.8764
19.8764
19.8764
19.8764
19.8531
19.8531
19.8531
19.8531
19.8531
19.826
19.8261
19.8261
19.8261
19.826
19.7944
19.7945
19.7945
19.7945
19.7944
19.7573
19.7574
19.7574
19.7574
19.7573
19.7134
19.7134
19.7134
19.7134
19.7134
19.6606
19.6601
19.66
19.6601
19.6606
19.5947
19.5932
19.593
19.5932
19.5947
19.5062
19.5032
19.503
19.5032
19.5062
19.3933
19.3896
19.3895
19.3896
19.3933
19.2515
19.2458
19.2458
19.2458
19.2515
20.0975
20.0975
20.0975
20.0975
20.0975
20.0923
20.0923
20.0923
20.0923
20.0923
20.0873
20.0873
20.0873
20.0873
20.0873
20.0823
20.0823
20.0823
20.0823
20.0823
20.0774
20.0774
20.0774
20.0774
20.0774
20.0725
20.0725
20.0725
20.0725
20.0725
20.0676
20.0676
20.0676
20.0676
20.0676
20.0627
20.0627
20.0627
20.0627
20.0627
20.0578
20.0578
20.0578
20.0578
20.0578
20.0528
20.0528
20.0528
20.0528
20.0528
20.0478
20.0478
20.0477
20.0478
20.0478
20.0426
20.0426
20.0426
20.0426
20.0426
20.0373
20.0372
20.0372
20.0372
20.0373
20.0317
20.0317
20.0317
20.0317
20.0317
20.026
20.026
20.026
20.026
20.026
20.02
20.0199
20.0199
20.0199
20.02
20.0136
20.0136
20.0136
20.0136
20.0136
20.0069
20.0068
20.0068
20.0068
20.0069
19.9996
19.9996
19.9996
19.9996
19.9996
19.9918
19.9917
19.9917
19.9917
19.9918
19.9833
19.9832
19.9832
19.9832
19.9833
19.9739
19.9738
19.9738
19.9738
19.9739
19.9635
19.9634
19.9634
19.9634
19.9635
19.9518
19.9517
19.9517
19.9517
19.9518
19.9387
19.9385
19.9385
19.9385
19.9387
19.9236
19.9234
19.9234
19.9234
19.9236
19.9062
19.9059
19.9059
19.9059
19.9062
19.8857
19.8854
19.8854
19.8854
19.8857
19.8615
19.8611
19.8612
19.8611
19.8615
19.8324
19.832
19.832
19.832
19.8324
19.797
19.7965
19.7966
19.7965
19.797
19.7534
19.753
19.7531
19.753
19.7534
19.6992
19.699
19.6992
19.699
19.6992
19.6319
19.6322
19.6324
19.6322
19.6319
19.5506
19.5523
19.5525
19.5523
19.5506
19.4574
19.4608
19.461
19.4608
19.4574
19.3687
19.3757
19.3759
19.3757
19.3687
19.2553
19.2613
19.2612
19.2613
19.2553
19.2094
19.2236
19.2237
19.2236
19.2094
20.0975
20.0975
20.0975
20.0975
20.0975
20.0924
20.0924
20.0924
20.0924
20.0924
20.0873
20.0873
20.0873
20.0873
20.0873
20.0824
20.0824
20.0824
20.0824
20.0824
20.0775
20.0775
20.0775
20.0775
20.0775
20.0726
20.0726
20.0726
20.0726
20.0726
20.0678
20.0678
20.0678
20.0678
20.0678
20.0629
20.0629
20.0629
20.0629
20.0629
20.058
20.058
20.058
20.058
20.058
20.0531
20.0531
20.0531
20.0531
20.0531
20.0481
20.0481
20.0481
20.0481
20.0481
20.043
20.043
20.043
20.043
20.043
20.0377
20.0377
20.0377
20.0377
20.0377
20.0323
20.0323
20.0323
20.0323
20.0323
20.0267
20.0267
20.0267
20.0267
20.0267
20.0208
20.0208
20.0208
20.0208
20.0208
20.0146
20.0146
20.0146
20.0146
20.0146
20.008
20.008
20.008
20.008
20.008
20.001
20.001
20.001
20.001
20.001
19.9934
19.9934
19.9934
19.9934
19.9934
19.9852
19.9852
19.9852
19.9852
19.9852
19.9762
19.9762
19.9762
19.9762
19.9762
19.9662
19.9662
19.9662
19.9662
19.9662
19.955
19.955
19.955
19.955
19.955
19.9423
19.9423
19.9423
19.9423
19.9423
19.9277
19.9277
19.9277
19.9277
19.9277
19.9108
19.9108
19.9108
19.9108
19.9108
19.8907
19.8907
19.8907
19.8907
19.8907
19.8666
19.8665
19.8666
19.8665
19.8666
19.8368
19.8368
19.8368
19.8368
19.8368
19.7992
19.7991
19.7992
19.7991
19.7992
19.7503
19.7502
19.7503
19.7502
19.7503
19.6846
19.6843
19.6845
19.6843
19.6846
19.5921
19.5916
19.5918
19.5916
19.5921
19.4532
19.4523
19.4525
19.4523
19.4532
19.2309
19.23
19.2301
19.23
19.2309
18.8192
18.8184
18.8182
18.8184
18.8192
18.1101
18.1126
18.1114
18.1126
18.1101
16.5584
16.5506
16.5481
16.5506
16.5584
20.0801
20.0801
20.0801
20.0801
20.0801
20.083
20.083
20.083
20.083
20.083
20.0848
20.0848
20.0848
20.0848
20.0848
20.0861
20.0861
20.0861
20.0861
20.0861
20.0859
20.0859
20.0859
20.0859
20.0859
20.0837
20.0836
20.0836
20.0836
20.0837
20.0788
20.0788
20.0788
20.0788
20.0788
20.0709
20.0708
20.0708
20.0708
20.0709
20.0593
20.0592
20.0592
20.0592
20.0593
20.0439
20.0439
20.0439
20.0439
20.0439
20.0222
20.022
20.022
20.022
20.0222
19.9978
19.9981
19.9981
19.9981
19.9978
19.9544
19.9536
19.9536
19.9536
19.9544
19.9223
19.9235
19.9235
19.9235
19.9223
19.8148
19.8125
19.8126
19.8125
19.8148
19.7646
19.7669
19.767
19.7669
19.7646
19.4416
19.4394
19.4397
19.4394
19.4416
18.9824
18.9824
18.9828
18.9824
18.9824
16.4633
16.4609
16.459
16.4609
16.4633
20.0787
20.0787
20.0787
20.0787
20.0787
20.0817
20.0817
20.0817
20.0817
20.0817
20.0834
20.0834
20.0834
20.0834
20.0834
20.0847
20.0847
20.0847
20.0847
20.0847
20.0844
20.0844
20.0844
20.0844
20.0844
20.082
20.082
20.082
20.082
20.082
20.077
20.077
20.077
20.077
20.077
20.0689
20.0689
20.0689
20.0689
20.0689
20.0572
20.0571
20.0571
20.0571
20.0572
20.0416
20.0416
20.0417
20.0416
20.0416
20.0195
20.0193
20.0193
20.0193
20.0195
19.9944
19.9946
19.9947
19.9946
19.9944
19.9488
19.9479
19.9479
19.9479
19.9488
19.9145
19.9156
19.9157
19.9156
19.9145
19.7952
19.7928
19.793
19.7928
19.7952
19.7242
19.725
19.7251
19.725
19.7242
19.3592
19.3596
19.3598
19.3596
19.3592
18.4585
18.4566
18.4574
18.4566
18.4585
17.4236
17.4527
17.4518
17.4527
17.4236
20.0772
20.0772
20.0772
20.0772
20.0772
20.0803
20.0803
20.0803
20.0803
20.0803
20.082
20.082
20.0819
20.082
20.082
20.0832
20.0831
20.0831
20.0831
20.0832
20.0828
20.0827
20.0827
20.0827
20.0828
20.0802
20.0802
20.0802
20.0802
20.0802
20.0751
20.075
20.075
20.075
20.0751
20.0669
20.0669
20.0668
20.0669
20.0669
20.055
20.0549
20.0549
20.0549
20.055
20.0392
20.0392
20.0392
20.0392
20.0392
20.0168
20.0166
20.0166
20.0166
20.0168
19.9909
19.9912
19.9913
19.9912
19.9909
19.9442
19.9432
19.9432
19.9432
19.9442
19.9076
19.9089
19.9089
19.9089
19.9076
19.7784
19.7757
19.7759
19.7757
19.7784
19.7136
19.7152
19.7152
19.7152
19.7136
19.2687
19.2674
19.2677
19.2674
19.2687
18.4107
18.4087
18.4094
18.4087
18.4107
16.6063
16.6312
16.6302
16.6312
16.6063
20.0757
20.0757
20.0757
20.0757
20.0757
20.0788
20.0788
20.0788
20.0788
20.0788
20.0804
20.0804
20.0804
20.0804
20.0804
20.0815
20.0815
20.0815
20.0815
20.0815
20.081
20.081
20.081
20.081
20.081
20.0783
20.0783
20.0783
20.0783
20.0783
20.073
20.073
20.073
20.073
20.073
20.0647
20.0646
20.0646
20.0646
20.0647
20.0527
20.0526
20.0526
20.0526
20.0527
20.0367
20.0367
20.0368
20.0367
20.0367
20.0143
20.0141
20.0141
20.0141
20.0143
19.9876
19.9879
19.9879
19.9879
19.9876
19.9409
19.94
19.94
19.94
19.9409
19.9014
19.9028
19.9028
19.9028
19.9014
19.7695
19.7666
19.7667
19.7666
19.7695
19.7162
19.7195
19.7195
19.7195
19.7162
19.2045
19.199
19.1994
19.199
19.2045
18.8251
18.8249
18.825
18.8249
18.8251
14.9192
14.9029
14.9005
14.903
14.9192
4.06658
4.00097
3.99693
4.00097
4.06659
7.57596
7.51665
7.51143
7.51665
7.57597
8.3362
8.27665
8.27087
8.27665
8.3362
6.01968
5.9614
5.95713
5.9614
6.01968
1.61264
1.60925
1.6092
1.60925
1.61265
3.49467
3.45898
3.45695
3.45898
3.49468
3.99168
3.95186
3.94931
3.95187
3.99168
2.79174
2.78362
2.78296
2.78363
2.79175
1.16854
1.18666
1.18804
1.18666
1.16855
1.63575
1.65324
1.6554
1.65324
1.63575
1.85469
1.87033
1.87234
1.87033
1.85469
1.66721
1.68518
1.68668
1.68518
1.66721
0.490458
0.49761
0.498188
0.497611
0.490459
0.614186
0.631455
0.632962
0.631456
0.614188
0.674355
0.6925
0.694103
0.692501
0.674356
0.622344
0.631951
0.632795
0.631952
0.622345
20.0894
20.0894
20.0894
20.0894
20.0894
20.0912
20.0912
20.0912
20.0912
20.0912
20.0934
20.0934
20.0934
20.0934
20.0934
20.0953
20.0953
20.0953
20.0953
20.0953
20.0958
20.0959
20.0959
20.0959
20.0958
20.0944
20.0945
20.0944
20.0945
20.0944
20.0903
20.0904
20.0904
20.0904
20.0903
20.0832
20.0833
20.0832
20.0833
20.0832
20.0726
20.0728
20.0727
20.0728
20.0726
20.0585
20.0587
20.0586
20.0587
20.0585
20.0405
20.0405
20.0405
20.0405
20.0405
20.0189
20.0191
20.0191
20.0191
20.0189
19.9926
19.9924
19.9924
19.9924
19.9926
19.9665
19.9669
19.9669
19.9669
19.9665
19.9329
19.932
19.9319
19.932
19.9329
19.9127
19.9134
19.9134
19.9134
19.9127
19.8829
19.8817
19.8817
19.8817
19.8829
19.8722
19.8719
19.872
19.8719
19.8722
19.87
19.8694
19.8694
19.8694
19.87
20.0856
20.0856
20.0856
20.0856
20.0856
20.0877
20.0877
20.0877
20.0877
20.0877
20.0894
20.0893
20.0893
20.0893
20.0894
20.0907
20.0906
20.0906
20.0906
20.0907
20.0907
20.0906
20.0906
20.0906
20.0907
20.0888
20.0887
20.0887
20.0887
20.0888
20.0843
20.0842
20.0842
20.0842
20.0843
20.0768
20.0767
20.0767
20.0767
20.0768
20.0659
20.0657
20.0657
20.0657
20.0659
20.0512
20.0511
20.0511
20.0511
20.0512
20.0322
20.032
20.032
20.032
20.0322
20.0099
20.01
20.01
20.01
20.0099
19.9803
19.9798
19.9798
19.9798
19.9803
19.9543
19.9553
19.9553
19.9553
19.9543
19.9127
19.9115
19.9115
19.9115
19.9127
19.902
19.9041
19.9041
19.9041
19.902
19.8595
19.8573
19.8573
19.8573
19.8595
19.891
19.8945
19.8946
19.8945
19.891
19.8126
19.8109
19.8109
19.8109
19.8126
20.0834
20.0833
20.0833
20.0833
20.0834
20.0859
20.0859
20.0859
20.0859
20.0859
20.0876
20.0876
20.0876
20.0876
20.0876
20.0889
20.0889
20.0889
20.0889
20.0889
20.0889
20.0889
20.0889
20.0889
20.0889
20.0869
20.0869
20.0869
20.0869
20.0869
20.0823
20.0823
20.0823
20.0823
20.0823
20.0746
20.0746
20.0746
20.0746
20.0746
20.0634
20.0634
20.0634
20.0634
20.0634
20.0485
20.0485
20.0486
20.0485
20.0485
20.0283
20.0282
20.0282
20.0282
20.0283
20.005
20.0053
20.0054
20.0053
20.005
19.9696
19.9689
19.9689
19.9689
19.9696
19.9408
19.942
19.942
19.942
19.9408
19.8706
19.8687
19.8688
19.8687
19.8706
19.8491
19.8519
19.8519
19.8519
19.8491
19.7099
19.7079
19.708
19.7079
19.7099
19.7367
19.7402
19.7397
19.7402
19.7367
19.4084
19.407
19.4057
19.407
19.4084
20.0816
20.0816
20.0816
20.0816
20.0816
20.0844
20.0843
20.0843
20.0843
20.0844
20.0861
20.0861
20.0861
20.0861
20.0861
20.0875
20.0874
20.0874
20.0874
20.0875
20.0874
20.0874
20.0874
20.0874
20.0874
20.0852
20.0852
20.0852
20.0852
20.0852
20.0805
20.0805
20.0805
20.0805
20.0805
20.0727
20.0727
20.0727
20.0727
20.0727
20.0613
20.0612
20.0612
20.0612
20.0613
20.0461
20.0461
20.0461
20.0461
20.0461
20.025
20.0248
20.0248
20.0248
20.025
20.0012
20.0015
20.0015
20.0015
20.0012
19.961
19.9602
19.9602
19.9602
19.961
19.9308
19.932
19.932
19.932
19.9308
19.8379
19.8357
19.8358
19.8357
19.8379
19.8101
19.8136
19.8136
19.8136
19.8101
19.5323
19.5295
19.5298
19.5295
19.5323
19.5753
19.5861
19.586
19.5861
19.5753
18.0465
18.0464
18.0443
18.0464
18.0465
)
;

boundaryField
{
    empty
    {
        type            empty;
    }
    top
    {
        type            fixedValue;
        value           uniform 20.1;
    }
    fixedwall
    {
        type            zeroGradient;
    }
    outlet
    {
        type            fixedValue;
        value           uniform 0;
    }
}


// ************************************************************************* //
