/*--------------------------------*- C++ -*----------------------------------*\
  =========                 |
  \\      /  F ield         | OpenFOAM: The Open Source CFD Toolbox
   \\    /   O peration     | Website:  https://openfoam.org
    \\  /    A nd           | Version:  9
     \\/     M anipulation  |
\*---------------------------------------------------------------------------*/
FoamFile
{
    format      ascii;
    class       volScalarField;
    location    "0.7";
    object      p;
}
// * * * * * * * * * * * * * * * * * * * * * * * * * * * * * * * * * * * * * //

dimensions      [0 2 -2 0 0 0 0];

internalField   nonuniform List<scalar> 
4545
(
20.0976
20.0976
20.0976
20.0976
20.0976
20.0931
20.0931
20.0931
20.0931
20.0931
20.0886
20.0886
20.0886
20.0886
20.0886
20.0842
20.0842
20.0842
20.0842
20.0842
20.08
20.08
20.08
20.08
20.08
20.0759
20.0759
20.0759
20.0759
20.0759
20.0719
20.0719
20.0719
20.0719
20.0719
20.0681
20.0681
20.0681
20.0681
20.0681
20.0644
20.0644
20.0644
20.0644
20.0644
20.061
20.061
20.061
20.061
20.061
20.0577
20.0577
20.0577
20.0577
20.0577
20.0547
20.0547
20.0547
20.0547
20.0547
20.0518
20.0518
20.0518
20.0518
20.0518
20.0492
20.0492
20.0492
20.0492
20.0492
20.0469
20.0469
20.0469
20.0469
20.0469
20.0448
20.0448
20.0448
20.0448
20.0448
20.0429
20.0429
20.0429
20.0429
20.0429
20.0414
20.0413
20.0413
20.0413
20.0414
20.0401
20.04
20.0401
20.04
20.0401
20.039
20.039
20.039
20.039
20.039
20.0383
20.0383
20.0383
20.0383
20.0383
20.0379
20.0379
20.0379
20.0379
20.0379
20.0377
20.0377
20.0377
20.0377
20.0377
20.0378
20.0378
20.0378
20.0378
20.0378
20.0382
20.0382
20.0382
20.0382
20.0382
20.0388
20.0388
20.0388
20.0388
20.0388
20.0397
20.0397
20.0397
20.0397
20.0397
20.0408
20.0408
20.0408
20.0408
20.0408
20.0421
20.0421
20.0421
20.0421
20.0421
20.0436
20.0435
20.0435
20.0435
20.0436
20.0452
20.0451
20.0451
20.0451
20.0452
20.0469
20.0469
20.0469
20.0469
20.0469
20.0487
20.0487
20.0487
20.0487
20.0487
20.0506
20.0506
20.0506
20.0506
20.0506
20.0526
20.0525
20.0525
20.0525
20.0526
20.0545
20.0545
20.0545
20.0545
20.0545
20.0564
20.0564
20.0564
20.0564
20.0564
20.0583
20.0583
20.0583
20.0583
20.0583
20.0602
20.0601
20.0601
20.0601
20.0602
20.0976
20.0976
20.0976
20.0976
20.0976
20.0931
20.0931
20.0931
20.0931
20.0931
20.0886
20.0886
20.0886
20.0886
20.0886
20.0843
20.0843
20.0843
20.0843
20.0843
20.08
20.08
20.08
20.08
20.08
20.0759
20.0759
20.076
20.076
20.0759
20.072
20.072
20.072
20.072
20.072
20.0682
20.0682
20.0682
20.0682
20.0682
20.0646
20.0646
20.0646
20.0646
20.0646
20.0612
20.0612
20.0612
20.0612
20.0612
20.058
20.058
20.058
20.058
20.058
20.055
20.055
20.055
20.055
20.055
20.0522
20.0522
20.0522
20.0522
20.0522
20.0497
20.0497
20.0497
20.0497
20.0497
20.0474
20.0474
20.0474
20.0474
20.0474
20.0453
20.0454
20.0454
20.0454
20.0453
20.0436
20.0436
20.0436
20.0436
20.0436
20.0421
20.0421
20.0421
20.0421
20.0421
20.0409
20.0409
20.0409
20.0409
20.0409
20.04
20.04
20.04
20.04
20.04
20.0394
20.0394
20.0394
20.0394
20.0394
20.0391
20.0391
20.0391
20.0391
20.0391
20.039
20.0391
20.0391
20.0391
20.039
20.0393
20.0393
20.0393
20.0393
20.0393
20.0398
20.0398
20.0398
20.0398
20.0398
20.0406
20.0406
20.0406
20.0406
20.0406
20.0416
20.0417
20.0416
20.0417
20.0416
20.0429
20.0429
20.0429
20.0429
20.0429
20.0443
20.0443
20.0443
20.0443
20.0443
20.0459
20.046
20.046
20.046
20.0459
20.0477
20.0477
20.0477
20.0477
20.0477
20.0496
20.0496
20.0496
20.0496
20.0496
20.0516
20.0516
20.0516
20.0516
20.0516
20.0536
20.0536
20.0536
20.0536
20.0536
20.0556
20.0557
20.0557
20.0557
20.0556
20.0577
20.0577
20.0577
20.0577
20.0577
20.0597
20.0597
20.0597
20.0597
20.0597
20.0617
20.0617
20.0617
20.0617
20.0617
20.0636
20.0636
20.0636
20.0636
20.0636
20.0976
20.0976
20.0976
20.0976
20.0976
20.0931
20.0931
20.0931
20.0931
20.0931
20.0886
20.0886
20.0886
20.0886
20.0886
20.0842
20.0842
20.0842
20.0842
20.0842
20.08
20.08
20.08
20.08
20.08
20.0759
20.0759
20.0759
20.0759
20.0759
20.0719
20.0719
20.0719
20.0719
20.0719
20.0681
20.0681
20.0681
20.0681
20.0681
20.0645
20.0645
20.0645
20.0645
20.0645
20.0611
20.0611
20.0611
20.0611
20.0611
20.0579
20.0579
20.0579
20.0579
20.0579
20.0548
20.0548
20.0548
20.0548
20.0548
20.052
20.052
20.052
20.052
20.052
20.0495
20.0495
20.0495
20.0495
20.0495
20.0472
20.0472
20.0472
20.0472
20.0472
20.0452
20.0452
20.0452
20.0452
20.0452
20.0434
20.0434
20.0434
20.0434
20.0434
20.0419
20.0419
20.0419
20.0419
20.0419
20.0407
20.0407
20.0407
20.0407
20.0407
20.0398
20.0398
20.0398
20.0398
20.0398
20.0392
20.0392
20.0392
20.0392
20.0392
20.0389
20.0389
20.0389
20.0389
20.0389
20.0389
20.0389
20.0389
20.0389
20.0389
20.0392
20.0392
20.0392
20.0392
20.0392
20.0398
20.0398
20.0398
20.0398
20.0398
20.0407
20.0407
20.0407
20.0407
20.0407
20.0418
20.0418
20.0418
20.0418
20.0418
20.0431
20.0431
20.0431
20.0431
20.0431
20.0447
20.0447
20.0447
20.0447
20.0447
20.0464
20.0464
20.0464
20.0464
20.0464
20.0483
20.0483
20.0483
20.0483
20.0483
20.0503
20.0503
20.0503
20.0503
20.0503
20.0524
20.0524
20.0524
20.0524
20.0524
20.0546
20.0546
20.0546
20.0546
20.0546
20.0568
20.0568
20.0568
20.0568
20.0568
20.059
20.059
20.059
20.059
20.059
20.0612
20.0611
20.0611
20.0611
20.0612
20.0633
20.0632
20.0632
20.0632
20.0633
20.0653
20.0652
20.0652
20.0652
20.0653
20.0976
20.0976
20.0976
20.0976
20.0976
20.093
20.093
20.093
20.093
20.093
20.0885
20.0885
20.0885
20.0885
20.0885
20.0841
20.0841
20.0841
20.0841
20.0841
20.0798
20.0798
20.0798
20.0798
20.0798
20.0757
20.0757
20.0757
20.0757
20.0757
20.0717
20.0717
20.0717
20.0717
20.0717
20.0679
20.0679
20.0679
20.0679
20.0679
20.0642
20.0642
20.0642
20.0642
20.0642
20.0607
20.0607
20.0607
20.0607
20.0607
20.0575
20.0575
20.0575
20.0575
20.0575
20.0544
20.0544
20.0544
20.0544
20.0544
20.0515
20.0515
20.0515
20.0515
20.0515
20.0489
20.0489
20.0489
20.0489
20.0489
20.0466
20.0466
20.0466
20.0466
20.0466
20.0445
20.0445
20.0445
20.0445
20.0445
20.0426
20.0426
20.0426
20.0426
20.0426
20.0411
20.0411
20.0411
20.0411
20.0411
20.0398
20.0398
20.0398
20.0398
20.0398
20.0389
20.0389
20.0389
20.0389
20.0389
20.0382
20.0382
20.0382
20.0382
20.0382
20.0379
20.0379
20.0379
20.0379
20.0379
20.0379
20.0379
20.0379
20.0379
20.0379
20.0382
20.0382
20.0382
20.0382
20.0382
20.0388
20.0388
20.0388
20.0388
20.0388
20.0396
20.0396
20.0396
20.0396
20.0396
20.0408
20.0408
20.0408
20.0408
20.0408
20.0422
20.0422
20.0422
20.0422
20.0422
20.0438
20.0438
20.0438
20.0438
20.0438
20.0457
20.0457
20.0457
20.0457
20.0457
20.0477
20.0477
20.0477
20.0477
20.0477
20.0499
20.0499
20.0499
20.0499
20.0499
20.0521
20.0521
20.0521
20.0521
20.0521
20.0545
20.0545
20.0545
20.0545
20.0545
20.0569
20.0568
20.0568
20.0568
20.0569
20.0592
20.0592
20.0592
20.0592
20.0592
20.0616
20.0615
20.0615
20.0615
20.0616
20.0638
20.0638
20.0638
20.0638
20.0638
20.066
20.066
20.066
20.066
20.066
20.0976
20.0976
20.0976
20.0976
20.0976
20.0929
20.0929
20.0929
20.0929
20.0929
20.0884
20.0884
20.0884
20.0884
20.0884
20.0839
20.0839
20.0839
20.0839
20.0839
20.0796
20.0796
20.0796
20.0796
20.0796
20.0754
20.0754
20.0754
20.0754
20.0754
20.0714
20.0714
20.0714
20.0714
20.0714
20.0675
20.0675
20.0675
20.0675
20.0675
20.0637
20.0637
20.0637
20.0637
20.0637
20.0602
20.0602
20.0602
20.0602
20.0602
20.0568
20.0568
20.0568
20.0568
20.0568
20.0536
20.0537
20.0537
20.0537
20.0536
20.0507
20.0507
20.0507
20.0507
20.0507
20.048
20.048
20.048
20.048
20.048
20.0455
20.0455
20.0455
20.0455
20.0455
20.0433
20.0433
20.0433
20.0433
20.0433
20.0413
20.0413
20.0413
20.0413
20.0413
20.0396
20.0396
20.0396
20.0396
20.0396
20.0382
20.0382
20.0382
20.0382
20.0382
20.0372
20.0372
20.0372
20.0372
20.0372
20.0364
20.0364
20.0364
20.0364
20.0364
20.0359
20.0359
20.0359
20.0359
20.0359
20.0358
20.0358
20.0358
20.0358
20.0358
20.036
20.036
20.036
20.036
20.036
20.0365
20.0365
20.0365
20.0365
20.0365
20.0373
20.0373
20.0373
20.0373
20.0373
20.0384
20.0384
20.0384
20.0384
20.0384
20.0398
20.0398
20.0398
20.0398
20.0398
20.0414
20.0414
20.0414
20.0414
20.0414
20.0433
20.0433
20.0433
20.0433
20.0433
20.0454
20.0454
20.0454
20.0454
20.0454
20.0477
20.0476
20.0476
20.0476
20.0477
20.05
20.05
20.05
20.05
20.05
20.0525
20.0525
20.0525
20.0525
20.0525
20.055
20.055
20.055
20.055
20.055
20.0576
20.0576
20.0576
20.0576
20.0576
20.0601
20.0601
20.0601
20.0601
20.0601
20.0625
20.0625
20.0625
20.0625
20.0625
20.0648
20.0648
20.0648
20.0648
20.0648
20.0976
20.0976
20.0976
20.0976
20.0976
20.0928
20.0929
20.0929
20.0929
20.0928
20.0882
20.0882
20.0882
20.0882
20.0882
20.0837
20.0837
20.0837
20.0837
20.0837
20.0793
20.0793
20.0793
20.0793
20.0793
20.075
20.075
20.075
20.075
20.075
20.0709
20.0709
20.0709
20.0709
20.0709
20.0669
20.0669
20.0669
20.0669
20.0669
20.0631
20.0631
20.0631
20.0631
20.0631
20.0594
20.0594
20.0594
20.0594
20.0594
20.056
20.056
20.056
20.056
20.056
20.0527
20.0527
20.0527
20.0527
20.0527
20.0496
20.0496
20.0496
20.0496
20.0496
20.0467
20.0467
20.0467
20.0467
20.0467
20.044
20.0441
20.0441
20.0441
20.044
20.0416
20.0416
20.0416
20.0416
20.0416
20.0395
20.0395
20.0395
20.0395
20.0395
20.0376
20.0376
20.0376
20.0376
20.0376
20.036
20.036
20.036
20.036
20.036
20.0347
20.0347
20.0347
20.0347
20.0347
20.0337
20.0337
20.0337
20.0337
20.0337
20.033
20.033
20.033
20.033
20.033
20.0327
20.0327
20.0327
20.0327
20.0327
20.0326
20.0326
20.0326
20.0326
20.0326
20.033
20.033
20.033
20.033
20.033
20.0336
20.0336
20.0336
20.0336
20.0336
20.0346
20.0345
20.0345
20.0345
20.0346
20.0358
20.0358
20.0358
20.0358
20.0358
20.0374
20.0374
20.0374
20.0374
20.0374
20.0392
20.0392
20.0392
20.0392
20.0392
20.0413
20.0412
20.0412
20.0412
20.0413
20.0435
20.0435
20.0435
20.0435
20.0435
20.0459
20.0459
20.0459
20.0459
20.0459
20.0485
20.0485
20.0485
20.0485
20.0485
20.0511
20.0511
20.0511
20.0511
20.0511
20.0538
20.0537
20.0537
20.0537
20.0538
20.0564
20.0564
20.0564
20.0564
20.0564
20.0589
20.0589
20.0589
20.0589
20.0589
20.0614
20.0614
20.0614
20.0614
20.0614
20.0975
20.0975
20.0975
20.0975
20.0975
20.0927
20.0927
20.0927
20.0927
20.0927
20.088
20.088
20.088
20.088
20.088
20.0834
20.0834
20.0834
20.0834
20.0834
20.079
20.079
20.079
20.079
20.079
20.0746
20.0746
20.0746
20.0746
20.0746
20.0704
20.0704
20.0704
20.0704
20.0704
20.0663
20.0663
20.0663
20.0663
20.0663
20.0624
20.0624
20.0624
20.0624
20.0624
20.0586
20.0586
20.0586
20.0586
20.0586
20.055
20.055
20.055
20.055
20.055
20.0515
20.0515
20.0515
20.0515
20.0515
20.0482
20.0482
20.0482
20.0482
20.0482
20.0452
20.0452
20.0452
20.0452
20.0452
20.0423
20.0423
20.0423
20.0423
20.0423
20.0396
20.0396
20.0396
20.0396
20.0396
20.0372
20.0372
20.0372
20.0372
20.0372
20.0351
20.0351
20.0351
20.0351
20.0351
20.0332
20.0332
20.0332
20.0332
20.0332
20.0316
20.0316
20.0316
20.0316
20.0316
20.0303
20.0303
20.0303
20.0303
20.0303
20.0293
20.0293
20.0293
20.0293
20.0293
20.0286
20.0286
20.0286
20.0286
20.0286
20.0283
20.0283
20.0283
20.0283
20.0283
20.0283
20.0283
20.0283
20.0283
20.0283
20.0286
20.0286
20.0286
20.0286
20.0286
20.0293
20.0293
20.0293
20.0293
20.0293
20.0303
20.0303
20.0303
20.0303
20.0303
20.0317
20.0316
20.0316
20.0316
20.0317
20.0333
20.0333
20.0333
20.0333
20.0333
20.0352
20.0352
20.0352
20.0352
20.0352
20.0373
20.0373
20.0373
20.0373
20.0373
20.0397
20.0397
20.0397
20.0397
20.0397
20.0422
20.0422
20.0422
20.0422
20.0422
20.0448
20.0448
20.0448
20.0448
20.0448
20.0475
20.0475
20.0475
20.0475
20.0475
20.0502
20.0502
20.0502
20.0502
20.0502
20.0528
20.0528
20.0528
20.0528
20.0528
20.0554
20.0554
20.0554
20.0554
20.0554
20.0975
20.0975
20.0975
20.0975
20.0975
20.0926
20.0926
20.0926
20.0926
20.0926
20.0878
20.0878
20.0878
20.0878
20.0878
20.0832
20.0832
20.0832
20.0832
20.0832
20.0786
20.0786
20.0786
20.0786
20.0786
20.0741
20.0741
20.0741
20.0741
20.0741
20.0698
20.0698
20.0698
20.0698
20.0698
20.0656
20.0656
20.0656
20.0656
20.0656
20.0615
20.0615
20.0615
20.0615
20.0615
20.0576
20.0576
20.0576
20.0576
20.0576
20.0538
20.0538
20.0538
20.0538
20.0538
20.0502
20.0502
20.0502
20.0502
20.0502
20.0467
20.0467
20.0467
20.0467
20.0467
20.0434
20.0434
20.0434
20.0434
20.0434
20.0403
20.0403
20.0403
20.0403
20.0403
20.0373
20.0373
20.0373
20.0373
20.0373
20.0346
20.0346
20.0346
20.0346
20.0346
20.0322
20.0322
20.0322
20.0322
20.0322
20.0299
20.0299
20.0299
20.0299
20.0299
20.0279
20.0279
20.0279
20.0279
20.0279
20.0262
20.0262
20.0262
20.0262
20.0262
20.0248
20.0248
20.0248
20.0248
20.0248
20.0237
20.0237
20.0237
20.0237
20.0237
20.0229
20.0229
20.0229
20.0229
20.0229
20.0225
20.0225
20.0225
20.0225
20.0225
20.0224
20.0224
20.0224
20.0224
20.0224
20.0226
20.0226
20.0226
20.0226
20.0226
20.0232
20.0232
20.0232
20.0232
20.0232
20.0242
20.0242
20.0242
20.0242
20.0242
20.0255
20.0255
20.0255
20.0255
20.0255
20.0271
20.0271
20.0271
20.0271
20.0271
20.0289
20.0289
20.0289
20.0289
20.0289
20.0311
20.0311
20.0311
20.0311
20.0311
20.0334
20.0334
20.0334
20.0334
20.0334
20.0359
20.0359
20.0359
20.0359
20.0359
20.0385
20.0385
20.0385
20.0385
20.0385
20.0412
20.0412
20.0412
20.0412
20.0412
20.0439
20.0439
20.0439
20.0439
20.0439
20.0465
20.0465
20.0465
20.0465
20.0465
20.0975
20.0975
20.0975
20.0975
20.0975
20.0925
20.0925
20.0925
20.0925
20.0925
20.0876
20.0876
20.0876
20.0876
20.0876
20.0829
20.0829
20.0829
20.0829
20.0829
20.0782
20.0782
20.0782
20.0782
20.0782
20.0736
20.0736
20.0736
20.0736
20.0736
20.0692
20.0692
20.0692
20.0692
20.0692
20.0649
20.0649
20.0649
20.0649
20.0649
20.0606
20.0606
20.0606
20.0606
20.0606
20.0565
20.0565
20.0565
20.0565
20.0565
20.0526
20.0526
20.0526
20.0526
20.0526
20.0487
20.0487
20.0487
20.0487
20.0487
20.045
20.045
20.045
20.045
20.045
20.0414
20.0414
20.0414
20.0414
20.0414
20.038
20.038
20.038
20.038
20.038
20.0348
20.0348
20.0348
20.0348
20.0348
20.0317
20.0317
20.0317
20.0317
20.0317
20.0288
20.0288
20.0288
20.0288
20.0288
20.0262
20.0262
20.0262
20.0262
20.0262
20.0237
20.0237
20.0237
20.0237
20.0237
20.0215
20.0215
20.0215
20.0215
20.0215
20.0196
20.0196
20.0196
20.0196
20.0196
20.0179
20.0179
20.0179
20.0179
20.0179
20.0166
20.0166
20.0166
20.0166
20.0166
20.0155
20.0155
20.0155
20.0155
20.0155
20.0148
20.0148
20.0148
20.0148
20.0148
20.0145
20.0145
20.0145
20.0145
20.0145
20.0145
20.0145
20.0145
20.0145
20.0145
20.0149
20.0148
20.0148
20.0148
20.0149
20.0156
20.0156
20.0156
20.0156
20.0156
20.0167
20.0167
20.0167
20.0167
20.0167
20.0181
20.0181
20.0181
20.0181
20.0181
20.0198
20.0198
20.0198
20.0198
20.0198
20.0218
20.0218
20.0218
20.0218
20.0218
20.024
20.024
20.024
20.024
20.024
20.0264
20.0264
20.0264
20.0264
20.0264
20.0289
20.0289
20.0289
20.0289
20.0289
20.0315
20.0315
20.0315
20.0315
20.0315
20.0341
20.0341
20.0341
20.0341
20.0341
20.0974
20.0974
20.0974
20.0974
20.0974
20.0924
20.0924
20.0924
20.0924
20.0924
20.0874
20.0874
20.0874
20.0874
20.0874
20.0826
20.0826
20.0826
20.0826
20.0826
20.0778
20.0778
20.0778
20.0778
20.0778
20.0731
20.0731
20.0731
20.0731
20.0731
20.0685
20.0685
20.0685
20.0685
20.0685
20.0641
20.0641
20.0641
20.0641
20.0641
20.0597
20.0597
20.0597
20.0597
20.0597
20.0554
20.0554
20.0554
20.0554
20.0554
20.0512
20.0512
20.0512
20.0512
20.0512
20.0472
20.0472
20.0472
20.0472
20.0472
20.0432
20.0432
20.0432
20.0432
20.0432
20.0393
20.0394
20.0394
20.0394
20.0393
20.0356
20.0356
20.0356
20.0356
20.0356
20.032
20.032
20.032
20.032
20.032
20.0285
20.0285
20.0285
20.0285
20.0285
20.0252
20.0252
20.0252
20.0252
20.0252
20.022
20.0221
20.0221
20.0221
20.022
20.0191
20.0191
20.0191
20.0191
20.0191
20.0163
20.0163
20.0163
20.0163
20.0163
20.0137
20.0137
20.0137
20.0137
20.0137
20.0113
20.0114
20.0114
20.0114
20.0113
20.0093
20.0093
20.0093
20.0093
20.0093
20.0075
20.0075
20.0075
20.0075
20.0075
20.006
20.006
20.006
20.006
20.006
20.0048
20.0048
20.0048
20.0048
20.0048
20.004
20.004
20.004
20.004
20.004
20.0035
20.0035
20.0035
20.0035
20.0035
20.0034
20.0034
20.0034
20.0034
20.0034
20.0037
20.0037
20.0037
20.0037
20.0037
20.0044
20.0044
20.0044
20.0044
20.0044
20.0054
20.0054
20.0054
20.0054
20.0054
20.0068
20.0068
20.0068
20.0068
20.0068
20.0085
20.0085
20.0085
20.0085
20.0085
20.0105
20.0105
20.0105
20.0105
20.0105
20.0128
20.0128
20.0128
20.0128
20.0128
20.0152
20.0152
20.0152
20.0152
20.0152
20.0178
20.0178
20.0178
20.0178
20.0178
20.0974
20.0974
20.0974
20.0974
20.0974
20.0922
20.0922
20.0922
20.0922
20.0922
20.0872
20.0872
20.0872
20.0872
20.0872
20.0822
20.0822
20.0822
20.0822
20.0822
20.0774
20.0774
20.0774
20.0774
20.0774
20.0726
20.0726
20.0726
20.0726
20.0726
20.0679
20.0679
20.0679
20.0679
20.0679
20.0633
20.0633
20.0633
20.0633
20.0633
20.0587
20.0587
20.0587
20.0587
20.0587
20.0543
20.0543
20.0543
20.0543
20.0543
20.0499
20.0499
20.0499
20.0499
20.0499
20.0456
20.0456
20.0456
20.0456
20.0456
20.0413
20.0413
20.0413
20.0413
20.0413
20.0372
20.0372
20.0372
20.0372
20.0372
20.0331
20.0331
20.0331
20.0331
20.0331
20.0291
20.0291
20.0291
20.0291
20.0291
20.0252
20.0252
20.0252
20.0252
20.0252
20.0213
20.0213
20.0213
20.0213
20.0213
20.0176
20.0176
20.0176
20.0176
20.0176
20.014
20.014
20.014
20.014
20.014
20.0105
20.0105
20.0105
20.0105
20.0105
20.0072
20.0072
20.0072
20.0072
20.0072
20.004
20.004
20.004
20.004
20.004
20.001
20.001
20.001
20.001
20.001
19.9983
19.9983
19.9983
19.9983
19.9983
19.9957
19.9958
19.9958
19.9958
19.9957
19.9935
19.9935
19.9935
19.9935
19.9935
19.9915
19.9915
19.9915
19.9915
19.9915
19.9899
19.9899
19.9899
19.9899
19.9899
19.9887
19.9887
19.9887
19.9887
19.9887
19.9878
19.9878
19.9878
19.9878
19.9878
19.9873
19.9873
19.9873
19.9873
19.9873
19.9873
19.9873
19.9873
19.9873
19.9873
19.9877
19.9877
19.9877
19.9877
19.9877
19.9885
19.9884
19.9884
19.9884
19.9885
19.9897
19.9896
19.9896
19.9896
19.9897
19.9913
19.9912
19.9912
19.9912
19.9913
19.9932
19.993
19.993
19.993
19.9932
19.9954
19.9952
19.9952
19.9952
19.9954
20.0974
20.0974
20.0974
20.0974
20.0974
20.0921
20.0921
20.0921
20.0921
20.0921
20.087
20.087
20.087
20.087
20.087
20.0819
20.0819
20.0819
20.0819
20.0819
20.0769
20.0769
20.0769
20.0769
20.0769
20.0721
20.0721
20.0721
20.0721
20.0721
20.0672
20.0672
20.0672
20.0672
20.0672
20.0625
20.0625
20.0625
20.0625
20.0625
20.0578
20.0578
20.0578
20.0578
20.0578
20.0531
20.0531
20.0531
20.0531
20.0531
20.0485
20.0485
20.0485
20.0485
20.0485
20.044
20.044
20.044
20.044
20.044
20.0395
20.0395
20.0395
20.0395
20.0395
20.035
20.035
20.035
20.035
20.035
20.0305
20.0305
20.0305
20.0305
20.0305
20.0261
20.0261
20.0261
20.0261
20.0261
20.0217
20.0217
20.0217
20.0217
20.0217
20.0173
20.0173
20.0173
20.0173
20.0173
20.013
20.013
20.013
20.013
20.013
20.0087
20.0087
20.0087
20.0087
20.0087
20.0044
20.0044
20.0044
20.0044
20.0044
20.0002
20.0002
20.0002
20.0002
20.0002
19.9961
19.9961
19.9961
19.9961
19.9961
19.992
19.992
19.992
19.992
19.992
19.988
19.9881
19.9881
19.9881
19.988
19.9842
19.9843
19.9843
19.9843
19.9842
19.9806
19.9806
19.9806
19.9806
19.9806
19.9771
19.9772
19.9772
19.9772
19.9771
19.974
19.974
19.974
19.974
19.974
19.9711
19.9711
19.9711
19.9711
19.9711
19.9685
19.9686
19.9686
19.9686
19.9685
19.9664
19.9664
19.9664
19.9664
19.9664
19.9647
19.9647
19.9647
19.9647
19.9647
19.9636
19.9636
19.9636
19.9636
19.9636
19.963
19.963
19.9631
19.963
19.963
19.9631
19.9632
19.9632
19.9632
19.9631
19.9639
19.964
19.9641
19.964
19.9639
19.9655
19.9657
19.9657
19.9657
19.9655
19.9679
19.9681
19.9682
19.9681
19.9679
20.0973
20.0973
20.0973
20.0973
20.0973
20.092
20.092
20.092
20.092
20.092
20.0868
20.0868
20.0868
20.0868
20.0868
20.0816
20.0816
20.0816
20.0816
20.0816
20.0765
20.0765
20.0765
20.0765
20.0765
20.0715
20.0715
20.0715
20.0715
20.0715
20.0666
20.0666
20.0666
20.0666
20.0666
20.0617
20.0617
20.0617
20.0617
20.0617
20.0569
20.0569
20.0569
20.0569
20.0569
20.052
20.052
20.052
20.052
20.052
20.0472
20.0472
20.0472
20.0472
20.0472
20.0424
20.0424
20.0424
20.0424
20.0424
20.0376
20.0376
20.0376
20.0376
20.0376
20.0328
20.0328
20.0328
20.0328
20.0328
20.028
20.028
20.028
20.028
20.028
20.0231
20.0231
20.0231
20.0231
20.0231
20.0182
20.0183
20.0182
20.0183
20.0182
20.0133
20.0133
20.0133
20.0133
20.0133
20.0083
20.0083
20.0083
20.0083
20.0083
20.0032
20.0032
20.0032
20.0032
20.0032
19.9981
19.9981
19.9981
19.9981
19.9981
19.9929
19.9929
19.9929
19.9929
19.9929
19.9876
19.9877
19.9877
19.9877
19.9876
19.9823
19.9823
19.9823
19.9823
19.9823
19.977
19.977
19.977
19.977
19.977
19.9716
19.9716
19.9716
19.9716
19.9716
19.9662
19.9662
19.9662
19.9662
19.9662
19.9608
19.9608
19.9608
19.9608
19.9608
19.9555
19.9555
19.9555
19.9555
19.9555
19.9503
19.9504
19.9504
19.9504
19.9503
19.9454
19.9454
19.9454
19.9454
19.9454
19.9407
19.9407
19.9407
19.9407
19.9407
19.9364
19.9364
19.9364
19.9364
19.9364
19.9325
19.9325
19.9325
19.9325
19.9325
19.9292
19.9291
19.929
19.9291
19.9292
19.9264
19.9262
19.9261
19.9262
19.9264
19.9243
19.9239
19.9239
19.9239
19.9243
19.9231
19.9225
19.9224
19.9225
19.9231
19.923
19.9222
19.9222
19.9222
19.923
20.0973
20.0973
20.0973
20.0973
20.0973
20.0919
20.0919
20.0919
20.0919
20.0919
20.0866
20.0866
20.0866
20.0866
20.0866
20.0813
20.0813
20.0813
20.0813
20.0813
20.0762
20.0762
20.0762
20.0762
20.0762
20.0711
20.0711
20.0711
20.0711
20.0711
20.066
20.066
20.066
20.066
20.066
20.061
20.061
20.061
20.061
20.061
20.056
20.056
20.056
20.056
20.056
20.051
20.051
20.051
20.051
20.051
20.046
20.046
20.046
20.046
20.046
20.041
20.041
20.041
20.041
20.041
20.0359
20.0359
20.0359
20.0359
20.0359
20.0308
20.0308
20.0308
20.0308
20.0308
20.0256
20.0256
20.0256
20.0256
20.0256
20.0203
20.0203
20.0203
20.0203
20.0203
20.0149
20.0149
20.0149
20.0149
20.0149
20.0094
20.0094
20.0094
20.0094
20.0094
20.0037
20.0037
20.0037
20.0037
20.0037
19.9979
19.9979
19.9979
19.9979
19.9979
19.9918
19.9918
19.9918
19.9918
19.9918
19.9855
19.9856
19.9855
19.9856
19.9855
19.979
19.9791
19.9791
19.9791
19.979
19.9723
19.9723
19.9723
19.9723
19.9723
19.9653
19.9653
19.9653
19.9653
19.9653
19.958
19.958
19.958
19.958
19.958
19.9504
19.9505
19.9505
19.9505
19.9504
19.9426
19.9427
19.9427
19.9427
19.9426
19.9346
19.9346
19.9346
19.9346
19.9346
19.9264
19.9264
19.9264
19.9264
19.9264
19.9181
19.9181
19.9181
19.9181
19.9181
19.9098
19.9099
19.9099
19.9099
19.9098
19.9017
19.9018
19.9018
19.9018
19.9017
19.894
19.8942
19.8942
19.8942
19.894
19.8872
19.8875
19.8876
19.8875
19.8872
19.8817
19.8823
19.8823
19.8823
19.8817
19.8782
19.879
19.8791
19.879
19.8782
19.8773
19.8783
19.8784
19.8783
19.8773
19.8796
19.8809
19.8809
19.8809
19.8796
20.0973
20.0973
20.0973
20.0973
20.0973
20.0918
20.0918
20.0918
20.0918
20.0918
20.0864
20.0864
20.0864
20.0864
20.0864
20.0811
20.0811
20.0811
20.0811
20.0811
20.0758
20.0758
20.0758
20.0758
20.0758
20.0707
20.0707
20.0707
20.0707
20.0707
20.0655
20.0655
20.0655
20.0655
20.0655
20.0604
20.0604
20.0604
20.0604
20.0604
20.0552
20.0552
20.0552
20.0552
20.0552
20.0501
20.0501
20.0501
20.0501
20.0501
20.0449
20.0449
20.0449
20.0449
20.0449
20.0397
20.0397
20.0397
20.0397
20.0397
20.0344
20.0344
20.0344
20.0344
20.0344
20.029
20.029
20.029
20.029
20.029
20.0235
20.0234
20.0234
20.0234
20.0235
20.0178
20.0178
20.0178
20.0178
20.0178
20.0119
20.0119
20.0119
20.0119
20.0119
20.0058
20.0058
20.0058
20.0058
20.0058
19.9995
19.9995
19.9995
19.9995
19.9995
19.9928
19.9928
19.9928
19.9928
19.9928
19.9858
19.9858
19.9858
19.9858
19.9858
19.9785
19.9785
19.9785
19.9785
19.9785
19.9707
19.9707
19.9707
19.9707
19.9707
19.9624
19.9624
19.9624
19.9624
19.9624
19.9535
19.9535
19.9535
19.9535
19.9535
19.9441
19.9441
19.9441
19.9441
19.9441
19.9339
19.934
19.934
19.934
19.9339
19.9231
19.9232
19.9232
19.9232
19.9231
19.9116
19.9116
19.9116
19.9116
19.9116
19.8992
19.8993
19.8993
19.8993
19.8992
19.8862
19.8863
19.8862
19.8863
19.8862
19.8723
19.8724
19.8724
19.8724
19.8723
19.8578
19.8579
19.8578
19.8579
19.8578
19.8426
19.8425
19.8425
19.8425
19.8426
19.8266
19.8262
19.8262
19.8262
19.8266
19.8096
19.8088
19.8087
19.8088
19.8096
19.7915
19.79
19.7899
19.79
19.7915
19.7731
19.771
19.7709
19.771
19.7731
19.7578
19.755
19.7551
19.755
19.7578
20.0972
20.0973
20.0973
20.0973
20.0972
20.0917
20.0917
20.0917
20.0917
20.0917
20.0863
20.0863
20.0863
20.0863
20.0863
20.0809
20.0809
20.0809
20.0809
20.0809
20.0756
20.0756
20.0756
20.0756
20.0756
20.0703
20.0703
20.0703
20.0703
20.0703
20.0651
20.0651
20.0651
20.0651
20.0651
20.0599
20.0599
20.0599
20.0599
20.0599
20.0546
20.0546
20.0546
20.0546
20.0546
20.0494
20.0494
20.0494
20.0494
20.0494
20.0441
20.0441
20.0441
20.0441
20.0441
20.0387
20.0387
20.0387
20.0387
20.0387
20.0332
20.0332
20.0331
20.0332
20.0332
20.0275
20.0275
20.0275
20.0275
20.0275
20.0217
20.0217
20.0217
20.0217
20.0217
20.0157
20.0157
20.0157
20.0157
20.0157
20.0094
20.0094
20.0094
20.0094
20.0094
20.0028
20.0028
20.0028
20.0028
20.0028
19.9959
19.9959
19.9959
19.9959
19.9959
19.9885
19.9885
19.9885
19.9885
19.9885
19.9807
19.9807
19.9807
19.9807
19.9807
19.9723
19.9723
19.9723
19.9723
19.9723
19.9632
19.9632
19.9632
19.9632
19.9632
19.9533
19.9533
19.9533
19.9533
19.9533
19.9426
19.9426
19.9426
19.9426
19.9426
19.9308
19.9308
19.9308
19.9308
19.9308
19.9178
19.9178
19.9178
19.9178
19.9178
19.9035
19.9035
19.9035
19.9035
19.9035
19.8876
19.8877
19.8877
19.8877
19.8876
19.8701
19.8702
19.8702
19.8702
19.8701
19.8507
19.8509
19.8509
19.8509
19.8507
19.8294
19.8297
19.8297
19.8297
19.8294
19.8063
19.8068
19.8068
19.8068
19.8063
19.7819
19.7826
19.7826
19.7826
19.7819
19.7571
19.7583
19.7584
19.7583
19.7571
19.7339
19.7359
19.7359
19.7359
19.7339
19.7149
19.7178
19.7179
19.7178
19.7149
19.6994
19.7027
19.7027
19.7027
19.6994
19.696
19.6997
19.6997
19.6997
19.696
20.0972
20.0972
20.0972
20.0972
20.0972
20.0917
20.0916
20.0916
20.0916
20.0917
20.0862
20.0862
20.0862
20.0862
20.0862
20.0808
20.0808
20.0808
20.0808
20.0808
20.0754
20.0754
20.0754
20.0754
20.0754
20.0701
20.0701
20.0701
20.0701
20.0701
20.0648
20.0648
20.0648
20.0648
20.0648
20.0595
20.0595
20.0595
20.0595
20.0595
20.0542
20.0542
20.0542
20.0542
20.0542
20.0489
20.0489
20.0489
20.0489
20.0489
20.0435
20.0435
20.0435
20.0435
20.0435
20.038
20.038
20.038
20.038
20.038
20.0323
20.0323
20.0323
20.0323
20.0323
20.0265
20.0265
20.0265
20.0265
20.0265
20.0205
20.0205
20.0205
20.0205
20.0205
20.0143
20.0143
20.0143
20.0143
20.0143
20.0077
20.0077
20.0077
20.0077
20.0077
20.0008
20.0008
20.0008
20.0008
20.0008
19.9934
19.9934
19.9934
19.9934
19.9934
19.9855
19.9855
19.9855
19.9855
19.9855
19.977
19.977
19.977
19.977
19.977
19.9678
19.9677
19.9677
19.9677
19.9678
19.9576
19.9576
19.9576
19.9576
19.9576
19.9464
19.9464
19.9464
19.9464
19.9464
19.934
19.9339
19.9339
19.9339
19.934
19.92
19.92
19.92
19.92
19.92
19.9042
19.9042
19.9042
19.9042
19.9042
19.8863
19.8862
19.8863
19.8862
19.8863
19.8657
19.8657
19.8657
19.8657
19.8657
19.842
19.842
19.842
19.842
19.842
19.8145
19.8145
19.8146
19.8145
19.8145
19.7824
19.7826
19.7826
19.7826
19.7824
19.745
19.7451
19.7451
19.7451
19.745
19.7008
19.7008
19.7008
19.7008
19.7008
19.6478
19.6473
19.6472
19.6473
19.6478
19.5817
19.5802
19.58
19.5802
19.5817
19.4933
19.4903
19.4901
19.4903
19.4933
19.3806
19.377
19.3768
19.377
19.3806
19.239
19.2332
19.2333
19.2332
19.239
20.0972
20.0972
20.0972
20.0972
20.0972
20.0916
20.0916
20.0916
20.0916
20.0916
20.0861
20.0861
20.0861
20.0861
20.0861
20.0807
20.0807
20.0807
20.0807
20.0807
20.0753
20.0753
20.0753
20.0753
20.0753
20.07
20.07
20.07
20.07
20.07
20.0647
20.0647
20.0647
20.0647
20.0647
20.0594
20.0594
20.0594
20.0594
20.0594
20.0541
20.0541
20.0541
20.0541
20.0541
20.0487
20.0487
20.0487
20.0487
20.0487
20.0433
20.0433
20.0433
20.0433
20.0433
20.0377
20.0377
20.0377
20.0377
20.0377
20.032
20.032
20.032
20.032
20.032
20.0261
20.0261
20.0261
20.0261
20.0261
20.0201
20.02
20.02
20.02
20.0201
20.0137
20.0137
20.0137
20.0137
20.0137
20.007
20.007
20.0069
20.007
20.007
19.9999
19.9998
19.9998
19.9998
19.9999
19.9923
19.9922
19.9922
19.9922
19.9923
19.9841
19.9841
19.9841
19.9841
19.9841
19.9753
19.9752
19.9752
19.9752
19.9753
19.9655
19.9654
19.9654
19.9654
19.9655
19.9548
19.9546
19.9546
19.9546
19.9548
19.9427
19.9426
19.9426
19.9426
19.9427
19.9292
19.929
19.929
19.929
19.9292
19.9136
19.9134
19.9134
19.9134
19.9136
19.8957
19.8955
19.8955
19.8955
19.8957
19.8748
19.8745
19.8745
19.8745
19.8748
19.8501
19.8497
19.8497
19.8497
19.8501
19.8204
19.82
19.82
19.82
19.8204
19.7844
19.7839
19.784
19.7839
19.7844
19.7402
19.7398
19.7399
19.7398
19.7402
19.6854
19.6852
19.6853
19.6852
19.6854
19.6174
19.6178
19.618
19.6178
19.6174
19.5357
19.5374
19.5376
19.5374
19.5357
19.4421
19.4454
19.4457
19.4454
19.4421
19.3532
19.3602
19.3604
19.3602
19.3532
19.2397
19.2457
19.2457
19.2457
19.2398
19.1941
19.2083
19.2083
19.2083
19.1941
20.0972
20.0972
20.0972
20.0972
20.0972
20.0916
20.0916
20.0916
20.0916
20.0916
20.0862
20.0861
20.0861
20.0861
20.0862
20.0807
20.0807
20.0807
20.0807
20.0807
20.0754
20.0754
20.0754
20.0754
20.0754
20.0701
20.0701
20.0701
20.0701
20.0701
20.0648
20.0648
20.0648
20.0648
20.0648
20.0596
20.0596
20.0596
20.0596
20.0596
20.0543
20.0543
20.0543
20.0543
20.0543
20.049
20.049
20.049
20.049
20.049
20.0436
20.0436
20.0436
20.0436
20.0436
20.0381
20.0381
20.0381
20.0381
20.0381
20.0325
20.0325
20.0325
20.0325
20.0325
20.0267
20.0267
20.0267
20.0267
20.0267
20.0207
20.0207
20.0207
20.0207
20.0207
20.0145
20.0144
20.0144
20.0144
20.0145
20.0079
20.0079
20.0079
20.0079
20.0079
20.001
20.001
20.001
20.001
20.001
19.9936
19.9936
19.9936
19.9936
19.9936
19.9857
19.9857
19.9856
19.9857
19.9857
19.9771
19.9771
19.977
19.9771
19.9771
19.9677
19.9676
19.9676
19.9676
19.9677
19.9573
19.9573
19.9572
19.9573
19.9573
19.9457
19.9456
19.9456
19.9456
19.9457
19.9325
19.9325
19.9325
19.9325
19.9325
19.9175
19.9175
19.9175
19.9175
19.9175
19.9
19.9
19.9
19.9
19.9
19.8794
19.8794
19.8794
19.8794
19.8794
19.8546
19.8545
19.8546
19.8545
19.8546
19.8241
19.8241
19.8241
19.8241
19.8241
19.7858
19.7857
19.7858
19.7857
19.7858
19.7361
19.736
19.736
19.736
19.7361
19.6694
19.6692
19.6693
19.6692
19.6694
19.576
19.5755
19.5756
19.5755
19.576
19.436
19.4351
19.4352
19.4351
19.436
19.2125
19.2117
19.2118
19.2117
19.2125
18.7999
18.7991
18.7989
18.7991
18.7999
18.0905
18.0931
18.0918
18.0931
18.0906
16.5413
16.5335
16.531
16.5335
16.5413
20.0662
20.0662
20.0662
20.0662
20.0662
20.0697
20.0697
20.0697
20.0697
20.0697
20.0715
20.0715
20.0715
20.0715
20.0715
20.0726
20.0726
20.0726
20.0726
20.0726
20.072
20.0719
20.0719
20.0719
20.072
20.069
20.069
20.069
20.069
20.069
20.0634
20.0634
20.0633
20.0634
20.0634
20.0548
20.0548
20.0548
20.0548
20.0548
20.0426
20.0426
20.0426
20.0426
20.0426
20.0268
20.0268
20.0269
20.0268
20.0268
20.0048
20.0046
20.0046
20.0046
20.0048
19.9802
19.9804
19.9805
19.9804
19.9802
19.9368
19.9359
19.9359
19.9359
19.9368
19.9046
19.9058
19.9058
19.9058
19.9046
19.7973
19.795
19.7951
19.795
19.7973
19.7476
19.7499
19.75
19.7499
19.7476
19.424
19.4218
19.4221
19.4218
19.424
18.9688
18.9688
18.9691
18.9688
18.9688
16.4474
16.4449
16.443
16.4449
16.4474
20.0648
20.0647
20.0647
20.0647
20.0648
20.0683
20.0683
20.0683
20.0683
20.0683
20.0701
20.0701
20.0701
20.0701
20.0701
20.0712
20.0711
20.0711
20.0711
20.0712
20.0704
20.0704
20.0704
20.0704
20.0704
20.0673
20.0673
20.0673
20.0673
20.0673
20.0616
20.0616
20.0616
20.0616
20.0616
20.0529
20.0529
20.0529
20.0529
20.0529
20.0407
20.0406
20.0406
20.0406
20.0407
20.0247
20.0247
20.0247
20.0247
20.0247
20.0023
20.0021
20.0021
20.0021
20.0023
19.977
19.9773
19.9773
19.9773
19.977
19.9315
19.9306
19.9306
19.9306
19.9315
19.8971
19.8982
19.8983
19.8982
19.8971
19.7783
19.7758
19.776
19.7758
19.7783
19.7077
19.7086
19.7087
19.7086
19.7077
19.343
19.3433
19.3435
19.3433
19.343
18.4464
18.4445
18.4453
18.4445
18.4464
17.4106
17.4397
17.4388
17.4397
17.4106
20.0633
20.0633
20.0633
20.0633
20.0633
20.0668
20.0668
20.0668
20.0668
20.0668
20.0686
20.0686
20.0686
20.0686
20.0686
20.0696
20.0696
20.0696
20.0696
20.0696
20.0687
20.0687
20.0687
20.0687
20.0687
20.0655
20.0655
20.0655
20.0655
20.0655
20.0597
20.0597
20.0597
20.0597
20.0597
20.0509
20.0509
20.0509
20.0509
20.0509
20.0386
20.0386
20.0386
20.0386
20.0386
20.0225
20.0225
20.0225
20.0225
20.0225
19.9999
19.9997
19.9996
19.9997
19.9999
19.9738
19.9741
19.9741
19.9741
19.9738
19.9272
19.9263
19.9263
19.9263
19.9272
19.8906
19.8919
19.8919
19.8919
19.8906
19.762
19.7594
19.7595
19.7594
19.762
19.6976
19.6992
19.6992
19.6992
19.6976
19.254
19.2526
19.253
19.2526
19.254
18.3987
18.3967
18.3973
18.3967
18.3987
16.5967
16.6215
16.6206
16.6216
16.5967
20.0618
20.0618
20.0618
20.0618
20.0618
20.0653
20.0653
20.0653
20.0653
20.0653
20.067
20.067
20.067
20.067
20.067
20.0679
20.0679
20.0679
20.0679
20.0679
20.0669
20.0669
20.0669
20.0669
20.0669
20.0636
20.0636
20.0636
20.0636
20.0636
20.0577
20.0577
20.0577
20.0577
20.0577
20.0488
20.0488
20.0488
20.0488
20.0488
20.0365
20.0364
20.0364
20.0364
20.0365
20.0202
20.0202
20.0202
20.0202
20.0202
19.9976
19.9974
19.9974
19.9974
19.9976
19.9708
19.9711
19.9711
19.9711
19.9708
19.9243
19.9234
19.9234
19.9234
19.9243
19.8849
19.8862
19.8863
19.8862
19.8849
19.7537
19.7509
19.751
19.7509
19.7537
19.7006
19.7039
19.7039
19.7039
19.7006
19.1911
19.1857
19.186
19.1857
19.1911
18.8112
18.8111
18.8111
18.8111
18.8112
14.9084
14.8922
14.8898
14.8922
14.9084
4.06574
4.00023
3.9962
4.00024
4.06574
7.56995
7.5107
7.5055
7.51071
7.56995
8.32607
8.26657
8.26081
8.26657
8.32607
6.00715
5.94888
5.94462
5.94888
6.00716
1.61426
1.61088
1.61084
1.61089
1.61426
3.49179
3.45617
3.45415
3.45617
3.49179
3.98575
3.94603
3.94349
3.94603
3.98575
2.7847
2.77664
2.77598
2.77664
2.7847
1.1692
1.1873
1.18868
1.18731
1.16921
1.63489
1.65239
1.65455
1.6524
1.6349
1.85256
1.86824
1.87025
1.86824
1.85256
1.66414
1.68211
1.68362
1.68211
1.66414
0.490612
0.49776
0.498337
0.49776
0.490614
0.614037
0.631288
0.632792
0.631289
0.614038
0.673872
0.691997
0.693598
0.691998
0.673872
0.621364
0.630948
0.63179
0.630949
0.621364
20.0763
20.0763
20.0763
20.0763
20.0763
20.0786
20.0786
20.0786
20.0786
20.0786
20.0808
20.0809
20.0809
20.0809
20.0808
20.0825
20.0825
20.0825
20.0825
20.0825
20.0824
20.0825
20.0825
20.0825
20.0824
20.0801
20.0802
20.0802
20.0802
20.0801
20.0751
20.0752
20.0752
20.0752
20.0751
20.0671
20.0672
20.0672
20.0672
20.0671
20.0559
20.056
20.056
20.056
20.0559
20.0411
20.0413
20.0413
20.0413
20.0411
20.0226
20.0227
20.0227
20.0227
20.0226
20.0008
20.001
20.001
20.001
20.0008
19.9744
19.9742
19.9741
19.9742
19.9744
19.9482
19.9487
19.9487
19.9487
19.9482
19.9147
19.9138
19.9139
19.9138
19.9147
19.895
19.8957
19.8957
19.8957
19.895
19.8659
19.8647
19.8647
19.8647
19.8659
19.856
19.8557
19.8558
19.8557
19.856
19.8545
19.8539
19.8538
19.8539
19.8545
20.0719
20.0718
20.0718
20.0718
20.0719
20.0746
20.0745
20.0745
20.0745
20.0746
20.0764
20.0763
20.0763
20.0763
20.0764
20.0775
20.0774
20.0774
20.0774
20.0775
20.077
20.0769
20.0769
20.0769
20.077
20.0744
20.0742
20.0742
20.0742
20.0744
20.069
20.0689
20.0689
20.0689
20.069
20.0607
20.0606
20.0606
20.0606
20.0607
20.0491
20.0489
20.0489
20.0489
20.0491
20.0339
20.0338
20.0338
20.0338
20.0339
20.0144
20.0142
20.0142
20.0142
20.0144
19.9918
19.9919
19.992
19.9919
19.9918
19.9621
19.9616
19.9616
19.9616
19.9621
19.9361
19.937
19.937
19.937
19.9361
19.8948
19.8936
19.8933
19.8936
19.8948
19.8841
19.8862
19.8862
19.8862
19.8841
19.8419
19.8397
19.8397
19.8397
19.8419
19.8748
19.8784
19.8785
19.8784
19.8748
19.7961
19.7944
19.7945
19.7944
19.7962
20.0695
20.0695
20.0695
20.0695
20.0695
20.0726
20.0727
20.0726
20.0727
20.0726
20.0745
20.0745
20.0745
20.0745
20.0745
20.0757
20.0757
20.0757
20.0757
20.0757
20.0751
20.0751
20.0751
20.0751
20.0751
20.0724
20.0724
20.0724
20.0724
20.0724
20.0669
20.0669
20.0669
20.0669
20.0669
20.0585
20.0585
20.0585
20.0585
20.0585
20.0467
20.0466
20.0466
20.0466
20.0467
20.0312
20.0312
20.0313
20.0312
20.0312
20.0106
20.0105
20.0105
20.0105
20.0106
19.9871
19.9874
19.9874
19.9874
19.9871
19.9516
19.9509
19.9509
19.9509
19.9516
19.9226
19.9237
19.9238
19.9237
19.9226
19.8524
19.8506
19.8506
19.8506
19.8524
19.8311
19.8338
19.8338
19.8338
19.8311
19.6917
19.6896
19.6897
19.6896
19.6917
19.7204
19.7239
19.7234
19.7239
19.7204
19.3903
19.3889
19.3876
19.3889
19.3903
20.0677
20.0677
20.0677
20.0677
20.0677
20.0711
20.0711
20.0711
20.0711
20.0711
20.0729
20.0729
20.0729
20.0729
20.0729
20.0741
20.0741
20.0741
20.0741
20.0741
20.0735
20.0735
20.0735
20.0735
20.0735
20.0706
20.0706
20.0706
20.0706
20.0706
20.0651
20.0651
20.0651
20.0651
20.0651
20.0566
20.0566
20.0566
20.0566
20.0566
20.0445
20.0445
20.0445
20.0445
20.0445
20.0289
20.0289
20.0289
20.0289
20.0289
20.0075
20.0073
20.0073
20.0073
20.0075
19.9834
19.9836
19.9837
19.9836
19.9834
19.9431
19.9423
19.9423
19.9423
19.9431
19.9128
19.914
19.914
19.914
19.9128
19.82
19.8179
19.818
19.8179
19.82
19.7926
19.7961
19.7961
19.7961
19.7926
19.5142
19.5114
19.5118
19.5114
19.5142
19.5602
19.571
19.5709
19.571
19.5602
18.0285
18.0283
18.0263
18.0283
18.0285
)
;

boundaryField
{
    empty
    {
        type            empty;
    }
    top
    {
        type            fixedValue;
        value           uniform 20.1;
    }
    fixedwall
    {
        type            zeroGradient;
    }
    outlet
    {
        type            fixedValue;
        value           uniform 0;
    }
}


// ************************************************************************* //
