/*--------------------------------*- C++ -*----------------------------------*\
  =========                 |
  \\      /  F ield         | OpenFOAM: The Open Source CFD Toolbox
   \\    /   O peration     | Website:  https://openfoam.org
    \\  /    A nd           | Version:  9
     \\/     M anipulation  |
\*---------------------------------------------------------------------------*/
FoamFile
{
    format      ascii;
    class       labelList;
    note        "nPoints:5880  nCells:4545  nFaces:14894  nInternalFaces:12376";
    location    "constant/polyMesh";
    object      neighbour;
}
// * * * * * * * * * * * * * * * * * * * * * * * * * * * * * * * * * * * * * //


12376
(
1
5
195
2
6
196
3
7
197
4
8
198
9
199
6
10
200
7
11
201
8
12
202
9
13
203
14
204
11
15
205
12
16
206
13
17
207
14
18
208
19
209
16
20
210
17
21
211
18
22
212
19
23
213
24
214
21
25
215
22
26
216
23
27
217
24
28
218
29
219
26
30
220
27
31
221
28
32
222
29
33
223
34
224
31
35
225
32
36
226
33
37
227
34
38
228
39
229
36
40
230
37
41
231
38
42
232
39
43
233
44
234
41
45
235
42
46
236
43
47
237
44
48
238
49
239
46
50
240
47
51
241
48
52
242
49
53
243
54
244
51
55
245
52
56
246
53
57
247
54
58
248
59
249
56
60
250
57
61
251
58
62
252
59
63
253
64
254
61
65
255
62
66
256
63
67
257
64
68
258
69
259
66
70
260
67
71
261
68
72
262
69
73
263
74
264
71
75
265
72
76
266
73
77
267
74
78
268
79
269
76
80
270
77
81
271
78
82
272
79
83
273
84
274
81
85
275
82
86
276
83
87
277
84
88
278
89
279
86
90
280
87
91
281
88
92
282
89
93
283
94
284
91
95
285
92
96
286
93
97
287
94
98
288
99
289
96
100
290
97
101
291
98
102
292
99
103
293
104
294
101
105
295
102
106
296
103
107
297
104
108
298
109
299
106
110
300
107
111
301
108
112
302
109
113
303
114
304
111
115
305
112
116
306
113
117
307
114
118
308
119
309
116
120
310
117
121
311
118
122
312
119
123
313
124
314
121
125
315
122
126
316
123
127
317
124
128
318
129
319
126
130
320
127
131
321
128
132
322
129
133
323
134
324
131
135
325
132
136
326
133
137
327
134
138
328
139
329
136
140
330
137
141
331
138
142
332
139
143
333
144
334
141
145
335
142
146
336
143
147
337
144
148
338
149
339
146
150
340
147
151
341
148
152
342
149
153
343
154
344
151
155
345
152
156
346
153
157
347
154
158
348
159
349
156
160
350
157
161
351
158
162
352
159
163
353
164
354
161
165
355
162
166
356
163
167
357
164
168
358
169
359
166
170
360
167
171
361
168
172
362
169
173
363
174
364
171
175
365
172
176
366
173
177
367
174
178
368
179
369
176
180
370
177
181
371
178
182
372
179
183
373
184
374
181
185
375
182
186
376
183
187
377
184
188
378
189
379
186
190
380
187
191
381
188
192
382
189
193
383
194
384
191
385
3990
192
386
3991
193
387
3992
194
388
3993
389
3994
196
200
390
197
201
391
198
202
392
199
203
393
204
394
201
205
395
202
206
396
203
207
397
204
208
398
209
399
206
210
400
207
211
401
208
212
402
209
213
403
214
404
211
215
405
212
216
406
213
217
407
214
218
408
219
409
216
220
410
217
221
411
218
222
412
219
223
413
224
414
221
225
415
222
226
416
223
227
417
224
228
418
229
419
226
230
420
227
231
421
228
232
422
229
233
423
234
424
231
235
425
232
236
426
233
237
427
234
238
428
239
429
236
240
430
237
241
431
238
242
432
239
243
433
244
434
241
245
435
242
246
436
243
247
437
244
248
438
249
439
246
250
440
247
251
441
248
252
442
249
253
443
254
444
251
255
445
252
256
446
253
257
447
254
258
448
259
449
256
260
450
257
261
451
258
262
452
259
263
453
264
454
261
265
455
262
266
456
263
267
457
264
268
458
269
459
266
270
460
267
271
461
268
272
462
269
273
463
274
464
271
275
465
272
276
466
273
277
467
274
278
468
279
469
276
280
470
277
281
471
278
282
472
279
283
473
284
474
281
285
475
282
286
476
283
287
477
284
288
478
289
479
286
290
480
287
291
481
288
292
482
289
293
483
294
484
291
295
485
292
296
486
293
297
487
294
298
488
299
489
296
300
490
297
301
491
298
302
492
299
303
493
304
494
301
305
495
302
306
496
303
307
497
304
308
498
309
499
306
310
500
307
311
501
308
312
502
309
313
503
314
504
311
315
505
312
316
506
313
317
507
314
318
508
319
509
316
320
510
317
321
511
318
322
512
319
323
513
324
514
321
325
515
322
326
516
323
327
517
324
328
518
329
519
326
330
520
327
331
521
328
332
522
329
333
523
334
524
331
335
525
332
336
526
333
337
527
334
338
528
339
529
336
340
530
337
341
531
338
342
532
339
343
533
344
534
341
345
535
342
346
536
343
347
537
344
348
538
349
539
346
350
540
347
351
541
348
352
542
349
353
543
354
544
351
355
545
352
356
546
353
357
547
354
358
548
359
549
356
360
550
357
361
551
358
362
552
359
363
553
364
554
361
365
555
362
366
556
363
367
557
364
368
558
369
559
366
370
560
367
371
561
368
372
562
369
373
563
374
564
371
375
565
372
376
566
373
377
567
374
378
568
379
569
376
380
570
377
381
571
378
382
572
379
383
573
384
574
381
385
575
382
386
576
383
387
577
384
388
578
389
579
386
580
3995
387
581
3996
388
582
3997
389
583
3998
584
3999
391
395
585
392
396
586
393
397
587
394
398
588
399
589
396
400
590
397
401
591
398
402
592
399
403
593
404
594
401
405
595
402
406
596
403
407
597
404
408
598
409
599
406
410
600
407
411
601
408
412
602
409
413
603
414
604
411
415
605
412
416
606
413
417
607
414
418
608
419
609
416
420
610
417
421
611
418
422
612
419
423
613
424
614
421
425
615
422
426
616
423
427
617
424
428
618
429
619
426
430
620
427
431
621
428
432
622
429
433
623
434
624
431
435
625
432
436
626
433
437
627
434
438
628
439
629
436
440
630
437
441
631
438
442
632
439
443
633
444
634
441
445
635
442
446
636
443
447
637
444
448
638
449
639
446
450
640
447
451
641
448
452
642
449
453
643
454
644
451
455
645
452
456
646
453
457
647
454
458
648
459
649
456
460
650
457
461
651
458
462
652
459
463
653
464
654
461
465
655
462
466
656
463
467
657
464
468
658
469
659
466
470
660
467
471
661
468
472
662
469
473
663
474
664
471
475
665
472
476
666
473
477
667
474
478
668
479
669
476
480
670
477
481
671
478
482
672
479
483
673
484
674
481
485
675
482
486
676
483
487
677
484
488
678
489
679
486
490
680
487
491
681
488
492
682
489
493
683
494
684
491
495
685
492
496
686
493
497
687
494
498
688
499
689
496
500
690
497
501
691
498
502
692
499
503
693
504
694
501
505
695
502
506
696
503
507
697
504
508
698
509
699
506
510
700
507
511
701
508
512
702
509
513
703
514
704
511
515
705
512
516
706
513
517
707
514
518
708
519
709
516
520
710
517
521
711
518
522
712
519
523
713
524
714
521
525
715
522
526
716
523
527
717
524
528
718
529
719
526
530
720
527
531
721
528
532
722
529
533
723
534
724
531
535
725
532
536
726
533
537
727
534
538
728
539
729
536
540
730
537
541
731
538
542
732
539
543
733
544
734
541
545
735
542
546
736
543
547
737
544
548
738
549
739
546
550
740
547
551
741
548
552
742
549
553
743
554
744
551
555
745
552
556
746
553
557
747
554
558
748
559
749
556
560
750
557
561
751
558
562
752
559
563
753
564
754
561
565
755
562
566
756
563
567
757
564
568
758
569
759
566
570
760
567
571
761
568
572
762
569
573
763
574
764
571
575
765
572
576
766
573
577
767
574
578
768
579
769
576
580
770
577
581
771
578
582
772
579
583
773
584
774
581
775
4000
582
776
4001
583
777
4002
584
778
4003
779
4004
586
590
780
587
591
781
588
592
782
589
593
783
594
784
591
595
785
592
596
786
593
597
787
594
598
788
599
789
596
600
790
597
601
791
598
602
792
599
603
793
604
794
601
605
795
602
606
796
603
607
797
604
608
798
609
799
606
610
800
607
611
801
608
612
802
609
613
803
614
804
611
615
805
612
616
806
613
617
807
614
618
808
619
809
616
620
810
617
621
811
618
622
812
619
623
813
624
814
621
625
815
622
626
816
623
627
817
624
628
818
629
819
626
630
820
627
631
821
628
632
822
629
633
823
634
824
631
635
825
632
636
826
633
637
827
634
638
828
639
829
636
640
830
637
641
831
638
642
832
639
643
833
644
834
641
645
835
642
646
836
643
647
837
644
648
838
649
839
646
650
840
647
651
841
648
652
842
649
653
843
654
844
651
655
845
652
656
846
653
657
847
654
658
848
659
849
656
660
850
657
661
851
658
662
852
659
663
853
664
854
661
665
855
662
666
856
663
667
857
664
668
858
669
859
666
670
860
667
671
861
668
672
862
669
673
863
674
864
671
675
865
672
676
866
673
677
867
674
678
868
679
869
676
680
870
677
681
871
678
682
872
679
683
873
684
874
681
685
875
682
686
876
683
687
877
684
688
878
689
879
686
690
880
687
691
881
688
692
882
689
693
883
694
884
691
695
885
692
696
886
693
697
887
694
698
888
699
889
696
700
890
697
701
891
698
702
892
699
703
893
704
894
701
705
895
702
706
896
703
707
897
704
708
898
709
899
706
710
900
707
711
901
708
712
902
709
713
903
714
904
711
715
905
712
716
906
713
717
907
714
718
908
719
909
716
720
910
717
721
911
718
722
912
719
723
913
724
914
721
725
915
722
726
916
723
727
917
724
728
918
729
919
726
730
920
727
731
921
728
732
922
729
733
923
734
924
731
735
925
732
736
926
733
737
927
734
738
928
739
929
736
740
930
737
741
931
738
742
932
739
743
933
744
934
741
745
935
742
746
936
743
747
937
744
748
938
749
939
746
750
940
747
751
941
748
752
942
749
753
943
754
944
751
755
945
752
756
946
753
757
947
754
758
948
759
949
756
760
950
757
761
951
758
762
952
759
763
953
764
954
761
765
955
762
766
956
763
767
957
764
768
958
769
959
766
770
960
767
771
961
768
772
962
769
773
963
774
964
771
775
965
772
776
966
773
777
967
774
778
968
779
969
776
970
4005
777
971
4006
778
972
4007
779
973
4008
974
4009
781
785
975
782
786
976
783
787
977
784
788
978
789
979
786
790
980
787
791
981
788
792
982
789
793
983
794
984
791
795
985
792
796
986
793
797
987
794
798
988
799
989
796
800
990
797
801
991
798
802
992
799
803
993
804
994
801
805
995
802
806
996
803
807
997
804
808
998
809
999
806
810
1000
807
811
1001
808
812
1002
809
813
1003
814
1004
811
815
1005
812
816
1006
813
817
1007
814
818
1008
819
1009
816
820
1010
817
821
1011
818
822
1012
819
823
1013
824
1014
821
825
1015
822
826
1016
823
827
1017
824
828
1018
829
1019
826
830
1020
827
831
1021
828
832
1022
829
833
1023
834
1024
831
835
1025
832
836
1026
833
837
1027
834
838
1028
839
1029
836
840
1030
837
841
1031
838
842
1032
839
843
1033
844
1034
841
845
1035
842
846
1036
843
847
1037
844
848
1038
849
1039
846
850
1040
847
851
1041
848
852
1042
849
853
1043
854
1044
851
855
1045
852
856
1046
853
857
1047
854
858
1048
859
1049
856
860
1050
857
861
1051
858
862
1052
859
863
1053
864
1054
861
865
1055
862
866
1056
863
867
1057
864
868
1058
869
1059
866
870
1060
867
871
1061
868
872
1062
869
873
1063
874
1064
871
875
1065
872
876
1066
873
877
1067
874
878
1068
879
1069
876
880
1070
877
881
1071
878
882
1072
879
883
1073
884
1074
881
885
1075
882
886
1076
883
887
1077
884
888
1078
889
1079
886
890
1080
887
891
1081
888
892
1082
889
893
1083
894
1084
891
895
1085
892
896
1086
893
897
1087
894
898
1088
899
1089
896
900
1090
897
901
1091
898
902
1092
899
903
1093
904
1094
901
905
1095
902
906
1096
903
907
1097
904
908
1098
909
1099
906
910
1100
907
911
1101
908
912
1102
909
913
1103
914
1104
911
915
1105
912
916
1106
913
917
1107
914
918
1108
919
1109
916
920
1110
917
921
1111
918
922
1112
919
923
1113
924
1114
921
925
1115
922
926
1116
923
927
1117
924
928
1118
929
1119
926
930
1120
927
931
1121
928
932
1122
929
933
1123
934
1124
931
935
1125
932
936
1126
933
937
1127
934
938
1128
939
1129
936
940
1130
937
941
1131
938
942
1132
939
943
1133
944
1134
941
945
1135
942
946
1136
943
947
1137
944
948
1138
949
1139
946
950
1140
947
951
1141
948
952
1142
949
953
1143
954
1144
951
955
1145
952
956
1146
953
957
1147
954
958
1148
959
1149
956
960
1150
957
961
1151
958
962
1152
959
963
1153
964
1154
961
965
1155
962
966
1156
963
967
1157
964
968
1158
969
1159
966
970
1160
967
971
1161
968
972
1162
969
973
1163
974
1164
971
1165
4010
972
1166
4011
973
1167
4012
974
1168
4013
1169
4014
976
980
1170
977
981
1171
978
982
1172
979
983
1173
984
1174
981
985
1175
982
986
1176
983
987
1177
984
988
1178
989
1179
986
990
1180
987
991
1181
988
992
1182
989
993
1183
994
1184
991
995
1185
992
996
1186
993
997
1187
994
998
1188
999
1189
996
1000
1190
997
1001
1191
998
1002
1192
999
1003
1193
1004
1194
1001
1005
1195
1002
1006
1196
1003
1007
1197
1004
1008
1198
1009
1199
1006
1010
1200
1007
1011
1201
1008
1012
1202
1009
1013
1203
1014
1204
1011
1015
1205
1012
1016
1206
1013
1017
1207
1014
1018
1208
1019
1209
1016
1020
1210
1017
1021
1211
1018
1022
1212
1019
1023
1213
1024
1214
1021
1025
1215
1022
1026
1216
1023
1027
1217
1024
1028
1218
1029
1219
1026
1030
1220
1027
1031
1221
1028
1032
1222
1029
1033
1223
1034
1224
1031
1035
1225
1032
1036
1226
1033
1037
1227
1034
1038
1228
1039
1229
1036
1040
1230
1037
1041
1231
1038
1042
1232
1039
1043
1233
1044
1234
1041
1045
1235
1042
1046
1236
1043
1047
1237
1044
1048
1238
1049
1239
1046
1050
1240
1047
1051
1241
1048
1052
1242
1049
1053
1243
1054
1244
1051
1055
1245
1052
1056
1246
1053
1057
1247
1054
1058
1248
1059
1249
1056
1060
1250
1057
1061
1251
1058
1062
1252
1059
1063
1253
1064
1254
1061
1065
1255
1062
1066
1256
1063
1067
1257
1064
1068
1258
1069
1259
1066
1070
1260
1067
1071
1261
1068
1072
1262
1069
1073
1263
1074
1264
1071
1075
1265
1072
1076
1266
1073
1077
1267
1074
1078
1268
1079
1269
1076
1080
1270
1077
1081
1271
1078
1082
1272
1079
1083
1273
1084
1274
1081
1085
1275
1082
1086
1276
1083
1087
1277
1084
1088
1278
1089
1279
1086
1090
1280
1087
1091
1281
1088
1092
1282
1089
1093
1283
1094
1284
1091
1095
1285
1092
1096
1286
1093
1097
1287
1094
1098
1288
1099
1289
1096
1100
1290
1097
1101
1291
1098
1102
1292
1099
1103
1293
1104
1294
1101
1105
1295
1102
1106
1296
1103
1107
1297
1104
1108
1298
1109
1299
1106
1110
1300
1107
1111
1301
1108
1112
1302
1109
1113
1303
1114
1304
1111
1115
1305
1112
1116
1306
1113
1117
1307
1114
1118
1308
1119
1309
1116
1120
1310
1117
1121
1311
1118
1122
1312
1119
1123
1313
1124
1314
1121
1125
1315
1122
1126
1316
1123
1127
1317
1124
1128
1318
1129
1319
1126
1130
1320
1127
1131
1321
1128
1132
1322
1129
1133
1323
1134
1324
1131
1135
1325
1132
1136
1326
1133
1137
1327
1134
1138
1328
1139
1329
1136
1140
1330
1137
1141
1331
1138
1142
1332
1139
1143
1333
1144
1334
1141
1145
1335
1142
1146
1336
1143
1147
1337
1144
1148
1338
1149
1339
1146
1150
1340
1147
1151
1341
1148
1152
1342
1149
1153
1343
1154
1344
1151
1155
1345
1152
1156
1346
1153
1157
1347
1154
1158
1348
1159
1349
1156
1160
1350
1157
1161
1351
1158
1162
1352
1159
1163
1353
1164
1354
1161
1165
1355
1162
1166
1356
1163
1167
1357
1164
1168
1358
1169
1359
1166
1360
4015
1167
1361
4016
1168
1362
4017
1169
1363
4018
1364
4019
1171
1175
1365
1172
1176
1366
1173
1177
1367
1174
1178
1368
1179
1369
1176
1180
1370
1177
1181
1371
1178
1182
1372
1179
1183
1373
1184
1374
1181
1185
1375
1182
1186
1376
1183
1187
1377
1184
1188
1378
1189
1379
1186
1190
1380
1187
1191
1381
1188
1192
1382
1189
1193
1383
1194
1384
1191
1195
1385
1192
1196
1386
1193
1197
1387
1194
1198
1388
1199
1389
1196
1200
1390
1197
1201
1391
1198
1202
1392
1199
1203
1393
1204
1394
1201
1205
1395
1202
1206
1396
1203
1207
1397
1204
1208
1398
1209
1399
1206
1210
1400
1207
1211
1401
1208
1212
1402
1209
1213
1403
1214
1404
1211
1215
1405
1212
1216
1406
1213
1217
1407
1214
1218
1408
1219
1409
1216
1220
1410
1217
1221
1411
1218
1222
1412
1219
1223
1413
1224
1414
1221
1225
1415
1222
1226
1416
1223
1227
1417
1224
1228
1418
1229
1419
1226
1230
1420
1227
1231
1421
1228
1232
1422
1229
1233
1423
1234
1424
1231
1235
1425
1232
1236
1426
1233
1237
1427
1234
1238
1428
1239
1429
1236
1240
1430
1237
1241
1431
1238
1242
1432
1239
1243
1433
1244
1434
1241
1245
1435
1242
1246
1436
1243
1247
1437
1244
1248
1438
1249
1439
1246
1250
1440
1247
1251
1441
1248
1252
1442
1249
1253
1443
1254
1444
1251
1255
1445
1252
1256
1446
1253
1257
1447
1254
1258
1448
1259
1449
1256
1260
1450
1257
1261
1451
1258
1262
1452
1259
1263
1453
1264
1454
1261
1265
1455
1262
1266
1456
1263
1267
1457
1264
1268
1458
1269
1459
1266
1270
1460
1267
1271
1461
1268
1272
1462
1269
1273
1463
1274
1464
1271
1275
1465
1272
1276
1466
1273
1277
1467
1274
1278
1468
1279
1469
1276
1280
1470
1277
1281
1471
1278
1282
1472
1279
1283
1473
1284
1474
1281
1285
1475
1282
1286
1476
1283
1287
1477
1284
1288
1478
1289
1479
1286
1290
1480
1287
1291
1481
1288
1292
1482
1289
1293
1483
1294
1484
1291
1295
1485
1292
1296
1486
1293
1297
1487
1294
1298
1488
1299
1489
1296
1300
1490
1297
1301
1491
1298
1302
1492
1299
1303
1493
1304
1494
1301
1305
1495
1302
1306
1496
1303
1307
1497
1304
1308
1498
1309
1499
1306
1310
1500
1307
1311
1501
1308
1312
1502
1309
1313
1503
1314
1504
1311
1315
1505
1312
1316
1506
1313
1317
1507
1314
1318
1508
1319
1509
1316
1320
1510
1317
1321
1511
1318
1322
1512
1319
1323
1513
1324
1514
1321
1325
1515
1322
1326
1516
1323
1327
1517
1324
1328
1518
1329
1519
1326
1330
1520
1327
1331
1521
1328
1332
1522
1329
1333
1523
1334
1524
1331
1335
1525
1332
1336
1526
1333
1337
1527
1334
1338
1528
1339
1529
1336
1340
1530
1337
1341
1531
1338
1342
1532
1339
1343
1533
1344
1534
1341
1345
1535
1342
1346
1536
1343
1347
1537
1344
1348
1538
1349
1539
1346
1350
1540
1347
1351
1541
1348
1352
1542
1349
1353
1543
1354
1544
1351
1355
1545
1352
1356
1546
1353
1357
1547
1354
1358
1548
1359
1549
1356
1360
1550
1357
1361
1551
1358
1362
1552
1359
1363
1553
1364
1554
1361
1555
4020
1362
1556
4021
1363
1557
4022
1364
1558
4023
1559
4024
1366
1370
1560
1367
1371
1561
1368
1372
1562
1369
1373
1563
1374
1564
1371
1375
1565
1372
1376
1566
1373
1377
1567
1374
1378
1568
1379
1569
1376
1380
1570
1377
1381
1571
1378
1382
1572
1379
1383
1573
1384
1574
1381
1385
1575
1382
1386
1576
1383
1387
1577
1384
1388
1578
1389
1579
1386
1390
1580
1387
1391
1581
1388
1392
1582
1389
1393
1583
1394
1584
1391
1395
1585
1392
1396
1586
1393
1397
1587
1394
1398
1588
1399
1589
1396
1400
1590
1397
1401
1591
1398
1402
1592
1399
1403
1593
1404
1594
1401
1405
1595
1402
1406
1596
1403
1407
1597
1404
1408
1598
1409
1599
1406
1410
1600
1407
1411
1601
1408
1412
1602
1409
1413
1603
1414
1604
1411
1415
1605
1412
1416
1606
1413
1417
1607
1414
1418
1608
1419
1609
1416
1420
1610
1417
1421
1611
1418
1422
1612
1419
1423
1613
1424
1614
1421
1425
1615
1422
1426
1616
1423
1427
1617
1424
1428
1618
1429
1619
1426
1430
1620
1427
1431
1621
1428
1432
1622
1429
1433
1623
1434
1624
1431
1435
1625
1432
1436
1626
1433
1437
1627
1434
1438
1628
1439
1629
1436
1440
1630
1437
1441
1631
1438
1442
1632
1439
1443
1633
1444
1634
1441
1445
1635
1442
1446
1636
1443
1447
1637
1444
1448
1638
1449
1639
1446
1450
1640
1447
1451
1641
1448
1452
1642
1449
1453
1643
1454
1644
1451
1455
1645
1452
1456
1646
1453
1457
1647
1454
1458
1648
1459
1649
1456
1460
1650
1457
1461
1651
1458
1462
1652
1459
1463
1653
1464
1654
1461
1465
1655
1462
1466
1656
1463
1467
1657
1464
1468
1658
1469
1659
1466
1470
1660
1467
1471
1661
1468
1472
1662
1469
1473
1663
1474
1664
1471
1475
1665
1472
1476
1666
1473
1477
1667
1474
1478
1668
1479
1669
1476
1480
1670
1477
1481
1671
1478
1482
1672
1479
1483
1673
1484
1674
1481
1485
1675
1482
1486
1676
1483
1487
1677
1484
1488
1678
1489
1679
1486
1490
1680
1487
1491
1681
1488
1492
1682
1489
1493
1683
1494
1684
1491
1495
1685
1492
1496
1686
1493
1497
1687
1494
1498
1688
1499
1689
1496
1500
1690
1497
1501
1691
1498
1502
1692
1499
1503
1693
1504
1694
1501
1505
1695
1502
1506
1696
1503
1507
1697
1504
1508
1698
1509
1699
1506
1510
1700
1507
1511
1701
1508
1512
1702
1509
1513
1703
1514
1704
1511
1515
1705
1512
1516
1706
1513
1517
1707
1514
1518
1708
1519
1709
1516
1520
1710
1517
1521
1711
1518
1522
1712
1519
1523
1713
1524
1714
1521
1525
1715
1522
1526
1716
1523
1527
1717
1524
1528
1718
1529
1719
1526
1530
1720
1527
1531
1721
1528
1532
1722
1529
1533
1723
1534
1724
1531
1535
1725
1532
1536
1726
1533
1537
1727
1534
1538
1728
1539
1729
1536
1540
1730
1537
1541
1731
1538
1542
1732
1539
1543
1733
1544
1734
1541
1545
1735
1542
1546
1736
1543
1547
1737
1544
1548
1738
1549
1739
1546
1550
1740
1547
1551
1741
1548
1552
1742
1549
1553
1743
1554
1744
1551
1555
1745
1552
1556
1746
1553
1557
1747
1554
1558
1748
1559
1749
1556
1750
4025
1557
1751
4026
1558
1752
4027
1559
1753
4028
1754
4029
1561
1565
1755
1562
1566
1756
1563
1567
1757
1564
1568
1758
1569
1759
1566
1570
1760
1567
1571
1761
1568
1572
1762
1569
1573
1763
1574
1764
1571
1575
1765
1572
1576
1766
1573
1577
1767
1574
1578
1768
1579
1769
1576
1580
1770
1577
1581
1771
1578
1582
1772
1579
1583
1773
1584
1774
1581
1585
1775
1582
1586
1776
1583
1587
1777
1584
1588
1778
1589
1779
1586
1590
1780
1587
1591
1781
1588
1592
1782
1589
1593
1783
1594
1784
1591
1595
1785
1592
1596
1786
1593
1597
1787
1594
1598
1788
1599
1789
1596
1600
1790
1597
1601
1791
1598
1602
1792
1599
1603
1793
1604
1794
1601
1605
1795
1602
1606
1796
1603
1607
1797
1604
1608
1798
1609
1799
1606
1610
1800
1607
1611
1801
1608
1612
1802
1609
1613
1803
1614
1804
1611
1615
1805
1612
1616
1806
1613
1617
1807
1614
1618
1808
1619
1809
1616
1620
1810
1617
1621
1811
1618
1622
1812
1619
1623
1813
1624
1814
1621
1625
1815
1622
1626
1816
1623
1627
1817
1624
1628
1818
1629
1819
1626
1630
1820
1627
1631
1821
1628
1632
1822
1629
1633
1823
1634
1824
1631
1635
1825
1632
1636
1826
1633
1637
1827
1634
1638
1828
1639
1829
1636
1640
1830
1637
1641
1831
1638
1642
1832
1639
1643
1833
1644
1834
1641
1645
1835
1642
1646
1836
1643
1647
1837
1644
1648
1838
1649
1839
1646
1650
1840
1647
1651
1841
1648
1652
1842
1649
1653
1843
1654
1844
1651
1655
1845
1652
1656
1846
1653
1657
1847
1654
1658
1848
1659
1849
1656
1660
1850
1657
1661
1851
1658
1662
1852
1659
1663
1853
1664
1854
1661
1665
1855
1662
1666
1856
1663
1667
1857
1664
1668
1858
1669
1859
1666
1670
1860
1667
1671
1861
1668
1672
1862
1669
1673
1863
1674
1864
1671
1675
1865
1672
1676
1866
1673
1677
1867
1674
1678
1868
1679
1869
1676
1680
1870
1677
1681
1871
1678
1682
1872
1679
1683
1873
1684
1874
1681
1685
1875
1682
1686
1876
1683
1687
1877
1684
1688
1878
1689
1879
1686
1690
1880
1687
1691
1881
1688
1692
1882
1689
1693
1883
1694
1884
1691
1695
1885
1692
1696
1886
1693
1697
1887
1694
1698
1888
1699
1889
1696
1700
1890
1697
1701
1891
1698
1702
1892
1699
1703
1893
1704
1894
1701
1705
1895
1702
1706
1896
1703
1707
1897
1704
1708
1898
1709
1899
1706
1710
1900
1707
1711
1901
1708
1712
1902
1709
1713
1903
1714
1904
1711
1715
1905
1712
1716
1906
1713
1717
1907
1714
1718
1908
1719
1909
1716
1720
1910
1717
1721
1911
1718
1722
1912
1719
1723
1913
1724
1914
1721
1725
1915
1722
1726
1916
1723
1727
1917
1724
1728
1918
1729
1919
1726
1730
1920
1727
1731
1921
1728
1732
1922
1729
1733
1923
1734
1924
1731
1735
1925
1732
1736
1926
1733
1737
1927
1734
1738
1928
1739
1929
1736
1740
1930
1737
1741
1931
1738
1742
1932
1739
1743
1933
1744
1934
1741
1745
1935
1742
1746
1936
1743
1747
1937
1744
1748
1938
1749
1939
1746
1750
1940
1747
1751
1941
1748
1752
1942
1749
1753
1943
1754
1944
1751
1945
4030
1752
1946
4031
1753
1947
4032
1754
1948
4033
1949
4034
1756
1760
1950
1757
1761
1951
1758
1762
1952
1759
1763
1953
1764
1954
1761
1765
1955
1762
1766
1956
1763
1767
1957
1764
1768
1958
1769
1959
1766
1770
1960
1767
1771
1961
1768
1772
1962
1769
1773
1963
1774
1964
1771
1775
1965
1772
1776
1966
1773
1777
1967
1774
1778
1968
1779
1969
1776
1780
1970
1777
1781
1971
1778
1782
1972
1779
1783
1973
1784
1974
1781
1785
1975
1782
1786
1976
1783
1787
1977
1784
1788
1978
1789
1979
1786
1790
1980
1787
1791
1981
1788
1792
1982
1789
1793
1983
1794
1984
1791
1795
1985
1792
1796
1986
1793
1797
1987
1794
1798
1988
1799
1989
1796
1800
1990
1797
1801
1991
1798
1802
1992
1799
1803
1993
1804
1994
1801
1805
1995
1802
1806
1996
1803
1807
1997
1804
1808
1998
1809
1999
1806
1810
2000
1807
1811
2001
1808
1812
2002
1809
1813
2003
1814
2004
1811
1815
2005
1812
1816
2006
1813
1817
2007
1814
1818
2008
1819
2009
1816
1820
2010
1817
1821
2011
1818
1822
2012
1819
1823
2013
1824
2014
1821
1825
2015
1822
1826
2016
1823
1827
2017
1824
1828
2018
1829
2019
1826
1830
2020
1827
1831
2021
1828
1832
2022
1829
1833
2023
1834
2024
1831
1835
2025
1832
1836
2026
1833
1837
2027
1834
1838
2028
1839
2029
1836
1840
2030
1837
1841
2031
1838
1842
2032
1839
1843
2033
1844
2034
1841
1845
2035
1842
1846
2036
1843
1847
2037
1844
1848
2038
1849
2039
1846
1850
2040
1847
1851
2041
1848
1852
2042
1849
1853
2043
1854
2044
1851
1855
2045
1852
1856
2046
1853
1857
2047
1854
1858
2048
1859
2049
1856
1860
2050
1857
1861
2051
1858
1862
2052
1859
1863
2053
1864
2054
1861
1865
2055
1862
1866
2056
1863
1867
2057
1864
1868
2058
1869
2059
1866
1870
2060
1867
1871
2061
1868
1872
2062
1869
1873
2063
1874
2064
1871
1875
2065
1872
1876
2066
1873
1877
2067
1874
1878
2068
1879
2069
1876
1880
2070
1877
1881
2071
1878
1882
2072
1879
1883
2073
1884
2074
1881
1885
2075
1882
1886
2076
1883
1887
2077
1884
1888
2078
1889
2079
1886
1890
2080
1887
1891
2081
1888
1892
2082
1889
1893
2083
1894
2084
1891
1895
2085
1892
1896
2086
1893
1897
2087
1894
1898
2088
1899
2089
1896
1900
2090
1897
1901
2091
1898
1902
2092
1899
1903
2093
1904
2094
1901
1905
2095
1902
1906
2096
1903
1907
2097
1904
1908
2098
1909
2099
1906
1910
2100
1907
1911
2101
1908
1912
2102
1909
1913
2103
1914
2104
1911
1915
2105
1912
1916
2106
1913
1917
2107
1914
1918
2108
1919
2109
1916
1920
2110
1917
1921
2111
1918
1922
2112
1919
1923
2113
1924
2114
1921
1925
2115
1922
1926
2116
1923
1927
2117
1924
1928
2118
1929
2119
1926
1930
2120
1927
1931
2121
1928
1932
2122
1929
1933
2123
1934
2124
1931
1935
2125
1932
1936
2126
1933
1937
2127
1934
1938
2128
1939
2129
1936
1940
2130
1937
1941
2131
1938
1942
2132
1939
1943
2133
1944
2134
1941
1945
2135
1942
1946
2136
1943
1947
2137
1944
1948
2138
1949
2139
1946
2140
4035
1947
2141
4036
1948
2142
4037
1949
2143
4038
2144
4039
1951
1955
2145
1952
1956
2146
1953
1957
2147
1954
1958
2148
1959
2149
1956
1960
2150
1957
1961
2151
1958
1962
2152
1959
1963
2153
1964
2154
1961
1965
2155
1962
1966
2156
1963
1967
2157
1964
1968
2158
1969
2159
1966
1970
2160
1967
1971
2161
1968
1972
2162
1969
1973
2163
1974
2164
1971
1975
2165
1972
1976
2166
1973
1977
2167
1974
1978
2168
1979
2169
1976
1980
2170
1977
1981
2171
1978
1982
2172
1979
1983
2173
1984
2174
1981
1985
2175
1982
1986
2176
1983
1987
2177
1984
1988
2178
1989
2179
1986
1990
2180
1987
1991
2181
1988
1992
2182
1989
1993
2183
1994
2184
1991
1995
2185
1992
1996
2186
1993
1997
2187
1994
1998
2188
1999
2189
1996
2000
2190
1997
2001
2191
1998
2002
2192
1999
2003
2193
2004
2194
2001
2005
2195
2002
2006
2196
2003
2007
2197
2004
2008
2198
2009
2199
2006
2010
2200
2007
2011
2201
2008
2012
2202
2009
2013
2203
2014
2204
2011
2015
2205
2012
2016
2206
2013
2017
2207
2014
2018
2208
2019
2209
2016
2020
2210
2017
2021
2211
2018
2022
2212
2019
2023
2213
2024
2214
2021
2025
2215
2022
2026
2216
2023
2027
2217
2024
2028
2218
2029
2219
2026
2030
2220
2027
2031
2221
2028
2032
2222
2029
2033
2223
2034
2224
2031
2035
2225
2032
2036
2226
2033
2037
2227
2034
2038
2228
2039
2229
2036
2040
2230
2037
2041
2231
2038
2042
2232
2039
2043
2233
2044
2234
2041
2045
2235
2042
2046
2236
2043
2047
2237
2044
2048
2238
2049
2239
2046
2050
2240
2047
2051
2241
2048
2052
2242
2049
2053
2243
2054
2244
2051
2055
2245
2052
2056
2246
2053
2057
2247
2054
2058
2248
2059
2249
2056
2060
2250
2057
2061
2251
2058
2062
2252
2059
2063
2253
2064
2254
2061
2065
2255
2062
2066
2256
2063
2067
2257
2064
2068
2258
2069
2259
2066
2070
2260
2067
2071
2261
2068
2072
2262
2069
2073
2263
2074
2264
2071
2075
2265
2072
2076
2266
2073
2077
2267
2074
2078
2268
2079
2269
2076
2080
2270
2077
2081
2271
2078
2082
2272
2079
2083
2273
2084
2274
2081
2085
2275
2082
2086
2276
2083
2087
2277
2084
2088
2278
2089
2279
2086
2090
2280
2087
2091
2281
2088
2092
2282
2089
2093
2283
2094
2284
2091
2095
2285
2092
2096
2286
2093
2097
2287
2094
2098
2288
2099
2289
2096
2100
2290
2097
2101
2291
2098
2102
2292
2099
2103
2293
2104
2294
2101
2105
2295
2102
2106
2296
2103
2107
2297
2104
2108
2298
2109
2299
2106
2110
2300
2107
2111
2301
2108
2112
2302
2109
2113
2303
2114
2304
2111
2115
2305
2112
2116
2306
2113
2117
2307
2114
2118
2308
2119
2309
2116
2120
2310
2117
2121
2311
2118
2122
2312
2119
2123
2313
2124
2314
2121
2125
2315
2122
2126
2316
2123
2127
2317
2124
2128
2318
2129
2319
2126
2130
2320
2127
2131
2321
2128
2132
2322
2129
2133
2323
2134
2324
2131
2135
2325
2132
2136
2326
2133
2137
2327
2134
2138
2328
2139
2329
2136
2140
2330
2137
2141
2331
2138
2142
2332
2139
2143
2333
2144
2334
2141
2335
4040
2142
2336
4041
2143
2337
4042
2144
2338
4043
2339
4044
2146
2150
2340
2147
2151
2341
2148
2152
2342
2149
2153
2343
2154
2344
2151
2155
2345
2152
2156
2346
2153
2157
2347
2154
2158
2348
2159
2349
2156
2160
2350
2157
2161
2351
2158
2162
2352
2159
2163
2353
2164
2354
2161
2165
2355
2162
2166
2356
2163
2167
2357
2164
2168
2358
2169
2359
2166
2170
2360
2167
2171
2361
2168
2172
2362
2169
2173
2363
2174
2364
2171
2175
2365
2172
2176
2366
2173
2177
2367
2174
2178
2368
2179
2369
2176
2180
2370
2177
2181
2371
2178
2182
2372
2179
2183
2373
2184
2374
2181
2185
2375
2182
2186
2376
2183
2187
2377
2184
2188
2378
2189
2379
2186
2190
2380
2187
2191
2381
2188
2192
2382
2189
2193
2383
2194
2384
2191
2195
2385
2192
2196
2386
2193
2197
2387
2194
2198
2388
2199
2389
2196
2200
2390
2197
2201
2391
2198
2202
2392
2199
2203
2393
2204
2394
2201
2205
2395
2202
2206
2396
2203
2207
2397
2204
2208
2398
2209
2399
2206
2210
2400
2207
2211
2401
2208
2212
2402
2209
2213
2403
2214
2404
2211
2215
2405
2212
2216
2406
2213
2217
2407
2214
2218
2408
2219
2409
2216
2220
2410
2217
2221
2411
2218
2222
2412
2219
2223
2413
2224
2414
2221
2225
2415
2222
2226
2416
2223
2227
2417
2224
2228
2418
2229
2419
2226
2230
2420
2227
2231
2421
2228
2232
2422
2229
2233
2423
2234
2424
2231
2235
2425
2232
2236
2426
2233
2237
2427
2234
2238
2428
2239
2429
2236
2240
2430
2237
2241
2431
2238
2242
2432
2239
2243
2433
2244
2434
2241
2245
2435
2242
2246
2436
2243
2247
2437
2244
2248
2438
2249
2439
2246
2250
2440
2247
2251
2441
2248
2252
2442
2249
2253
2443
2254
2444
2251
2255
2445
2252
2256
2446
2253
2257
2447
2254
2258
2448
2259
2449
2256
2260
2450
2257
2261
2451
2258
2262
2452
2259
2263
2453
2264
2454
2261
2265
2455
2262
2266
2456
2263
2267
2457
2264
2268
2458
2269
2459
2266
2270
2460
2267
2271
2461
2268
2272
2462
2269
2273
2463
2274
2464
2271
2275
2465
2272
2276
2466
2273
2277
2467
2274
2278
2468
2279
2469
2276
2280
2470
2277
2281
2471
2278
2282
2472
2279
2283
2473
2284
2474
2281
2285
2475
2282
2286
2476
2283
2287
2477
2284
2288
2478
2289
2479
2286
2290
2480
2287
2291
2481
2288
2292
2482
2289
2293
2483
2294
2484
2291
2295
2485
2292
2296
2486
2293
2297
2487
2294
2298
2488
2299
2489
2296
2300
2490
2297
2301
2491
2298
2302
2492
2299
2303
2493
2304
2494
2301
2305
2495
2302
2306
2496
2303
2307
2497
2304
2308
2498
2309
2499
2306
2310
2500
2307
2311
2501
2308
2312
2502
2309
2313
2503
2314
2504
2311
2315
2505
2312
2316
2506
2313
2317
2507
2314
2318
2508
2319
2509
2316
2320
2510
2317
2321
2511
2318
2322
2512
2319
2323
2513
2324
2514
2321
2325
2515
2322
2326
2516
2323
2327
2517
2324
2328
2518
2329
2519
2326
2330
2520
2327
2331
2521
2328
2332
2522
2329
2333
2523
2334
2524
2331
2335
2525
2332
2336
2526
2333
2337
2527
2334
2338
2528
2339
2529
2336
2530
4045
2337
2531
4046
2338
2532
4047
2339
2533
4048
2534
4049
2341
2345
2535
2342
2346
2536
2343
2347
2537
2344
2348
2538
2349
2539
2346
2350
2540
2347
2351
2541
2348
2352
2542
2349
2353
2543
2354
2544
2351
2355
2545
2352
2356
2546
2353
2357
2547
2354
2358
2548
2359
2549
2356
2360
2550
2357
2361
2551
2358
2362
2552
2359
2363
2553
2364
2554
2361
2365
2555
2362
2366
2556
2363
2367
2557
2364
2368
2558
2369
2559
2366
2370
2560
2367
2371
2561
2368
2372
2562
2369
2373
2563
2374
2564
2371
2375
2565
2372
2376
2566
2373
2377
2567
2374
2378
2568
2379
2569
2376
2380
2570
2377
2381
2571
2378
2382
2572
2379
2383
2573
2384
2574
2381
2385
2575
2382
2386
2576
2383
2387
2577
2384
2388
2578
2389
2579
2386
2390
2580
2387
2391
2581
2388
2392
2582
2389
2393
2583
2394
2584
2391
2395
2585
2392
2396
2586
2393
2397
2587
2394
2398
2588
2399
2589
2396
2400
2590
2397
2401
2591
2398
2402
2592
2399
2403
2593
2404
2594
2401
2405
2595
2402
2406
2596
2403
2407
2597
2404
2408
2598
2409
2599
2406
2410
2600
2407
2411
2601
2408
2412
2602
2409
2413
2603
2414
2604
2411
2415
2605
2412
2416
2606
2413
2417
2607
2414
2418
2608
2419
2609
2416
2420
2610
2417
2421
2611
2418
2422
2612
2419
2423
2613
2424
2614
2421
2425
2615
2422
2426
2616
2423
2427
2617
2424
2428
2618
2429
2619
2426
2430
2620
2427
2431
2621
2428
2432
2622
2429
2433
2623
2434
2624
2431
2435
2625
2432
2436
2626
2433
2437
2627
2434
2438
2628
2439
2629
2436
2440
2630
2437
2441
2631
2438
2442
2632
2439
2443
2633
2444
2634
2441
2445
2635
2442
2446
2636
2443
2447
2637
2444
2448
2638
2449
2639
2446
2450
2640
2447
2451
2641
2448
2452
2642
2449
2453
2643
2454
2644
2451
2455
2645
2452
2456
2646
2453
2457
2647
2454
2458
2648
2459
2649
2456
2460
2650
2457
2461
2651
2458
2462
2652
2459
2463
2653
2464
2654
2461
2465
2655
2462
2466
2656
2463
2467
2657
2464
2468
2658
2469
2659
2466
2470
2660
2467
2471
2661
2468
2472
2662
2469
2473
2663
2474
2664
2471
2475
2665
2472
2476
2666
2473
2477
2667
2474
2478
2668
2479
2669
2476
2480
2670
2477
2481
2671
2478
2482
2672
2479
2483
2673
2484
2674
2481
2485
2675
2482
2486
2676
2483
2487
2677
2484
2488
2678
2489
2679
2486
2490
2680
2487
2491
2681
2488
2492
2682
2489
2493
2683
2494
2684
2491
2495
2685
2492
2496
2686
2493
2497
2687
2494
2498
2688
2499
2689
2496
2500
2690
2497
2501
2691
2498
2502
2692
2499
2503
2693
2504
2694
2501
2505
2695
2502
2506
2696
2503
2507
2697
2504
2508
2698
2509
2699
2506
2510
2700
2507
2511
2701
2508
2512
2702
2509
2513
2703
2514
2704
2511
2515
2705
2512
2516
2706
2513
2517
2707
2514
2518
2708
2519
2709
2516
2520
2710
2517
2521
2711
2518
2522
2712
2519
2523
2713
2524
2714
2521
2525
2715
2522
2526
2716
2523
2527
2717
2524
2528
2718
2529
2719
2526
2530
2720
2527
2531
2721
2528
2532
2722
2529
2533
2723
2534
2724
2531
2725
4050
2532
2726
4051
2533
2727
4052
2534
2728
4053
2729
4054
2536
2540
2730
2537
2541
2731
2538
2542
2732
2539
2543
2733
2544
2734
2541
2545
2735
2542
2546
2736
2543
2547
2737
2544
2548
2738
2549
2739
2546
2550
2740
2547
2551
2741
2548
2552
2742
2549
2553
2743
2554
2744
2551
2555
2745
2552
2556
2746
2553
2557
2747
2554
2558
2748
2559
2749
2556
2560
2750
2557
2561
2751
2558
2562
2752
2559
2563
2753
2564
2754
2561
2565
2755
2562
2566
2756
2563
2567
2757
2564
2568
2758
2569
2759
2566
2570
2760
2567
2571
2761
2568
2572
2762
2569
2573
2763
2574
2764
2571
2575
2765
2572
2576
2766
2573
2577
2767
2574
2578
2768
2579
2769
2576
2580
2770
2577
2581
2771
2578
2582
2772
2579
2583
2773
2584
2774
2581
2585
2775
2582
2586
2776
2583
2587
2777
2584
2588
2778
2589
2779
2586
2590
2780
2587
2591
2781
2588
2592
2782
2589
2593
2783
2594
2784
2591
2595
2785
2592
2596
2786
2593
2597
2787
2594
2598
2788
2599
2789
2596
2600
2790
2597
2601
2791
2598
2602
2792
2599
2603
2793
2604
2794
2601
2605
2795
2602
2606
2796
2603
2607
2797
2604
2608
2798
2609
2799
2606
2610
2800
2607
2611
2801
2608
2612
2802
2609
2613
2803
2614
2804
2611
2615
2805
2612
2616
2806
2613
2617
2807
2614
2618
2808
2619
2809
2616
2620
2810
2617
2621
2811
2618
2622
2812
2619
2623
2813
2624
2814
2621
2625
2815
2622
2626
2816
2623
2627
2817
2624
2628
2818
2629
2819
2626
2630
2820
2627
2631
2821
2628
2632
2822
2629
2633
2823
2634
2824
2631
2635
2825
2632
2636
2826
2633
2637
2827
2634
2638
2828
2639
2829
2636
2640
2830
2637
2641
2831
2638
2642
2832
2639
2643
2833
2644
2834
2641
2645
2835
2642
2646
2836
2643
2647
2837
2644
2648
2838
2649
2839
2646
2650
2840
2647
2651
2841
2648
2652
2842
2649
2653
2843
2654
2844
2651
2655
2845
2652
2656
2846
2653
2657
2847
2654
2658
2848
2659
2849
2656
2660
2850
2657
2661
2851
2658
2662
2852
2659
2663
2853
2664
2854
2661
2665
2855
2662
2666
2856
2663
2667
2857
2664
2668
2858
2669
2859
2666
2670
2860
2667
2671
2861
2668
2672
2862
2669
2673
2863
2674
2864
2671
2675
2865
2672
2676
2866
2673
2677
2867
2674
2678
2868
2679
2869
2676
2680
2870
2677
2681
2871
2678
2682
2872
2679
2683
2873
2684
2874
2681
2685
2875
2682
2686
2876
2683
2687
2877
2684
2688
2878
2689
2879
2686
2690
2880
2687
2691
2881
2688
2692
2882
2689
2693
2883
2694
2884
2691
2695
2885
2692
2696
2886
2693
2697
2887
2694
2698
2888
2699
2889
2696
2700
2890
2697
2701
2891
2698
2702
2892
2699
2703
2893
2704
2894
2701
2705
2895
2702
2706
2896
2703
2707
2897
2704
2708
2898
2709
2899
2706
2710
2900
2707
2711
2901
2708
2712
2902
2709
2713
2903
2714
2904
2711
2715
2905
2712
2716
2906
2713
2717
2907
2714
2718
2908
2719
2909
2716
2720
2910
2717
2721
2911
2718
2722
2912
2719
2723
2913
2724
2914
2721
2725
2915
2722
2726
2916
2723
2727
2917
2724
2728
2918
2729
2919
2726
2920
4055
2727
2921
4056
2728
2922
4057
2729
2923
4058
2924
4059
2731
2735
2925
2732
2736
2926
2733
2737
2927
2734
2738
2928
2739
2929
2736
2740
2930
2737
2741
2931
2738
2742
2932
2739
2743
2933
2744
2934
2741
2745
2935
2742
2746
2936
2743
2747
2937
2744
2748
2938
2749
2939
2746
2750
2940
2747
2751
2941
2748
2752
2942
2749
2753
2943
2754
2944
2751
2755
2945
2752
2756
2946
2753
2757
2947
2754
2758
2948
2759
2949
2756
2760
2950
2757
2761
2951
2758
2762
2952
2759
2763
2953
2764
2954
2761
2765
2955
2762
2766
2956
2763
2767
2957
2764
2768
2958
2769
2959
2766
2770
2960
2767
2771
2961
2768
2772
2962
2769
2773
2963
2774
2964
2771
2775
2965
2772
2776
2966
2773
2777
2967
2774
2778
2968
2779
2969
2776
2780
2970
2777
2781
2971
2778
2782
2972
2779
2783
2973
2784
2974
2781
2785
2975
2782
2786
2976
2783
2787
2977
2784
2788
2978
2789
2979
2786
2790
2980
2787
2791
2981
2788
2792
2982
2789
2793
2983
2794
2984
2791
2795
2985
2792
2796
2986
2793
2797
2987
2794
2798
2988
2799
2989
2796
2800
2990
2797
2801
2991
2798
2802
2992
2799
2803
2993
2804
2994
2801
2805
2995
2802
2806
2996
2803
2807
2997
2804
2808
2998
2809
2999
2806
2810
3000
2807
2811
3001
2808
2812
3002
2809
2813
3003
2814
3004
2811
2815
3005
2812
2816
3006
2813
2817
3007
2814
2818
3008
2819
3009
2816
2820
3010
2817
2821
3011
2818
2822
3012
2819
2823
3013
2824
3014
2821
2825
3015
2822
2826
3016
2823
2827
3017
2824
2828
3018
2829
3019
2826
2830
3020
2827
2831
3021
2828
2832
3022
2829
2833
3023
2834
3024
2831
2835
3025
2832
2836
3026
2833
2837
3027
2834
2838
3028
2839
3029
2836
2840
3030
2837
2841
3031
2838
2842
3032
2839
2843
3033
2844
3034
2841
2845
3035
2842
2846
3036
2843
2847
3037
2844
2848
3038
2849
3039
2846
2850
3040
2847
2851
3041
2848
2852
3042
2849
2853
3043
2854
3044
2851
2855
3045
2852
2856
3046
2853
2857
3047
2854
2858
3048
2859
3049
2856
2860
3050
2857
2861
3051
2858
2862
3052
2859
2863
3053
2864
3054
2861
2865
3055
2862
2866
3056
2863
2867
3057
2864
2868
3058
2869
3059
2866
2870
3060
2867
2871
3061
2868
2872
3062
2869
2873
3063
2874
3064
2871
2875
3065
2872
2876
3066
2873
2877
3067
2874
2878
3068
2879
3069
2876
2880
3070
2877
2881
3071
2878
2882
3072
2879
2883
3073
2884
3074
2881
2885
3075
2882
2886
3076
2883
2887
3077
2884
2888
3078
2889
3079
2886
2890
3080
2887
2891
3081
2888
2892
3082
2889
2893
3083
2894
3084
2891
2895
3085
2892
2896
3086
2893
2897
3087
2894
2898
3088
2899
3089
2896
2900
3090
2897
2901
3091
2898
2902
3092
2899
2903
3093
2904
3094
2901
2905
3095
2902
2906
3096
2903
2907
3097
2904
2908
3098
2909
3099
2906
2910
3100
2907
2911
3101
2908
2912
3102
2909
2913
3103
2914
3104
2911
2915
3105
2912
2916
3106
2913
2917
3107
2914
2918
3108
2919
3109
2916
2920
3110
2917
2921
3111
2918
2922
3112
2919
2923
3113
2924
3114
2921
3115
4060
2922
3116
4061
2923
3117
4062
2924
3118
4063
3119
4064
2926
2930
3120
2927
2931
3121
2928
2932
3122
2929
2933
3123
2934
3124
2931
2935
3125
2932
2936
3126
2933
2937
3127
2934
2938
3128
2939
3129
2936
2940
3130
2937
2941
3131
2938
2942
3132
2939
2943
3133
2944
3134
2941
2945
3135
2942
2946
3136
2943
2947
3137
2944
2948
3138
2949
3139
2946
2950
3140
2947
2951
3141
2948
2952
3142
2949
2953
3143
2954
3144
2951
2955
3145
2952
2956
3146
2953
2957
3147
2954
2958
3148
2959
3149
2956
2960
3150
2957
2961
3151
2958
2962
3152
2959
2963
3153
2964
3154
2961
2965
3155
2962
2966
3156
2963
2967
3157
2964
2968
3158
2969
3159
2966
2970
3160
2967
2971
3161
2968
2972
3162
2969
2973
3163
2974
3164
2971
2975
3165
2972
2976
3166
2973
2977
3167
2974
2978
3168
2979
3169
2976
2980
3170
2977
2981
3171
2978
2982
3172
2979
2983
3173
2984
3174
2981
2985
3175
2982
2986
3176
2983
2987
3177
2984
2988
3178
2989
3179
2986
2990
3180
2987
2991
3181
2988
2992
3182
2989
2993
3183
2994
3184
2991
2995
3185
2992
2996
3186
2993
2997
3187
2994
2998
3188
2999
3189
2996
3000
3190
2997
3001
3191
2998
3002
3192
2999
3003
3193
3004
3194
3001
3005
3195
3002
3006
3196
3003
3007
3197
3004
3008
3198
3009
3199
3006
3010
3200
3007
3011
3201
3008
3012
3202
3009
3013
3203
3014
3204
3011
3015
3205
3012
3016
3206
3013
3017
3207
3014
3018
3208
3019
3209
3016
3020
3210
3017
3021
3211
3018
3022
3212
3019
3023
3213
3024
3214
3021
3025
3215
3022
3026
3216
3023
3027
3217
3024
3028
3218
3029
3219
3026
3030
3220
3027
3031
3221
3028
3032
3222
3029
3033
3223
3034
3224
3031
3035
3225
3032
3036
3226
3033
3037
3227
3034
3038
3228
3039
3229
3036
3040
3230
3037
3041
3231
3038
3042
3232
3039
3043
3233
3044
3234
3041
3045
3235
3042
3046
3236
3043
3047
3237
3044
3048
3238
3049
3239
3046
3050
3240
3047
3051
3241
3048
3052
3242
3049
3053
3243
3054
3244
3051
3055
3245
3052
3056
3246
3053
3057
3247
3054
3058
3248
3059
3249
3056
3060
3250
3057
3061
3251
3058
3062
3252
3059
3063
3253
3064
3254
3061
3065
3255
3062
3066
3256
3063
3067
3257
3064
3068
3258
3069
3259
3066
3070
3260
3067
3071
3261
3068
3072
3262
3069
3073
3263
3074
3264
3071
3075
3265
3072
3076
3266
3073
3077
3267
3074
3078
3268
3079
3269
3076
3080
3270
3077
3081
3271
3078
3082
3272
3079
3083
3273
3084
3274
3081
3085
3275
3082
3086
3276
3083
3087
3277
3084
3088
3278
3089
3279
3086
3090
3280
3087
3091
3281
3088
3092
3282
3089
3093
3283
3094
3284
3091
3095
3285
3092
3096
3286
3093
3097
3287
3094
3098
3288
3099
3289
3096
3100
3290
3097
3101
3291
3098
3102
3292
3099
3103
3293
3104
3294
3101
3105
3295
3102
3106
3296
3103
3107
3297
3104
3108
3298
3109
3299
3106
3110
3300
3107
3111
3301
3108
3112
3302
3109
3113
3303
3114
3304
3111
3115
3305
3112
3116
3306
3113
3117
3307
3114
3118
3308
3119
3309
3116
3310
4065
3117
3311
4066
3118
3312
4067
3119
3313
4068
3314
4069
3121
3125
3315
3122
3126
3316
3123
3127
3317
3124
3128
3318
3129
3319
3126
3130
3320
3127
3131
3321
3128
3132
3322
3129
3133
3323
3134
3324
3131
3135
3325
3132
3136
3326
3133
3137
3327
3134
3138
3328
3139
3329
3136
3140
3330
3137
3141
3331
3138
3142
3332
3139
3143
3333
3144
3334
3141
3145
3335
3142
3146
3336
3143
3147
3337
3144
3148
3338
3149
3339
3146
3150
3340
3147
3151
3341
3148
3152
3342
3149
3153
3343
3154
3344
3151
3155
3345
3152
3156
3346
3153
3157
3347
3154
3158
3348
3159
3349
3156
3160
3350
3157
3161
3351
3158
3162
3352
3159
3163
3353
3164
3354
3161
3165
3355
3162
3166
3356
3163
3167
3357
3164
3168
3358
3169
3359
3166
3170
3360
3167
3171
3361
3168
3172
3362
3169
3173
3363
3174
3364
3171
3175
3365
3172
3176
3366
3173
3177
3367
3174
3178
3368
3179
3369
3176
3180
3370
3177
3181
3371
3178
3182
3372
3179
3183
3373
3184
3374
3181
3185
3375
3182
3186
3376
3183
3187
3377
3184
3188
3378
3189
3379
3186
3190
3380
3187
3191
3381
3188
3192
3382
3189
3193
3383
3194
3384
3191
3195
3385
3192
3196
3386
3193
3197
3387
3194
3198
3388
3199
3389
3196
3200
3390
3197
3201
3391
3198
3202
3392
3199
3203
3393
3204
3394
3201
3205
3395
3202
3206
3396
3203
3207
3397
3204
3208
3398
3209
3399
3206
3210
3400
3207
3211
3401
3208
3212
3402
3209
3213
3403
3214
3404
3211
3215
3405
3212
3216
3406
3213
3217
3407
3214
3218
3408
3219
3409
3216
3220
3410
3217
3221
3411
3218
3222
3412
3219
3223
3413
3224
3414
3221
3225
3415
3222
3226
3416
3223
3227
3417
3224
3228
3418
3229
3419
3226
3230
3420
3227
3231
3421
3228
3232
3422
3229
3233
3423
3234
3424
3231
3235
3425
3232
3236
3426
3233
3237
3427
3234
3238
3428
3239
3429
3236
3240
3430
3237
3241
3431
3238
3242
3432
3239
3243
3433
3244
3434
3241
3245
3435
3242
3246
3436
3243
3247
3437
3244
3248
3438
3249
3439
3246
3250
3440
3247
3251
3441
3248
3252
3442
3249
3253
3443
3254
3444
3251
3255
3445
3252
3256
3446
3253
3257
3447
3254
3258
3448
3259
3449
3256
3260
3450
3257
3261
3451
3258
3262
3452
3259
3263
3453
3264
3454
3261
3265
3455
3262
3266
3456
3263
3267
3457
3264
3268
3458
3269
3459
3266
3270
3460
3267
3271
3461
3268
3272
3462
3269
3273
3463
3274
3464
3271
3275
3465
3272
3276
3466
3273
3277
3467
3274
3278
3468
3279
3469
3276
3280
3470
3277
3281
3471
3278
3282
3472
3279
3283
3473
3284
3474
3281
3285
3475
3282
3286
3476
3283
3287
3477
3284
3288
3478
3289
3479
3286
3290
3480
3287
3291
3481
3288
3292
3482
3289
3293
3483
3294
3484
3291
3295
3485
3292
3296
3486
3293
3297
3487
3294
3298
3488
3299
3489
3296
3300
3490
3297
3301
3491
3298
3302
3492
3299
3303
3493
3304
3494
3301
3305
3495
3302
3306
3496
3303
3307
3497
3304
3308
3498
3309
3499
3306
3310
3500
3307
3311
3501
3308
3312
3502
3309
3313
3503
3314
3504
3311
3505
4070
3312
3506
4071
3313
3507
4072
3314
3508
4073
3509
4074
3316
3320
3510
3317
3321
3511
3318
3322
3512
3319
3323
3513
3324
3514
3321
3325
3515
3322
3326
3516
3323
3327
3517
3324
3328
3518
3329
3519
3326
3330
3520
3327
3331
3521
3328
3332
3522
3329
3333
3523
3334
3524
3331
3335
3525
3332
3336
3526
3333
3337
3527
3334
3338
3528
3339
3529
3336
3340
3530
3337
3341
3531
3338
3342
3532
3339
3343
3533
3344
3534
3341
3345
3535
3342
3346
3536
3343
3347
3537
3344
3348
3538
3349
3539
3346
3350
3540
3347
3351
3541
3348
3352
3542
3349
3353
3543
3354
3544
3351
3355
3545
3352
3356
3546
3353
3357
3547
3354
3358
3548
3359
3549
3356
3360
3550
3357
3361
3551
3358
3362
3552
3359
3363
3553
3364
3554
3361
3365
3555
3362
3366
3556
3363
3367
3557
3364
3368
3558
3369
3559
3366
3370
3560
3367
3371
3561
3368
3372
3562
3369
3373
3563
3374
3564
3371
3375
3565
3372
3376
3566
3373
3377
3567
3374
3378
3568
3379
3569
3376
3380
3570
3377
3381
3571
3378
3382
3572
3379
3383
3573
3384
3574
3381
3385
3575
3382
3386
3576
3383
3387
3577
3384
3388
3578
3389
3579
3386
3390
3580
3387
3391
3581
3388
3392
3582
3389
3393
3583
3394
3584
3391
3395
3585
3392
3396
3586
3393
3397
3587
3394
3398
3588
3399
3589
3396
3400
3590
3397
3401
3591
3398
3402
3592
3399
3403
3593
3404
3594
3401
3405
3595
3402
3406
3596
3403
3407
3597
3404
3408
3598
3409
3599
3406
3410
3600
3407
3411
3601
3408
3412
3602
3409
3413
3603
3414
3604
3411
3415
3605
3412
3416
3606
3413
3417
3607
3414
3418
3608
3419
3609
3416
3420
3610
3417
3421
3611
3418
3422
3612
3419
3423
3613
3424
3614
3421
3425
3615
3422
3426
3616
3423
3427
3617
3424
3428
3618
3429
3619
3426
3430
3620
3427
3431
3621
3428
3432
3622
3429
3433
3623
3434
3624
3431
3435
3625
3432
3436
3626
3433
3437
3627
3434
3438
3628
3439
3629
3436
3440
3630
3437
3441
3631
3438
3442
3632
3439
3443
3633
3444
3634
3441
3445
3635
3442
3446
3636
3443
3447
3637
3444
3448
3638
3449
3639
3446
3450
3640
3447
3451
3641
3448
3452
3642
3449
3453
3643
3454
3644
3451
3455
3645
3452
3456
3646
3453
3457
3647
3454
3458
3648
3459
3649
3456
3460
3650
3457
3461
3651
3458
3462
3652
3459
3463
3653
3464
3654
3461
3465
3655
3462
3466
3656
3463
3467
3657
3464
3468
3658
3469
3659
3466
3470
3660
3467
3471
3661
3468
3472
3662
3469
3473
3663
3474
3664
3471
3475
3665
3472
3476
3666
3473
3477
3667
3474
3478
3668
3479
3669
3476
3480
3670
3477
3481
3671
3478
3482
3672
3479
3483
3673
3484
3674
3481
3485
3675
3482
3486
3676
3483
3487
3677
3484
3488
3678
3489
3679
3486
3490
3680
3487
3491
3681
3488
3492
3682
3489
3493
3683
3494
3684
3491
3495
3685
3492
3496
3686
3493
3497
3687
3494
3498
3688
3499
3689
3496
3500
3690
3497
3501
3691
3498
3502
3692
3499
3503
3693
3504
3694
3501
3505
3695
3502
3506
3696
3503
3507
3697
3504
3508
3698
3509
3699
3506
3700
4075
3507
3701
4076
3508
3702
4077
3509
3703
4078
3704
4079
3511
3515
3512
3516
3513
3517
3514
3518
3519
3516
3520
3517
3521
3518
3522
3519
3523
3524
3521
3525
3522
3526
3523
3527
3524
3528
3529
3526
3530
3527
3531
3528
3532
3529
3533
3534
3531
3535
3532
3536
3533
3537
3534
3538
3539
3536
3540
3537
3541
3538
3542
3539
3543
3544
3541
3545
3542
3546
3543
3547
3544
3548
3549
3546
3550
3547
3551
3548
3552
3549
3553
3554
3551
3555
3552
3556
3553
3557
3554
3558
3559
3556
3560
3557
3561
3558
3562
3559
3563
3564
3561
3565
3562
3566
3563
3567
3564
3568
3569
3566
3570
3567
3571
3568
3572
3569
3573
3574
3571
3575
3572
3576
3573
3577
3574
3578
3579
3576
3580
3577
3581
3578
3582
3579
3583
3584
3581
3585
3582
3586
3583
3587
3584
3588
3589
3586
3590
3587
3591
3588
3592
3589
3593
3594
3591
3595
3592
3596
3593
3597
3594
3598
3599
3596
3600
3597
3601
3598
3602
3599
3603
3604
3601
3605
3602
3606
3603
3607
3604
3608
3609
3606
3610
3607
3611
3608
3612
3609
3613
3614
3611
3615
3612
3616
3613
3617
3614
3618
3619
3616
3620
3617
3621
3618
3622
3619
3623
3624
3621
3625
3622
3626
3623
3627
3624
3628
3629
3626
3630
3627
3631
3628
3632
3629
3633
3634
3631
3635
3632
3636
3633
3637
3634
3638
3639
3636
3640
3637
3641
3638
3642
3639
3643
3644
3641
3645
3642
3646
3643
3647
3644
3648
3649
3646
3650
3647
3651
3648
3652
3649
3653
3654
3651
3655
3652
3656
3653
3657
3654
3658
3659
3656
3660
3657
3661
3658
3662
3659
3663
3664
3661
3665
3662
3666
3663
3667
3664
3668
3669
3666
3670
3667
3671
3668
3672
3669
3673
3674
3671
3675
3672
3676
3673
3677
3674
3678
3679
3676
3680
3677
3681
3678
3682
3679
3683
3684
3681
3685
3682
3686
3683
3687
3684
3688
3689
3686
3690
3687
3691
3688
3692
3689
3693
3694
3691
3695
3692
3696
3693
3697
3694
3698
3699
3696
3700
3697
3701
3698
3702
3699
3703
3704
3701
4080
3702
4081
3703
4082
3704
4083
4084
3706
3710
3800
4450
3707
3711
3801
4451
3708
3712
3802
4452
3709
3713
3803
4453
3714
3804
4454
3711
3715
3805
4455
3712
3716
3806
4456
3713
3717
3807
4457
3714
3718
3808
4458
3719
3809
4459
3716
3720
3810
4460
3717
3721
3811
4461
3718
3722
3812
4462
3719
3723
3813
4463
3724
3814
4464
3721
3725
3815
4465
3722
3726
3816
4466
3723
3727
3817
4467
3724
3728
3818
4468
3729
3819
4469
3726
3730
3820
4470
3727
3731
3821
4471
3728
3732
3822
4472
3729
3733
3823
4473
3734
3824
4474
3731
3735
3825
4475
3732
3736
3826
4476
3733
3737
3827
4477
3734
3738
3828
4478
3739
3829
4479
3736
3740
3830
4480
3737
3741
3831
4481
3738
3742
3832
4482
3739
3743
3833
4483
3744
3834
4484
3741
3745
3835
4485
3742
3746
3836
4486
3743
3747
3837
4487
3744
3748
3838
4488
3749
3839
4489
3746
3750
3840
4490
3747
3751
3841
4491
3748
3752
3842
4492
3749
3753
3843
4493
3754
3844
4494
3751
3755
3845
4495
3752
3756
3846
4496
3753
3757
3847
4497
3754
3758
3848
4498
3759
3849
4499
3756
3760
3850
4500
3757
3761
3851
4501
3758
3762
3852
4502
3759
3763
3853
4503
3764
3854
4504
3761
3765
3855
4505
3762
3766
3856
4506
3763
3767
3857
4507
3764
3768
3858
4508
3769
3859
4509
3766
3770
3860
4510
3767
3771
3861
4511
3768
3772
3862
4512
3769
3773
3863
4513
3774
3864
4514
3771
3775
3865
4515
3772
3776
3866
4516
3773
3777
3867
4517
3774
3778
3868
4518
3779
3869
4519
3776
3780
3870
4520
3777
3781
3871
4521
3778
3782
3872
4522
3779
3783
3873
4523
3784
3874
4524
3781
3785
3875
4525
3782
3786
3876
4526
3783
3787
3877
4527
3784
3788
3878
4528
3789
3879
4529
3786
3790
3880
4530
3787
3791
3881
4531
3788
3792
3882
4532
3789
3793
3883
4533
3794
3884
4534
3791
3795
3885
4535
3792
3796
3886
4536
3793
3797
3887
4537
3794
3798
3888
4538
3799
3889
4539
3796
3890
4100
4540
3797
3891
4101
4541
3798
3892
4102
4542
3799
3893
4103
4543
3894
4104
4544
3801
3805
3895
3802
3806
3896
3803
3807
3897
3804
3808
3898
3809
3899
3806
3810
3900
3807
3811
3901
3808
3812
3902
3809
3813
3903
3814
3904
3811
3815
3905
3812
3816
3906
3813
3817
3907
3814
3818
3908
3819
3909
3816
3820
3910
3817
3821
3911
3818
3822
3912
3819
3823
3913
3824
3914
3821
3825
3915
3822
3826
3916
3823
3827
3917
3824
3828
3918
3829
3919
3826
3830
3920
3827
3831
3921
3828
3832
3922
3829
3833
3923
3834
3924
3831
3835
3925
3832
3836
3926
3833
3837
3927
3834
3838
3928
3839
3929
3836
3840
3930
3837
3841
3931
3838
3842
3932
3839
3843
3933
3844
3934
3841
3845
3935
3842
3846
3936
3843
3847
3937
3844
3848
3938
3849
3939
3846
3850
3940
3847
3851
3941
3848
3852
3942
3849
3853
3943
3854
3944
3851
3855
3945
3852
3856
3946
3853
3857
3947
3854
3858
3948
3859
3949
3856
3860
3950
3857
3861
3951
3858
3862
3952
3859
3863
3953
3864
3954
3861
3865
3955
3862
3866
3956
3863
3867
3957
3864
3868
3958
3869
3959
3866
3870
3960
3867
3871
3961
3868
3872
3962
3869
3873
3963
3874
3964
3871
3875
3965
3872
3876
3966
3873
3877
3967
3874
3878
3968
3879
3969
3876
3880
3970
3877
3881
3971
3878
3882
3972
3879
3883
3973
3884
3974
3881
3885
3975
3882
3886
3976
3883
3887
3977
3884
3888
3978
3889
3979
3886
3890
3980
3887
3891
3981
3888
3892
3982
3889
3893
3983
3894
3984
3891
3985
4095
3892
3986
4096
3893
3987
4097
3894
3988
4098
3989
4099
3896
3900
3990
3897
3901
3991
3898
3902
3992
3899
3903
3993
3904
3994
3901
3905
3995
3902
3906
3996
3903
3907
3997
3904
3908
3998
3909
3999
3906
3910
4000
3907
3911
4001
3908
3912
4002
3909
3913
4003
3914
4004
3911
3915
4005
3912
3916
4006
3913
3917
4007
3914
3918
4008
3919
4009
3916
3920
4010
3917
3921
4011
3918
3922
4012
3919
3923
4013
3924
4014
3921
3925
4015
3922
3926
4016
3923
3927
4017
3924
3928
4018
3929
4019
3926
3930
4020
3927
3931
4021
3928
3932
4022
3929
3933
4023
3934
4024
3931
3935
4025
3932
3936
4026
3933
3937
4027
3934
3938
4028
3939
4029
3936
3940
4030
3937
3941
4031
3938
3942
4032
3939
3943
4033
3944
4034
3941
3945
4035
3942
3946
4036
3943
3947
4037
3944
3948
4038
3949
4039
3946
3950
4040
3947
3951
4041
3948
3952
4042
3949
3953
4043
3954
4044
3951
3955
4045
3952
3956
4046
3953
3957
4047
3954
3958
4048
3959
4049
3956
3960
4050
3957
3961
4051
3958
3962
4052
3959
3963
4053
3964
4054
3961
3965
4055
3962
3966
4056
3963
3967
4057
3964
3968
4058
3969
4059
3966
3970
4060
3967
3971
4061
3968
3972
4062
3969
3973
4063
3974
4064
3971
3975
4065
3972
3976
4066
3973
3977
4067
3974
3978
4068
3979
4069
3976
3980
4070
3977
3981
4071
3978
3982
4072
3979
3983
4073
3984
4074
3981
3985
4075
3982
3986
4076
3983
3987
4077
3984
3988
4078
3989
4079
3986
4080
4090
3987
4081
4091
3988
4082
4092
3989
4083
4093
4084
4094
3991
3995
3992
3996
3993
3997
3994
3998
3999
3996
4000
3997
4001
3998
4002
3999
4003
4004
4001
4005
4002
4006
4003
4007
4004
4008
4009
4006
4010
4007
4011
4008
4012
4009
4013
4014
4011
4015
4012
4016
4013
4017
4014
4018
4019
4016
4020
4017
4021
4018
4022
4019
4023
4024
4021
4025
4022
4026
4023
4027
4024
4028
4029
4026
4030
4027
4031
4028
4032
4029
4033
4034
4031
4035
4032
4036
4033
4037
4034
4038
4039
4036
4040
4037
4041
4038
4042
4039
4043
4044
4041
4045
4042
4046
4043
4047
4044
4048
4049
4046
4050
4047
4051
4048
4052
4049
4053
4054
4051
4055
4052
4056
4053
4057
4054
4058
4059
4056
4060
4057
4061
4058
4062
4059
4063
4064
4061
4065
4062
4066
4063
4067
4064
4068
4069
4066
4070
4067
4071
4068
4072
4069
4073
4074
4071
4075
4072
4076
4073
4077
4074
4078
4079
4076
4080
4077
4081
4078
4082
4079
4083
4084
4081
4085
4082
4086
4083
4087
4084
4088
4089
4086
4090
4105
4087
4091
4106
4088
4092
4107
4089
4093
4108
4094
4109
4091
4095
4110
4092
4096
4111
4093
4097
4112
4094
4098
4113
4099
4114
4096
4100
4115
4097
4101
4116
4098
4102
4117
4099
4103
4118
4104
4119
4101
4120
4102
4121
4103
4122
4104
4123
4124
4106
4110
4125
4107
4111
4126
4108
4112
4127
4109
4113
4128
4114
4129
4111
4115
4130
4112
4116
4131
4113
4117
4132
4114
4118
4133
4119
4134
4116
4120
4135
4117
4121
4136
4118
4122
4137
4119
4123
4138
4124
4139
4121
4140
4122
4141
4123
4142
4124
4143
4144
4126
4130
4145
4127
4131
4146
4128
4132
4147
4129
4133
4148
4134
4149
4131
4135
4150
4132
4136
4151
4133
4137
4152
4134
4138
4153
4139
4154
4136
4140
4155
4137
4141
4156
4138
4142
4157
4139
4143
4158
4144
4159
4141
4160
4142
4161
4143
4162
4144
4163
4164
4146
4150
4147
4151
4148
4152
4149
4153
4154
4151
4155
4152
4156
4153
4157
4154
4158
4159
4156
4160
4157
4161
4158
4162
4159
4163
4164
4161
4162
4163
4164
4166
4170
4260
4167
4171
4261
4168
4172
4262
4169
4173
4263
4174
4264
4171
4175
4265
4172
4176
4266
4173
4177
4267
4174
4178
4268
4179
4269
4176
4180
4270
4177
4181
4271
4178
4182
4272
4179
4183
4273
4184
4274
4181
4185
4275
4182
4186
4276
4183
4187
4277
4184
4188
4278
4189
4279
4186
4190
4280
4187
4191
4281
4188
4192
4282
4189
4193
4283
4194
4284
4191
4195
4285
4192
4196
4286
4193
4197
4287
4194
4198
4288
4199
4289
4196
4200
4290
4197
4201
4291
4198
4202
4292
4199
4203
4293
4204
4294
4201
4205
4295
4202
4206
4296
4203
4207
4297
4204
4208
4298
4209
4299
4206
4210
4300
4207
4211
4301
4208
4212
4302
4209
4213
4303
4214
4304
4211
4215
4305
4212
4216
4306
4213
4217
4307
4214
4218
4308
4219
4309
4216
4220
4310
4217
4221
4311
4218
4222
4312
4219
4223
4313
4224
4314
4221
4225
4315
4222
4226
4316
4223
4227
4317
4224
4228
4318
4229
4319
4226
4230
4320
4227
4231
4321
4228
4232
4322
4229
4233
4323
4234
4324
4231
4235
4325
4232
4236
4326
4233
4237
4327
4234
4238
4328
4239
4329
4236
4240
4330
4237
4241
4331
4238
4242
4332
4239
4243
4333
4244
4334
4241
4245
4335
4242
4246
4336
4243
4247
4337
4244
4248
4338
4249
4339
4246
4250
4340
4247
4251
4341
4248
4252
4342
4249
4253
4343
4254
4344
4251
4255
4345
4252
4256
4346
4253
4257
4347
4254
4258
4348
4259
4349
4256
4350
4257
4351
4258
4352
4259
4353
4354
4261
4265
4355
4262
4266
4356
4263
4267
4357
4264
4268
4358
4269
4359
4266
4270
4360
4267
4271
4361
4268
4272
4362
4269
4273
4363
4274
4364
4271
4275
4365
4272
4276
4366
4273
4277
4367
4274
4278
4368
4279
4369
4276
4280
4370
4277
4281
4371
4278
4282
4372
4279
4283
4373
4284
4374
4281
4285
4375
4282
4286
4376
4283
4287
4377
4284
4288
4378
4289
4379
4286
4290
4380
4287
4291
4381
4288
4292
4382
4289
4293
4383
4294
4384
4291
4295
4385
4292
4296
4386
4293
4297
4387
4294
4298
4388
4299
4389
4296
4300
4390
4297
4301
4391
4298
4302
4392
4299
4303
4393
4304
4394
4301
4305
4395
4302
4306
4396
4303
4307
4397
4304
4308
4398
4309
4399
4306
4310
4400
4307
4311
4401
4308
4312
4402
4309
4313
4403
4314
4404
4311
4315
4405
4312
4316
4406
4313
4317
4407
4314
4318
4408
4319
4409
4316
4320
4410
4317
4321
4411
4318
4322
4412
4319
4323
4413
4324
4414
4321
4325
4415
4322
4326
4416
4323
4327
4417
4324
4328
4418
4329
4419
4326
4330
4420
4327
4331
4421
4328
4332
4422
4329
4333
4423
4334
4424
4331
4335
4425
4332
4336
4426
4333
4337
4427
4334
4338
4428
4339
4429
4336
4340
4430
4337
4341
4431
4338
4342
4432
4339
4343
4433
4344
4434
4341
4345
4435
4342
4346
4436
4343
4347
4437
4344
4348
4438
4349
4439
4346
4350
4440
4347
4351
4441
4348
4352
4442
4349
4353
4443
4354
4444
4351
4445
4352
4446
4353
4447
4354
4448
4449
4356
4360
4450
4357
4361
4451
4358
4362
4452
4359
4363
4453
4364
4454
4361
4365
4455
4362
4366
4456
4363
4367
4457
4364
4368
4458
4369
4459
4366
4370
4460
4367
4371
4461
4368
4372
4462
4369
4373
4463
4374
4464
4371
4375
4465
4372
4376
4466
4373
4377
4467
4374
4378
4468
4379
4469
4376
4380
4470
4377
4381
4471
4378
4382
4472
4379
4383
4473
4384
4474
4381
4385
4475
4382
4386
4476
4383
4387
4477
4384
4388
4478
4389
4479
4386
4390
4480
4387
4391
4481
4388
4392
4482
4389
4393
4483
4394
4484
4391
4395
4485
4392
4396
4486
4393
4397
4487
4394
4398
4488
4399
4489
4396
4400
4490
4397
4401
4491
4398
4402
4492
4399
4403
4493
4404
4494
4401
4405
4495
4402
4406
4496
4403
4407
4497
4404
4408
4498
4409
4499
4406
4410
4500
4407
4411
4501
4408
4412
4502
4409
4413
4503
4414
4504
4411
4415
4505
4412
4416
4506
4413
4417
4507
4414
4418
4508
4419
4509
4416
4420
4510
4417
4421
4511
4418
4422
4512
4419
4423
4513
4424
4514
4421
4425
4515
4422
4426
4516
4423
4427
4517
4424
4428
4518
4429
4519
4426
4430
4520
4427
4431
4521
4428
4432
4522
4429
4433
4523
4434
4524
4431
4435
4525
4432
4436
4526
4433
4437
4527
4434
4438
4528
4439
4529
4436
4440
4530
4437
4441
4531
4438
4442
4532
4439
4443
4533
4444
4534
4441
4445
4535
4442
4446
4536
4443
4447
4537
4444
4448
4538
4449
4539
4446
4540
4447
4541
4448
4542
4449
4543
4544
4451
4455
4452
4456
4453
4457
4454
4458
4459
4456
4460
4457
4461
4458
4462
4459
4463
4464
4461
4465
4462
4466
4463
4467
4464
4468
4469
4466
4470
4467
4471
4468
4472
4469
4473
4474
4471
4475
4472
4476
4473
4477
4474
4478
4479
4476
4480
4477
4481
4478
4482
4479
4483
4484
4481
4485
4482
4486
4483
4487
4484
4488
4489
4486
4490
4487
4491
4488
4492
4489
4493
4494
4491
4495
4492
4496
4493
4497
4494
4498
4499
4496
4500
4497
4501
4498
4502
4499
4503
4504
4501
4505
4502
4506
4503
4507
4504
4508
4509
4506
4510
4507
4511
4508
4512
4509
4513
4514
4511
4515
4512
4516
4513
4517
4514
4518
4519
4516
4520
4517
4521
4518
4522
4519
4523
4524
4521
4525
4522
4526
4523
4527
4524
4528
4529
4526
4530
4527
4531
4528
4532
4529
4533
4534
4531
4535
4532
4536
4533
4537
4534
4538
4539
4536
4540
4537
4541
4538
4542
4539
4543
4544
4541
4542
4543
4544
)


// ************************************************************************* //
