/*--------------------------------*- C++ -*----------------------------------*\
  =========                 |
  \\      /  F ield         | OpenFOAM: The Open Source CFD Toolbox
   \\    /   O peration     | Website:  https://openfoam.org
    \\  /    A nd           | Version:  9
     \\/     M anipulation  |
\*---------------------------------------------------------------------------*/
FoamFile
{
    format      ascii;
    class       volScalarField;
    location    "4";
    object      nut;
}
// * * * * * * * * * * * * * * * * * * * * * * * * * * * * * * * * * * * * * //

dimensions      [0 2 -1 0 0 0 0];

internalField   nonuniform List<scalar> 
4545
(
0.00585129
0.0065303
0.00624681
0.00653031
0.00585132
0.00733422
0.0073587
0.00710071
0.00735871
0.00733425
0.00784298
0.00775534
0.007497
0.00775536
0.007843
0.00809133
0.00798383
0.00773313
0.00798384
0.00809135
0.00824089
0.00812949
0.00788552
0.0081295
0.00824091
0.00833975
0.00822732
0.00798838
0.00822722
0.00833963
0.00840697
0.00829416
0.00805909
0.00829389
0.00840615
0.00845049
0.00833949
0.00810757
0.00833888
0.00845112
0.00847978
0.00836898
0.00813995
0.00836842
0.00847948
0.00849864
0.0083868
0.00816016
0.00838595
0.00849673
0.008506
0.00839523
0.00817097
0.00839432
0.00850386
0.00850867
0.00839679
0.00817461
0.00839643
0.0085052
0.00850707
0.0083934
0.00817294
0.00839389
0.00850323
0.00849612
0.00838477
0.0081662
0.00838572
0.00849769
0.00848481
0.00837213
0.00815435
0.00837271
0.00848891
0.00847069
0.00835619
0.00813881
0.0083558
0.00847096
0.00844967
0.00833629
0.00811962
0.00833469
0.00844739
0.00842979
0.00831225
0.00809681
0.00831099
0.00842419
0.00840299
0.00828458
0.00807022
0.00828314
0.00839965
0.00837059
0.00825334
0.00803971
0.00825113
0.00836915
0.00833736
0.00821757
0.00800501
0.00821584
0.00833778
0.00830243
0.00817725
0.00796594
0.00817641
0.00830521
0.00826001
0.00813273
0.00792235
0.0081321
0.00826012
0.00821056
0.00808361
0.00787407
0.00808267
0.00821284
0.00816258
0.00802909
0.00782077
0.00802889
0.00816631
0.00811055
0.0079695
0.00776208
0.00796948
0.00811118
0.00804961
0.00790429
0.00769764
0.00790387
0.00804551
0.00798202
0.00783244
0.00762778
0.00783274
0.00797493
0.00790762
0.00775393
0.00755324
0.00775429
0.00790405
0.0078244
0.00766964
0.00747262
0.00766884
0.00782271
0.00774058
0.00757942
0.00738572
0.007578
0.00773722
0.00765268
0.00748132
0.00729203
0.00748
0.00764949
0.00755323
0.0073755
0.00719126
0.00737439
0.00754828
0.00744648
0.00726215
0.0070832
0.00726177
0.00744284
0.00733249
0.00714111
0.00696745
0.00714102
0.00733202
0.007211
0.00701207
0.00684345
0.00701206
0.00721092
0.00708178
0.00687449
0.00671034
0.00687449
0.00708175
0.00694459
0.00672679
0.00656656
0.00672679
0.00694457
0.00679673
0.00656416
0.0064099
0.00656415
0.00679671
0.0531361
0.0556844
0.0549585
0.0556845
0.0531363
0.0591428
0.0609256
0.0603871
0.0609257
0.059143
0.0621518
0.0640759
0.0636331
0.064076
0.0621521
0.0641765
0.0661959
0.0658219
0.0661961
0.0641768
0.0656782
0.0677199
0.0673792
0.0677202
0.0656784
0.0668001
0.0688404
0.0685167
0.0688401
0.0668003
0.0676365
0.0696695
0.0693556
0.0696683
0.0676353
0.0682492
0.0702789
0.0699727
0.0702769
0.0682564
0.0687011
0.0707199
0.0704205
0.0707194
0.0687093
0.069028
0.0710291
0.0707338
0.0710274
0.069034
0.0692343
0.0712218
0.0709362
0.0712184
0.0692395
0.0693808
0.0713451
0.0710548
0.0713428
0.0693793
0.0694577
0.0713969
0.0711154
0.0713993
0.0694477
0.0694573
0.0713795
0.0711006
0.0713842
0.069456
0.069417
0.0713139
0.0710347
0.0713182
0.0694227
0.0693216
0.0711987
0.0709188
0.0712006
0.0693231
0.0691615
0.0710315
0.0707536
0.0710295
0.0691717
0.0689731
0.0708193
0.0705432
0.0708183
0.0689766
0.0687344
0.070562
0.0702882
0.0705609
0.068746
0.0684409
0.0702584
0.0699876
0.0702566
0.0684681
0.0681108
0.0699094
0.0696414
0.069914
0.0681517
0.0677412
0.069514
0.0692481
0.0695269
0.0677936
0.0673084
0.0690674
0.0688043
0.0690846
0.0673493
0.066803
0.0685646
0.0683064
0.0685793
0.0668426
0.0662515
0.0680055
0.0677525
0.0680188
0.0662823
0.0656324
0.0673869
0.067139
0.0673987
0.0656504
0.0649192
0.0666982
0.0664578
0.066713
0.0649395
0.0641366
0.0659376
0.0656904
0.0659566
0.0641399
0.0632904
0.0651065
0.0648224
0.0651151
0.0632785
0.0623462
0.0642024
0.0638747
0.0642012
0.0623439
0.0613253
0.0632265
0.0628563
0.0632248
0.0613283
0.0602485
0.0621775
0.0617628
0.0621748
0.0602477
0.059085
0.0610511
0.060591
0.0610498
0.0590827
0.0578444
0.0598483
0.0593411
0.0598517
0.0578423
0.0565323
0.0585684
0.0580105
0.0585728
0.0565364
0.0551513
0.0572084
0.0565959
0.057212
0.055155
0.0537024
0.0557611
0.0550901
0.0557635
0.0537044
0.0521894
0.0542113
0.0534795
0.0542127
0.0521899
0.05061
0.0525266
0.0517479
0.0525273
0.0506097
0.0894043
0.0909604
0.0905499
0.0909607
0.089405
0.0993898
0.100079
0.0998325
0.100079
0.0993906
0.105362
0.10607
0.105887
0.10607
0.105363
0.109524
0.110298
0.110173
0.110298
0.109525
0.112614
0.11343
0.113341
0.11343
0.112615
0.114961
0.1158
0.115735
0.1158
0.114962
0.116754
0.117608
0.117561
0.117609
0.116757
0.118123
0.118986
0.118952
0.118987
0.118127
0.11916
0.120028
0.120004
0.12003
0.119166
0.119912
0.120784
0.120775
0.120786
0.11992
0.120455
0.121323
0.121316
0.121325
0.120463
0.12084
0.121704
0.121701
0.121705
0.120844
0.121066
0.121927
0.121933
0.121928
0.121066
0.121156
0.122011
0.12202
0.122013
0.121154
0.121132
0.121981
0.121994
0.121984
0.121131
0.121
0.121847
0.121864
0.12185
0.121005
0.12077
0.121614
0.121635
0.121618
0.120783
0.120452
0.12129
0.121313
0.121293
0.120465
0.120045
0.120876
0.120903
0.12088
0.120061
0.119549
0.120374
0.120403
0.120379
0.11957
0.118967
0.119783
0.119814
0.11979
0.11899
0.118292
0.1191
0.119134
0.11911
0.118316
0.117519
0.118321
0.118358
0.118333
0.117543
0.116642
0.117441
0.117481
0.117453
0.116664
0.115657
0.116455
0.116499
0.116466
0.115673
0.114555
0.115358
0.115406
0.11537
0.11457
0.11333
0.114143
0.114197
0.114157
0.113353
0.111987
0.112807
0.112865
0.112822
0.112006
0.110521
0.111346
0.111403
0.111357
0.110533
0.108918
0.109754
0.109806
0.109763
0.108932
0.107172
0.108026
0.108074
0.108034
0.10719
0.105291
0.106158
0.106201
0.106166
0.105307
0.103266
0.104143
0.10418
0.104151
0.103282
0.10109
0.101973
0.102003
0.101981
0.101103
0.0987563
0.0996414
0.0996604
0.099648
0.0987655
0.0962547
0.0971344
0.097139
0.0971393
0.0962609
0.0935707
0.0944342
0.0944204
0.0944375
0.0935744
0.0906838
0.091514
0.0914782
0.0915161
0.0906857
0.087557
0.0883345
0.0882831
0.0883358
0.0875577
0.117163
0.118201
0.117767
0.118201
0.117165
0.129402
0.129483
0.129147
0.129483
0.129403
0.13755
0.137553
0.137238
0.137553
0.137551
0.143454
0.143474
0.143194
0.143475
0.143456
0.147908
0.147951
0.147698
0.147952
0.14791
0.151334
0.151393
0.15116
0.151393
0.151335
0.153987
0.154056
0.15384
0.154057
0.153988
0.15604
0.156117
0.155912
0.156118
0.156043
0.157615
0.157699
0.157503
0.1577
0.157618
0.158782
0.158867
0.158684
0.158869
0.158786
0.159653
0.159738
0.159559
0.15974
0.159657
0.160282
0.160366
0.16019
0.160367
0.160284
0.160682
0.160764
0.160597
0.160765
0.160682
0.160884
0.160964
0.160801
0.160965
0.160884
0.16092
0.160996
0.160837
0.160998
0.160921
0.160806
0.160879
0.160724
0.160882
0.160809
0.160554
0.160625
0.160474
0.160627
0.160559
0.160175
0.160242
0.160094
0.160244
0.16018
0.159673
0.159735
0.15959
0.159737
0.159678
0.159049
0.159107
0.158965
0.159109
0.159055
0.158304
0.158359
0.158219
0.158362
0.158311
0.157437
0.157488
0.157351
0.157491
0.157444
0.156441
0.156491
0.156357
0.156495
0.156449
0.155314
0.155363
0.155233
0.155367
0.155322
0.154048
0.154098
0.153972
0.154104
0.154056
0.152638
0.152691
0.152569
0.152698
0.152647
0.151076
0.151134
0.151016
0.151142
0.151087
0.149357
0.14942
0.149306
0.149429
0.149368
0.147473
0.147542
0.147431
0.147549
0.147483
0.145413
0.145489
0.145379
0.145496
0.145423
0.143166
0.14325
0.143142
0.143257
0.143176
0.140722
0.140814
0.140706
0.14082
0.140733
0.138068
0.138166
0.138058
0.138172
0.138078
0.135188
0.13529
0.13518
0.135296
0.135196
0.13206
0.132165
0.132051
0.13217
0.132067
0.12866
0.128765
0.128644
0.128768
0.128665
0.124955
0.125054
0.124926
0.125057
0.124958
0.120899
0.120985
0.120858
0.120987
0.120901
0.116423
0.116491
0.116373
0.116493
0.116424
0.139093
0.139869
0.139412
0.13987
0.139095
0.152603
0.152392
0.151984
0.152393
0.152604
0.162197
0.161871
0.16146
0.161871
0.162198
0.16939
0.169057
0.168666
0.169057
0.169392
0.174915
0.174592
0.174222
0.174593
0.174916
0.179213
0.1789
0.178547
0.178901
0.179215
0.182573
0.182267
0.181927
0.182268
0.182575
0.185196
0.184895
0.184565
0.184896
0.185198
0.187219
0.186924
0.186606
0.186926
0.187221
0.188747
0.18845
0.188138
0.188451
0.188749
0.189898
0.189602
0.189296
0.189603
0.1899
0.190739
0.190441
0.190139
0.190442
0.190741
0.191294
0.190996
0.190701
0.190997
0.191296
0.191602
0.191302
0.19101
0.191303
0.191604
0.191702
0.191398
0.191111
0.1914
0.191704
0.191617
0.19131
0.191027
0.191312
0.191619
0.191364
0.191054
0.190774
0.191055
0.191366
0.190955
0.190641
0.190364
0.190643
0.190957
0.190398
0.190081
0.189807
0.190082
0.190399
0.189698
0.189378
0.189107
0.189379
0.189699
0.188855
0.188533
0.188265
0.188534
0.188857
0.187871
0.187547
0.187282
0.187548
0.187872
0.186741
0.186416
0.186154
0.186417
0.186743
0.185461
0.185137
0.184878
0.185138
0.185463
0.184025
0.183702
0.183447
0.183704
0.184028
0.182425
0.182105
0.181854
0.182108
0.182429
0.180653
0.180336
0.180089
0.18034
0.180657
0.178697
0.178385
0.17814
0.178388
0.178702
0.176545
0.176238
0.175997
0.176242
0.176551
0.174183
0.17388
0.173642
0.173885
0.174189
0.171592
0.171295
0.171059
0.171299
0.171598
0.168754
0.168462
0.168227
0.168466
0.16876
0.165645
0.165358
0.165122
0.165362
0.16565
0.162236
0.161953
0.161719
0.161957
0.162241
0.158494
0.158216
0.157985
0.158219
0.158497
0.154376
0.154105
0.153879
0.154107
0.154379
0.149833
0.149568
0.149346
0.14957
0.149835
0.144802
0.144545
0.144318
0.144546
0.144803
0.139196
0.138941
0.138713
0.138942
0.139197
0.156259
0.156897
0.156438
0.156898
0.156261
0.17052
0.170171
0.16973
0.170172
0.170523
0.181062
0.180586
0.180132
0.180588
0.181064
0.189169
0.188677
0.188236
0.188679
0.189172
0.195494
0.195007
0.194583
0.195008
0.195496
0.200464
0.199984
0.199575
0.199985
0.200467
0.204378
0.203903
0.203505
0.203904
0.20438
0.207452
0.206979
0.20659
0.20698
0.207454
0.209832
0.209366
0.20899
0.209367
0.209834
0.211649
0.211179
0.210806
0.211181
0.211651
0.213025
0.212556
0.21219
0.212557
0.213027
0.214038
0.213567
0.213205
0.213568
0.21404
0.21472
0.21425
0.213894
0.214251
0.214722
0.215117
0.214644
0.214292
0.214645
0.215119
0.215274
0.214798
0.214449
0.214799
0.215276
0.215219
0.21474
0.214395
0.214741
0.215221
0.214974
0.214492
0.21415
0.214493
0.214976
0.214555
0.21407
0.213731
0.214071
0.214556
0.213972
0.213484
0.213148
0.213485
0.213973
0.213232
0.212742
0.212409
0.212743
0.213233
0.21234
0.211848
0.211518
0.211848
0.212341
0.211296
0.210802
0.210475
0.210802
0.211296
0.210097
0.209603
0.209279
0.209603
0.210098
0.20874
0.208246
0.207925
0.208246
0.208741
0.207217
0.206724
0.206406
0.206725
0.207218
0.20552
0.205028
0.204714
0.205029
0.205522
0.203636
0.203146
0.202835
0.203148
0.203638
0.201551
0.201064
0.200756
0.201066
0.201554
0.199248
0.198763
0.198458
0.198765
0.19925
0.196705
0.196223
0.19592
0.196225
0.196708
0.193898
0.193419
0.193118
0.193421
0.193901
0.190798
0.190323
0.190026
0.190325
0.190801
0.187372
0.186902
0.186611
0.186905
0.187375
0.183584
0.183123
0.182833
0.183125
0.183587
0.179393
0.178936
0.178643
0.178938
0.179395
0.17474
0.174285
0.173987
0.174287
0.174741
0.169552
0.169099
0.168797
0.1691
0.169553
0.163743
0.163287
0.162988
0.163287
0.163744
0.157198
0.156743
0.15646
0.156743
0.157198
0.169205
0.169766
0.169314
0.169767
0.169207
0.183926
0.183509
0.183056
0.18351
0.183929
0.195082
0.194537
0.194065
0.194538
0.195085
0.203816
0.203251
0.20279
0.203252
0.203819
0.21071
0.210148
0.209702
0.210149
0.210713
0.216171
0.215614
0.215182
0.215615
0.216174
0.220494
0.219941
0.21952
0.219943
0.220497
0.223904
0.223353
0.222941
0.223354
0.223907
0.226552
0.226007
0.225608
0.226008
0.226554
0.228586
0.228038
0.22764
0.228039
0.228589
0.23013
0.229583
0.229192
0.229584
0.230133
0.231273
0.230724
0.230336
0.230725
0.231275
0.232051
0.231502
0.231121
0.231503
0.232053
0.232516
0.231964
0.231587
0.231965
0.232518
0.232718
0.232164
0.231791
0.232165
0.23272
0.232691
0.232134
0.231764
0.232135
0.232692
0.232459
0.2319
0.231533
0.231901
0.232461
0.232042
0.231481
0.231117
0.231482
0.232044
0.231455
0.23089
0.230529
0.230891
0.231456
0.230705
0.230138
0.22978
0.230139
0.230706
0.229799
0.22923
0.228875
0.229231
0.2298
0.22874
0.228169
0.227816
0.22817
0.22874
0.227525
0.226953
0.226603
0.226954
0.227525
0.22615
0.225578
0.225231
0.225578
0.226151
0.224608
0.224036
0.223692
0.224036
0.224609
0.222888
0.222315
0.221974
0.222316
0.222889
0.220974
0.220402
0.220064
0.220403
0.220975
0.218849
0.218278
0.217942
0.218279
0.21885
0.21649
0.215919
0.215586
0.21592
0.216491
0.21387
0.2133
0.21297
0.213301
0.213871
0.210958
0.21039
0.210063
0.210392
0.210959
0.207722
0.207154
0.206826
0.207155
0.207724
0.204117
0.203546
0.203216
0.203548
0.204118
0.200088
0.199515
0.199185
0.199516
0.200089
0.195574
0.195002
0.194674
0.195003
0.195575
0.190508
0.189941
0.189616
0.189942
0.190509
0.184813
0.184255
0.183933
0.184256
0.184814
0.178396
0.177845
0.177529
0.177846
0.178396
0.171134
0.170592
0.170292
0.170593
0.171134
0.178246
0.178763
0.178318
0.178764
0.178249
0.193246
0.192794
0.192338
0.192795
0.193249
0.204785
0.204206
0.203729
0.204207
0.204788
0.213922
0.213322
0.212855
0.213323
0.213925
0.221192
0.220594
0.220142
0.220596
0.221195
0.226983
0.226389
0.22595
0.226391
0.226986
0.231584
0.230994
0.230565
0.230996
0.231587
0.235222
0.234634
0.234214
0.234636
0.235225
0.23805
0.237469
0.237061
0.237471
0.238053
0.240232
0.239647
0.23924
0.239648
0.240234
0.241889
0.241305
0.240906
0.241307
0.241891
0.243119
0.242534
0.242138
0.242535
0.243121
0.243959
0.243374
0.242985
0.243376
0.243961
0.244469
0.243883
0.243497
0.243884
0.244471
0.244703
0.244115
0.243732
0.244116
0.244705
0.244697
0.244107
0.243728
0.244108
0.244699
0.244481
0.243888
0.243512
0.243889
0.244482
0.244075
0.24348
0.243107
0.243481
0.244077
0.243498
0.242901
0.24253
0.242902
0.243499
0.24276
0.242161
0.241793
0.242162
0.242762
0.24187
0.241268
0.240904
0.241269
0.241871
0.240831
0.240227
0.239865
0.240228
0.240831
0.239641
0.239036
0.238676
0.239036
0.239642
0.238299
0.237691
0.237334
0.237692
0.238299
0.236794
0.236185
0.23583
0.236185
0.236794
0.235114
0.234503
0.234151
0.234504
0.235114
0.233241
0.232629
0.232279
0.232629
0.233242
0.231154
0.23054
0.230193
0.230541
0.231155
0.228825
0.228209
0.227864
0.22821
0.228826
0.226224
0.225605
0.225261
0.225606
0.226225
0.223311
0.222687
0.222343
0.222688
0.223312
0.220036
0.219409
0.219067
0.21941
0.220037
0.216352
0.215722
0.215381
0.215723
0.216353
0.212199
0.211568
0.211227
0.211568
0.2122
0.207509
0.206877
0.206538
0.206878
0.207509
0.202203
0.201574
0.201237
0.201574
0.202203
0.196191
0.195568
0.195234
0.195568
0.196192
0.189372
0.188754
0.188428
0.188755
0.189372
0.181615
0.181007
0.180696
0.181007
0.181615
0.183571
0.184063
0.183624
0.184064
0.183574
0.198722
0.198253
0.197797
0.198254
0.198725
0.210472
0.209876
0.209398
0.209877
0.210474
0.219832
0.219215
0.218747
0.219217
0.219835
0.227313
0.226698
0.226243
0.226699
0.227315
0.233287
0.232677
0.232235
0.232678
0.23329
0.238043
0.237437
0.237005
0.237438
0.238046
0.241807
0.241203
0.240779
0.241204
0.24181
0.244732
0.244134
0.243723
0.244135
0.244734
0.246992
0.24639
0.245981
0.246392
0.246994
0.248706
0.248106
0.247704
0.248108
0.248708
0.24998
0.24938
0.248981
0.249381
0.249982
0.250848
0.250248
0.249856
0.25025
0.25085
0.251379
0.250778
0.250389
0.250779
0.251381
0.251628
0.251026
0.25064
0.251027
0.25163
0.251635
0.251031
0.250649
0.251032
0.251637
0.251431
0.250826
0.250447
0.250827
0.251433
0.251042
0.250434
0.250058
0.250435
0.251043
0.250486
0.249877
0.249504
0.249878
0.250488
0.249778
0.249167
0.248796
0.249167
0.24978
0.248928
0.248314
0.247946
0.248314
0.248929
0.247939
0.247322
0.246957
0.247323
0.24794
0.246812
0.246194
0.245831
0.246194
0.246813
0.245544
0.244922
0.244562
0.244923
0.245544
0.244124
0.2435
0.243142
0.2435
0.244124
0.242539
0.241911
0.241556
0.241912
0.24254
0.24077
0.240139
0.239785
0.240139
0.24077
0.238791
0.238155
0.237803
0.238156
0.238792
0.236572
0.235931
0.23558
0.235931
0.236573
0.234073
0.233426
0.233076
0.233426
0.234074
0.23125
0.230596
0.230247
0.230596
0.23125
0.22805
0.227389
0.227041
0.22739
0.228051
0.224415
0.223747
0.223399
0.223747
0.224415
0.220276
0.219602
0.219255
0.219602
0.220276
0.215557
0.214879
0.214533
0.214879
0.215557
0.210171
0.209492
0.209148
0.209493
0.210172
0.204022
0.203345
0.203005
0.203346
0.204022
0.196999
0.196326
0.195992
0.196326
0.196999
0.188968
0.188302
0.187984
0.188303
0.188968
0.185281
0.185765
0.185328
0.185767
0.185284
0.200486
0.200011
0.199554
0.200012
0.200489
0.212301
0.211701
0.211223
0.211702
0.212304
0.22173
0.221108
0.220639
0.22111
0.221733
0.229271
0.228651
0.228196
0.228653
0.229274
0.235296
0.234682
0.234239
0.234683
0.235299
0.240091
0.239481
0.239049
0.239482
0.240094
0.243883
0.243275
0.242851
0.243277
0.243886
0.246823
0.246222
0.245811
0.246223
0.246825
0.249095
0.248492
0.248082
0.248493
0.249098
0.250814
0.250212
0.24981
0.250213
0.250816
0.252092
0.25149
0.251091
0.251491
0.252094
0.252954
0.252354
0.251961
0.252355
0.252956
0.253482
0.252881
0.252492
0.252883
0.253484
0.25373
0.253129
0.252743
0.25313
0.253732
0.25374
0.253137
0.252755
0.253138
0.253742
0.253545
0.252941
0.252563
0.252942
0.253547
0.253173
0.252568
0.252192
0.252569
0.253174
0.252645
0.252038
0.251665
0.252039
0.252646
0.251978
0.251368
0.250998
0.251369
0.251979
0.251182
0.25057
0.250203
0.250571
0.251183
0.250265
0.24965
0.249285
0.249651
0.250266
0.249227
0.24861
0.248247
0.24861
0.249228
0.248066
0.247445
0.247085
0.247445
0.248067
0.246771
0.246146
0.245788
0.246146
0.246772
0.245329
0.244699
0.244343
0.244699
0.24533
0.243719
0.243083
0.242728
0.243084
0.24372
0.241914
0.24127
0.240917
0.241271
0.241915
0.239878
0.239226
0.238874
0.239227
0.239878
0.237568
0.236907
0.236555
0.236908
0.237569
0.234936
0.234264
0.233912
0.234264
0.234936
0.231921
0.231238
0.230886
0.231238
0.231921
0.228457
0.227763
0.227411
0.227764
0.228458
0.22447
0.223765
0.223413
0.223766
0.22447
0.219875
0.219161
0.21881
0.219162
0.219875
0.214579
0.213859
0.21351
0.21386
0.214579
0.208477
0.207755
0.207409
0.207756
0.208477
0.201454
0.200733
0.200393
0.200733
0.201454
0.193374
0.192654
0.19233
0.192654
0.193374
0.183413
0.183905
0.183465
0.183906
0.183416
0.198579
0.198109
0.197653
0.198111
0.198582
0.210328
0.209732
0.209255
0.209734
0.210331
0.219677
0.21906
0.218592
0.219062
0.21968
0.227136
0.226522
0.226067
0.226523
0.227139
0.233083
0.232474
0.232031
0.232475
0.233085
0.237804
0.2372
0.236768
0.237201
0.237807
0.241529
0.240928
0.240504
0.240929
0.241532
0.244404
0.24381
0.2434
0.243811
0.244406
0.246624
0.246028
0.245619
0.246029
0.246626
0.248293
0.2477
0.247299
0.247701
0.248295
0.249532
0.24894
0.248542
0.248941
0.249534
0.250355
0.249765
0.249374
0.249766
0.250357
0.250855
0.250265
0.249878
0.250266
0.250857
0.251084
0.250494
0.250111
0.250495
0.251085
0.251084
0.250494
0.250114
0.250495
0.251085
0.250891
0.2503
0.249924
0.250301
0.250892
0.250534
0.249942
0.249569
0.249943
0.250535
0.250036
0.249443
0.249072
0.249443
0.250037
0.249415
0.24882
0.248452
0.248821
0.249416
0.248685
0.248088
0.247723
0.248088
0.248686
0.247855
0.247254
0.246892
0.247255
0.247856
0.246927
0.246323
0.245963
0.246323
0.246928
0.2459
0.245292
0.244934
0.245292
0.245901
0.244767
0.244152
0.243796
0.244153
0.244768
0.243511
0.24289
0.242535
0.24289
0.243512
0.242111
0.241482
0.241129
0.241482
0.242112
0.240537
0.239898
0.239546
0.239899
0.240538
0.238752
0.238102
0.23775
0.238103
0.238753
0.236713
0.23605
0.235698
0.236051
0.236714
0.234367
0.233689
0.233336
0.23369
0.234368
0.23165
0.230955
0.230602
0.230956
0.231651
0.228487
0.227776
0.227422
0.227777
0.228488
0.224793
0.224068
0.223713
0.224068
0.224794
0.220484
0.219742
0.219388
0.219742
0.220484
0.215453
0.2147
0.214347
0.2147
0.215453
0.209593
0.208832
0.208482
0.208833
0.209593
0.202783
0.202017
0.201673
0.202017
0.202783
0.194884
0.194113
0.193783
0.194113
0.194884
0.177941
0.178456
0.178011
0.178457
0.177944
0.192971
0.192517
0.19206
0.192518
0.192974
0.20451
0.20393
0.203453
0.203931
0.204513
0.213625
0.213024
0.212557
0.213025
0.213627
0.220854
0.220256
0.219803
0.220257
0.220856
0.226589
0.225997
0.225557
0.225998
0.226591
0.231122
0.230536
0.230107
0.230537
0.231125
0.234684
0.234101
0.23368
0.234102
0.234686
0.237414
0.23684
0.236433
0.236841
0.237416
0.239516
0.23894
0.238535
0.238941
0.239517
0.241087
0.240514
0.240115
0.240514
0.241089
0.24224
0.241671
0.241278
0.241672
0.242242
0.242994
0.242426
0.242039
0.242427
0.242995
0.24344
0.242873
0.24249
0.242874
0.243441
0.243629
0.243064
0.242685
0.243064
0.243631
0.243605
0.24304
0.242665
0.243041
0.243607
0.243405
0.24284
0.242468
0.24284
0.243406
0.243057
0.242492
0.242124
0.242492
0.243058
0.242587
0.242021
0.241656
0.242021
0.242588
0.242015
0.241447
0.241086
0.241448
0.242016
0.241356
0.240787
0.240427
0.240787
0.241357
0.240622
0.240049
0.239692
0.24005
0.240623
0.239818
0.239241
0.238886
0.239241
0.239818
0.238944
0.238362
0.23801
0.238363
0.238945
0.237996
0.237408
0.237057
0.237408
0.237997
0.236961
0.236365
0.236016
0.236366
0.236962
0.23582
0.235213
0.234865
0.235214
0.23582
0.234541
0.233924
0.233576
0.233924
0.234542
0.233087
0.232456
0.232108
0.232456
0.233088
0.231406
0.230758
0.23041
0.230759
0.231407
0.229437
0.228772
0.228423
0.228773
0.229437
0.227123
0.226429
0.226078
0.226429
0.227124
0.224369
0.22366
0.223307
0.22366
0.224369
0.221112
0.220377
0.220023
0.220378
0.221113
0.217253
0.216495
0.216139
0.216495
0.217253
0.212676
0.2119
0.211547
0.211901
0.212676
0.207264
0.206474
0.206124
0.206475
0.207264
0.200893
0.20009
0.199745
0.20009
0.200893
0.193417
0.192601
0.19227
0.192602
0.193417
0.168772
0.169331
0.168877
0.169332
0.168775
0.183542
0.183122
0.182668
0.183123
0.183544
0.194699
0.194152
0.19368
0.194154
0.194702
0.203401
0.202835
0.202375
0.202837
0.203404
0.210237
0.209675
0.20923
0.209677
0.210239
0.215618
0.215064
0.214632
0.215065
0.215621
0.219845
0.219297
0.218877
0.219298
0.219847
0.223145
0.222601
0.222189
0.222602
0.223147
0.225651
0.225117
0.22472
0.225118
0.225652
0.227569
0.227034
0.226639
0.227035
0.22757
0.228993
0.22846
0.22807
0.228461
0.228994
0.230015
0.229489
0.229107
0.229489
0.230016
0.230668
0.230144
0.229767
0.230144
0.230669
0.231035
0.230513
0.230141
0.230514
0.231036
0.231167
0.230647
0.230278
0.230647
0.231168
0.231106
0.230587
0.230223
0.230587
0.231106
0.230887
0.230369
0.230009
0.23037
0.230888
0.230541
0.230024
0.229667
0.230024
0.230542
0.230095
0.229577
0.229224
0.229578
0.230095
0.229568
0.22905
0.228699
0.22905
0.229569
0.22898
0.22846
0.228112
0.22846
0.22898
0.228343
0.22782
0.227475
0.22782
0.228343
0.227666
0.227138
0.226796
0.227139
0.227666
0.226952
0.22642
0.226079
0.22642
0.226953
0.226202
0.225661
0.225322
0.225662
0.226202
0.225404
0.224855
0.224517
0.224855
0.225405
0.224544
0.223982
0.223645
0.223983
0.224544
0.223594
0.223019
0.222682
0.223019
0.223595
0.222519
0.221927
0.22159
0.221928
0.22252
0.221275
0.220662
0.220323
0.220662
0.221276
0.219812
0.219172
0.21883
0.219172
0.219813
0.218028
0.217367
0.217025
0.217368
0.218028
0.215848
0.21516
0.214816
0.21516
0.215849
0.21317
0.212455
0.212111
0.212455
0.213171
0.209903
0.209159
0.208814
0.209159
0.209904
0.205965
0.205184
0.204835
0.205185
0.205966
0.201224
0.200421
0.200074
0.200421
0.201225
0.195535
0.194711
0.194373
0.194711
0.195535
0.188749
0.187902
0.187577
0.187902
0.188749
0.15573
0.156365
0.155904
0.156366
0.155732
0.170061
0.169708
0.169265
0.169709
0.170063
0.180607
0.18013
0.179674
0.180131
0.18061
0.188677
0.188183
0.187742
0.188184
0.188679
0.194929
0.194443
0.194018
0.194444
0.194931
0.1998
0.199323
0.198914
0.199324
0.199802
0.203593
0.203124
0.202727
0.203125
0.203595
0.20653
0.206066
0.205678
0.206067
0.206531
0.208732
0.20828
0.207908
0.208281
0.208733
0.210401
0.209949
0.209578
0.209949
0.210402
0.211628
0.211178
0.210812
0.211178
0.211629
0.212479
0.212037
0.211681
0.212038
0.21248
0.213001
0.212562
0.212211
0.212563
0.213002
0.213267
0.212831
0.212485
0.212832
0.213268
0.213324
0.212891
0.21255
0.212891
0.213325
0.213212
0.212781
0.212444
0.212782
0.213212
0.212965
0.212537
0.212204
0.212537
0.212966
0.212614
0.212187
0.211858
0.212187
0.212614
0.212184
0.211757
0.211432
0.211757
0.212184
0.211697
0.21127
0.210948
0.21127
0.211697
0.211172
0.210745
0.210425
0.210745
0.211172
0.210626
0.210196
0.209879
0.210196
0.210626
0.21007
0.209636
0.209322
0.209636
0.21007
0.209512
0.209072
0.20876
0.209073
0.209513
0.208956
0.208508
0.208197
0.208508
0.208957
0.208398
0.20794
0.20763
0.20794
0.208399
0.207829
0.207357
0.207047
0.207358
0.20783
0.207228
0.20674
0.206429
0.206741
0.207229
0.206565
0.206058
0.205746
0.206059
0.206566
0.205819
0.205278
0.204962
0.205279
0.20582
0.204902
0.204345
0.204027
0.204346
0.204903
0.203741
0.203147
0.202828
0.203148
0.203743
0.202272
0.20164
0.201316
0.201641
0.202273
0.200381
0.199713
0.199387
0.199714
0.200382
0.197949
0.197246
0.196921
0.197247
0.19795
0.194847
0.19411
0.193789
0.194111
0.194848
0.190983
0.190194
0.189877
0.190194
0.190984
0.186241
0.185438
0.18513
0.185438
0.186241
0.180456
0.17962
0.179321
0.17962
0.180456
0.138515
0.139286
0.138825
0.139286
0.138516
0.152115
0.151899
0.151489
0.1519
0.152117
0.16172
0.16139
0.160978
0.161391
0.161721
0.168871
0.168535
0.168144
0.168536
0.168872
0.174314
0.173992
0.173622
0.173993
0.174316
0.178502
0.178192
0.17784
0.178193
0.178503
0.181726
0.181427
0.181088
0.181428
0.181728
0.184195
0.183903
0.183574
0.183904
0.184196
0.186016
0.185739
0.185426
0.185739
0.186017
0.187372
0.187095
0.186785
0.187095
0.187373
0.188355
0.188081
0.187776
0.188081
0.188356
0.189
0.188736
0.188442
0.188736
0.189001
0.189366
0.189106
0.188818
0.189107
0.189367
0.189512
0.189257
0.188974
0.189258
0.189514
0.189482
0.189231
0.188953
0.189232
0.189483
0.189311
0.189063
0.18879
0.189064
0.189311
0.189029
0.188785
0.188517
0.188785
0.18903
0.188666
0.188425
0.188161
0.188424
0.188666
0.188246
0.188006
0.187746
0.188006
0.188246
0.187791
0.187552
0.187295
0.187551
0.18779
0.187321
0.187081
0.186828
0.187081
0.18732
0.186852
0.186611
0.18636
0.18661
0.186851
0.1864
0.186155
0.185907
0.186155
0.1864
0.185978
0.185728
0.185482
0.185728
0.185979
0.185595
0.185336
0.185091
0.185337
0.185596
0.185256
0.184985
0.18474
0.184985
0.185256
0.184959
0.184673
0.184427
0.184673
0.184959
0.184696
0.18439
0.184142
0.18439
0.184696
0.184447
0.184117
0.183866
0.184117
0.184448
0.184203
0.183841
0.183585
0.183841
0.184203
0.183882
0.183485
0.183223
0.183486
0.183883
0.183436
0.182996
0.182727
0.182997
0.183437
0.18278
0.182292
0.182017
0.182293
0.182781
0.18181
0.181271
0.18099
0.181272
0.181811
0.180406
0.179816
0.179534
0.179817
0.180407
0.178431
0.177801
0.177525
0.177802
0.178432
0.175741
0.175078
0.174817
0.175079
0.175742
0.172259
0.171527
0.171279
0.171528
0.172259
0.167814
0.167041
0.166817
0.167041
0.167814
0.116599
0.117629
0.11719
0.11763
0.116601
0.12895
0.129022
0.128683
0.129023
0.128951
0.137112
0.137109
0.136792
0.137109
0.137113
0.142974
0.14299
0.142709
0.14299
0.142975
0.147346
0.147388
0.147135
0.147389
0.147347
0.150659
0.150721
0.150489
0.150721
0.15066
0.153175
0.153251
0.153035
0.153252
0.153176
0.155072
0.155159
0.154954
0.155159
0.155074
0.156442
0.156545
0.156359
0.156545
0.156443
0.157427
0.157532
0.157349
0.157533
0.157428
0.158124
0.158235
0.158059
0.158236
0.158127
0.15854
0.158662
0.158498
0.158663
0.158541
0.158734
0.158862
0.158704
0.158863
0.158735
0.158754
0.158889
0.158737
0.15889
0.158756
0.158634
0.158775
0.15863
0.158777
0.158637
0.158404
0.158551
0.158411
0.158552
0.158405
0.15809
0.158242
0.158109
0.158243
0.15809
0.157716
0.157874
0.157745
0.157874
0.157716
0.157307
0.157468
0.157344
0.157467
0.157307
0.15688
0.157044
0.156924
0.157043
0.156879
0.156455
0.15662
0.156503
0.156618
0.156452
0.156049
0.156213
0.1561
0.156211
0.156046
0.155678
0.155839
0.15573
0.155838
0.155675
0.155359
0.155515
0.155407
0.155514
0.155356
0.155105
0.155253
0.155147
0.155253
0.155103
0.15493
0.155066
0.15496
0.155066
0.154928
0.154846
0.154964
0.154857
0.154963
0.154842
0.154857
0.154951
0.15484
0.15495
0.154853
0.154963
0.155025
0.154908
0.155024
0.154959
0.155155
0.155176
0.155049
0.155175
0.155152
0.15542
0.155391
0.155252
0.155391
0.155419
0.155696
0.155606
0.155451
0.155607
0.155697
0.155925
0.155761
0.155588
0.155762
0.155927
0.156005
0.155762
0.155574
0.155763
0.156007
0.155808
0.155489
0.155292
0.15549
0.155809
0.155188
0.154806
0.154616
0.154807
0.155189
0.153989
0.153576
0.153418
0.153576
0.15399
0.152119
0.15169
0.151587
0.151691
0.152119
0.149554
0.149085
0.149033
0.149085
0.149555
0.088944
0.0904878
0.0900696
0.0904882
0.0889448
0.0990496
0.0997248
0.0994731
0.0997252
0.0990504
0.105034
0.105732
0.105547
0.105732
0.105035
0.109157
0.109925
0.109799
0.109926
0.109158
0.112175
0.112989
0.1129
0.112989
0.112176
0.114424
0.115266
0.115202
0.115266
0.114424
0.116098
0.116959
0.116913
0.116959
0.116099
0.117329
0.118204
0.118172
0.118205
0.117331
0.118194
0.119085
0.119068
0.119085
0.118194
0.118769
0.119665
0.119658
0.119666
0.118771
0.119161
0.120063
0.12006
0.120064
0.119165
0.119342
0.120258
0.120269
0.120258
0.119342
0.119369
0.120295
0.120314
0.120296
0.119369
0.119279
0.120212
0.120239
0.120214
0.119281
0.119089
0.120032
0.120068
0.120036
0.119094
0.118823
0.119777
0.11982
0.119779
0.118826
0.1185
0.119464
0.119514
0.119464
0.118501
0.118138
0.119112
0.11917
0.119113
0.118142
0.11776
0.118741
0.118804
0.118741
0.117763
0.117376
0.118363
0.118431
0.118361
0.117374
0.117002
0.117993
0.118065
0.117989
0.116998
0.116653
0.117647
0.117723
0.117641
0.116647
0.116346
0.117338
0.117418
0.117334
0.116339
0.116094
0.117083
0.117166
0.117079
0.116085
0.115912
0.116896
0.116982
0.116892
0.115903
0.115821
0.116794
0.116883
0.11679
0.115813
0.115845
0.116797
0.116885
0.116792
0.115832
0.115998
0.116921
0.117007
0.116914
0.115983
0.116298
0.117182
0.117257
0.117175
0.116281
0.116756
0.117579
0.117645
0.117573
0.116742
0.117426
0.118168
0.118211
0.118164
0.117418
0.118268
0.118902
0.118914
0.118902
0.118266
0.11928
0.119774
0.119747
0.119776
0.119281
0.120395
0.120732
0.120662
0.120734
0.120397
0.12148
0.121679
0.121577
0.12168
0.121482
0.122394
0.12249
0.122381
0.122491
0.122396
0.122977
0.123014
0.122944
0.123014
0.122978
0.123162
0.123233
0.123266
0.123233
0.123162
0.123081
0.123214
0.123382
0.123215
0.123081
0.0528972
0.055432
0.054694
0.0554322
0.0528976
0.0589877
0.0607517
0.0602058
0.0607519
0.058988
0.0619939
0.0639091
0.0634624
0.0639092
0.0619942
0.0639879
0.0660071
0.0656319
0.0660072
0.0639882
0.0654413
0.067491
0.0671509
0.0674912
0.0654416
0.0664988
0.0685562
0.0682349
0.0685562
0.0664987
0.0672515
0.0693153
0.0690065
0.069316
0.0672556
0.0677779
0.0698438
0.069545
0.0698457
0.067777
0.0681237
0.0701932
0.069902
0.0701936
0.0681248
0.0683054
0.0703857
0.0701085
0.0703869
0.0683199
0.0684213
0.0704939
0.0702143
0.0704946
0.0684326
0.0684182
0.0705017
0.0702348
0.0705005
0.0684249
0.0683388
0.070431
0.0701723
0.070431
0.0683402
0.0682135
0.0703034
0.0700526
0.0703041
0.0682043
0.0680253
0.0701293
0.0698872
0.0701344
0.0680221
0.0678036
0.0699197
0.0696846
0.0699214
0.0678056
0.0675606
0.0696818
0.0694538
0.0696815
0.0675578
0.0672965
0.0694268
0.0692054
0.0694287
0.0672867
0.0670288
0.0691648
0.0689449
0.0691629
0.0670216
0.0667558
0.068899
0.0686777
0.0688919
0.0667545
0.066493
0.0686405
0.0684167
0.0686287
0.0664899
0.0662571
0.0683983
0.0681724
0.0683839
0.0662396
0.0660446
0.0681802
0.067954
0.0681696
0.0660256
0.0658659
0.0679954
0.0677711
0.0679904
0.0658528
0.0657269
0.067854
0.0676347
0.0678511
0.0657222
0.0656589
0.0677707
0.0675595
0.0677678
0.0656491
0.0656853
0.0677634
0.0675624
0.0677561
0.0656623
0.0658069
0.0678462
0.0676593
0.067836
0.0657906
0.0660598
0.0680394
0.0678519
0.0680285
0.0660402
0.0664766
0.0683595
0.0681684
0.0683498
0.0664575
0.0671481
0.0688749
0.0686591
0.0688678
0.0671338
0.0680983
0.0695893
0.0693338
0.0695885
0.0680991
0.0694153
0.0705467
0.0702337
0.0705495
0.0694237
0.0710823
0.0717581
0.0713784
0.0717601
0.0710851
0.0727767
0.0731897
0.0727818
0.0731908
0.0727784
0.0746954
0.0749027
0.074502
0.0749033
0.0746963
0.0769561
0.0770028
0.0766551
0.0770031
0.0769566
0.0794421
0.0794886
0.0793015
0.0794887
0.0794424
0.0829309
0.0831344
0.0832769
0.0831345
0.0829311
0.00580057
0.00648235
0.00619636
0.00648237
0.00580061
0.00731137
0.0073372
0.00707791
0.00733722
0.00731141
0.00782993
0.00774077
0.00748149
0.00774079
0.00782996
0.00808003
0.00797
0.00771846
0.00797002
0.00808007
0.00822749
0.00811327
0.00786859
0.00811329
0.00822752
0.00832194
0.00820651
0.00796699
0.00820651
0.00832196
0.00838141
0.00826683
0.00803141
0.00826689
0.00838292
0.00841867
0.00830385
0.00807197
0.00830416
0.00841837
0.0084372
0.00832381
0.00809488
0.00832389
0.00843841
0.0084411
0.00833039
0.00810404
0.00833017
0.00844716
0.00844272
0.00832816
0.00810338
0.00832764
0.00844563
0.00843404
0.00831842
0.00809584
0.00831797
0.00843669
0.00841714
0.00830066
0.00808014
0.00830067
0.00841779
0.00839826
0.00827771
0.00805911
0.00827784
0.00839264
0.00836948
0.00825108
0.00803402
0.00825173
0.0083668
0.00834081
0.00822176
0.00800569
0.00822198
0.00834153
0.00831362
0.00818985
0.00797484
0.00818995
0.00831111
0.00828167
0.00815621
0.00794207
0.00815638
0.00827576
0.00824879
0.00812159
0.00790838
0.00812097
0.0082449
0.00821294
0.00808609
0.00787465
0.00808514
0.00821403
0.0081796
0.00805117
0.00784122
0.0080497
0.00818025
0.00814999
0.00801713
0.00780874
0.00801552
0.00814485
0.00811939
0.00798468
0.00777801
0.00798378
0.00811488
0.00809139
0.00795502
0.00774999
0.00795501
0.00809052
0.00806478
0.00792912
0.0077257
0.00792945
0.00806694
0.00804506
0.00790817
0.00770639
0.00790873
0.0080458
0.00803456
0.00789419
0.00769361
0.00789444
0.00803243
0.00802875
0.00788928
0.00768965
0.00788937
0.00803048
0.00803201
0.00789537
0.007697
0.00789573
0.00803391
0.00805068
0.00791696
0.00771974
0.00791711
0.00805118
0.00809272
0.00796076
0.00776484
0.00796069
0.00809104
0.00815713
0.00803262
0.00783803
0.00803292
0.00815867
0.00825366
0.0081425
0.00794899
0.00814298
0.00825725
0.00839149
0.00830308
0.00811071
0.00830326
0.00839169
0.00863344
0.0085353
0.00834245
0.00853537
0.00863355
0.00898499
0.00887109
0.00867535
0.00887113
0.00898504
0.00950254
0.00936062
0.00915751
0.00936064
0.00950257
0.0104421
0.010135
0.00989121
0.010135
0.0104421
0.0132028
0.0121206
0.0117379
0.0121206
0.0132028
0.00622553
0.00597113
0.00580374
0.00597114
0.00622552
0.0441119
0.045521
0.0446328
0.0455211
0.0441113
0.073252
0.0739259
0.0738422
0.0739261
0.0732516
0.0950379
0.0952975
0.095205
0.0952977
0.0950377
0.111893
0.111913
0.111789
0.111913
0.111893
0.124996
0.124946
0.124809
0.124946
0.124996
0.13522
0.135117
0.134981
0.135117
0.13522
0.143035
0.14288
0.142744
0.14288
0.143034
0.148729
0.148518
0.148379
0.148518
0.148729
0.152456
0.15218
0.152037
0.15218
0.152455
0.154266
0.153919
0.153766
0.153919
0.154266
0.154104
0.153677
0.153514
0.153677
0.154104
0.151818
0.151308
0.151136
0.151308
0.151818
0.147121
0.146532
0.146365
0.146532
0.147121
0.139572
0.13893
0.138801
0.13893
0.139572
0.12844
0.127865
0.127859
0.127866
0.12844
0.112212
0.112026
0.112301
0.112026
0.112212
0.0898432
0.0895389
0.089757
0.089539
0.0898432
0.052214
0.0453853
0.0443782
0.0453853
0.052214
0.00635822
0.00610957
0.00595323
0.00610958
0.00635821
0.0458769
0.0473752
0.0465417
0.0473752
0.0458762
0.0773924
0.0780853
0.0780196
0.0780855
0.077392
0.101326
0.10152
0.101418
0.10152
0.101326
0.119978
0.119883
0.119724
0.119884
0.119977
0.134518
0.134319
0.134142
0.134319
0.134518
0.145848
0.145578
0.145395
0.145578
0.145848
0.154465
0.154135
0.153947
0.154135
0.154465
0.160679
0.16029
0.160094
0.16029
0.160679
0.164666
0.164212
0.164004
0.164212
0.164666
0.166469
0.165948
0.165732
0.165948
0.166469
0.166025
0.165436
0.165214
0.165436
0.166024
0.163171
0.162514
0.16229
0.162514
0.163171
0.157608
0.156896
0.156686
0.156896
0.157608
0.148844
0.148133
0.147988
0.148133
0.148844
0.13605
0.135582
0.135624
0.135582
0.13605
0.118228
0.118225
0.118661
0.118225
0.118228
0.097602
0.0973946
0.0979939
0.0973946
0.097602
0.0820884
0.0751329
0.0738784
0.0751329
0.0820884
0.00649717
0.00625387
0.00610315
0.00625387
0.00649715
0.0474998
0.0491109
0.0483214
0.049111
0.047499
0.0810461
0.0817654
0.0817137
0.0817658
0.0810459
0.106837
0.106973
0.106873
0.106974
0.106837
0.127045
0.126876
0.126688
0.126877
0.127045
0.142866
0.142557
0.14234
0.142558
0.142866
0.155172
0.154782
0.154552
0.154782
0.155172
0.164493
0.164038
0.1638
0.164038
0.164493
0.171149
0.170633
0.170388
0.170633
0.171149
0.175316
0.17474
0.174488
0.17474
0.175316
0.177051
0.176413
0.176154
0.176413
0.17705
0.176303
0.175603
0.175337
0.175603
0.176303
0.172872
0.172116
0.171851
0.172116
0.172872
0.166428
0.165634
0.165391
0.165634
0.166428
0.156407
0.155656
0.155493
0.155656
0.156407
0.141807
0.141388
0.141444
0.141388
0.141807
0.121701
0.121837
0.122308
0.121837
0.121701
0.0988005
0.0987007
0.0993106
0.0987008
0.0988006
0.0829422
0.0758655
0.0744954
0.0758655
0.0829422
0.00664182
0.00640271
0.00625273
0.00640272
0.0066418
0.0490328
0.0507758
0.0500097
0.0507762
0.0490321
0.0843278
0.0850695
0.0850225
0.0850703
0.0843278
0.111715
0.111802
0.111703
0.111802
0.111715
0.133256
0.133031
0.132823
0.133032
0.133256
0.150203
0.149803
0.149554
0.149803
0.150203
0.163353
0.162868
0.162602
0.162868
0.163353
0.173278
0.172726
0.172451
0.172726
0.173278
0.180304
0.179692
0.179409
0.179692
0.180303
0.184609
0.18394
0.18365
0.18394
0.184609
0.186249
0.185525
0.18523
0.185525
0.186249
0.185165
0.184384
0.184084
0.184385
0.185165
0.181142
0.180318
0.180022
0.180318
0.181142
0.173816
0.172966
0.172696
0.172966
0.173816
0.162486
0.161737
0.161554
0.161737
0.162486
0.146115
0.14568
0.145695
0.14568
0.146116
0.122921
0.123196
0.123574
0.123197
0.122921
0.0931316
0.0935436
0.0938836
0.0935437
0.0931317
0.054102
0.0467531
0.0454328
0.0467531
0.054102
0.00817835
0.00712871
0.0068115
0.00712871
0.00817835
0.0415473
0.0378932
0.0372582
0.0378932
0.0415473
0.0403116
0.036995
0.0364187
0.036995
0.0403116
0.00818724
0.00702926
0.00670855
0.00702926
0.00818723
0.00715226
0.00622748
0.00596479
0.00622748
0.00715227
0.0365362
0.0306306
0.0295933
0.0306306
0.0365362
0.0355341
0.0297424
0.0287756
0.0297424
0.0355341
0.00712875
0.0061694
0.00590533
0.0061694
0.00712875
0.00657931
0.00570837
0.00547363
0.00570837
0.00657931
0.0318814
0.0260687
0.0250405
0.0260687
0.0318814
0.0312946
0.0255974
0.0245887
0.0255974
0.0312947
0.00651095
0.00564182
0.00541068
0.00564182
0.00651095
0.0058916
0.00502843
0.00480625
0.00502843
0.0058916
0.027844
0.022438
0.021349
0.022438
0.027844
0.027597
0.0221891
0.0211048
0.0221891
0.027597
0.0058111
0.00496029
0.00474321
0.00496029
0.0058111
0.00317372
0.00300508
0.00285708
0.00300508
0.0031737
0.00810186
0.00802756
0.00764093
0.0080276
0.00810183
0.00951985
0.00945614
0.0090952
0.00945613
0.00951983
0.0104128
0.0103343
0.0100012
0.0103343
0.0104127
0.0110143
0.0109408
0.0106331
0.0109408
0.0110142
0.0114707
0.0114004
0.0111113
0.0114004
0.0114707
0.011843
0.0117713
0.0114948
0.0117713
0.011843
0.0121597
0.0120823
0.0118137
0.0120823
0.0121597
0.0124345
0.0123477
0.0120834
0.0123477
0.0124345
0.0126725
0.0125728
0.0123099
0.0125728
0.0126725
0.012872
0.0127567
0.0124927
0.0127567
0.012872
0.0130233
0.0128911
0.0126243
0.0128911
0.0130233
0.0131111
0.0129526
0.0126805
0.0129527
0.0131111
0.0131398
0.0129161
0.0126383
0.0129161
0.0131398
0.0130778
0.0127494
0.0124781
0.0127494
0.0130778
0.0128617
0.0124376
0.0121778
0.0124376
0.0128617
0.0123175
0.0118485
0.0115684
0.0118485
0.0123175
0.0109563
0.0105142
0.0102093
0.0105142
0.0109563
0.00440849
0.00416941
0.00400538
0.00416941
0.00440849
0.00527681
0.00517208
0.00482666
0.0051721
0.00527679
0.0322223
0.0333274
0.0321354
0.0333278
0.0322215
0.0475088
0.0478867
0.0470289
0.0478873
0.0475079
0.0572783
0.0575073
0.0567768
0.057508
0.0572774
0.0642218
0.0645066
0.0638398
0.0645074
0.0642209
0.0694694
0.0698195
0.0691823
0.0698202
0.0694686
0.0735582
0.073938
0.0733146
0.0739387
0.0735574
0.0767788
0.077149
0.0765278
0.0771496
0.0767781
0.0792882
0.0796114
0.0789837
0.079612
0.0792876
0.0811562
0.081391
0.0807558
0.0813915
0.0811557
0.0823921
0.082512
0.0818618
0.0825125
0.0823916
0.0829284
0.0829207
0.0822494
0.0829212
0.0829279
0.082528
0.0824577
0.0817761
0.0824582
0.0825276
0.0806561
0.0807711
0.0801035
0.0807715
0.0806558
0.0768721
0.0772479
0.0765027
0.0772482
0.0768719
0.070659
0.0710247
0.0700847
0.071025
0.0706588
0.0614485
0.0615171
0.0604992
0.0615174
0.0614484
0.0459898
0.0459292
0.0448264
0.0459294
0.0459897
0.00754175
0.00744567
0.00705089
0.00744568
0.00754175
0.00588786
0.00564971
0.00540922
0.00564975
0.00588784
0.0389678
0.0402973
0.0391414
0.0402978
0.0389671
0.061222
0.0618216
0.0614582
0.0618221
0.0612212
0.0768925
0.0772454
0.0769743
0.077246
0.0768917
0.0886001
0.0889187
0.0887058
0.0889193
0.0885994
0.0976303
0.0979609
0.0977945
0.0979614
0.0976296
0.104678
0.105012
0.104877
0.105012
0.104677
0.11014
0.110457
0.11034
0.110458
0.11014
0.114246
0.114521
0.114408
0.114521
0.114246
0.117108
0.117315
0.117198
0.117315
0.117107
0.118752
0.11887
0.11874
0.118871
0.118752
0.11912
0.119131
0.118979
0.119131
0.119119
0.118035
0.117935
0.117761
0.117935
0.118035
0.115169
0.114979
0.114791
0.114979
0.115168
0.11008
0.109792
0.109581
0.109793
0.11008
0.102116
0.101622
0.101378
0.101622
0.102116
0.0893212
0.0886268
0.0884562
0.088627
0.0893211
0.066061
0.0651916
0.0646276
0.0651918
0.0660609
0.00985675
0.00942522
0.00902067
0.00942523
0.00985675
0.00609181
0.00583361
0.00564406
0.00583363
0.0060918
0.0420599
0.0434118
0.0424333
0.0434121
0.0420592
0.0683714
0.0690225
0.0688635
0.0690229
0.0683708
0.087634
0.0879477
0.0878115
0.0879481
0.0876334
0.102346
0.102515
0.102392
0.102516
0.102346
0.11375
0.113885
0.113786
0.113885
0.113749
0.122652
0.122757
0.122674
0.122757
0.122651
0.129494
0.12956
0.129484
0.12956
0.129493
0.134539
0.134554
0.134479
0.134554
0.134538
0.137927
0.137877
0.137796
0.137878
0.137926
0.1397
0.139572
0.139479
0.139572
0.139699
0.139805
0.139586
0.139478
0.139586
0.139805
0.138086
0.137767
0.137642
0.137767
0.138086
0.134254
0.133833
0.1337
0.133833
0.134254
0.127887
0.127361
0.127235
0.127361
0.127887
0.118297
0.117672
0.117593
0.117672
0.118297
0.103614
0.103047
0.10309
0.103047
0.103614
0.0772808
0.0761497
0.0758997
0.0761498
0.0772808
0.0131455
0.011921
0.0114511
0.011921
0.0131455
)
;

boundaryField
{
    empty
    {
        type            empty;
    }
    top
    {
        type            fixedValue;
        value           uniform 0;
    }
    fixedwall
    {
        type            nutkWallFunction;
        Cmu             0.09;
        kappa           0.41;
        E               9.8;
        value           nonuniform List<scalar> 
585
(
0.000602962
0.000666316
0.000639943
0.000666317
0.000602965
0.00074055
0.000742798
0.000719067
0.000742799
0.000740553
0.000787144
0.000779138
0.000755489
0.000779139
0.000787147
0.000809789
0.000799994
0.000777107
0.000799995
0.000809791
0.000823396
0.000813262
0.000791027
0.000813263
0.000823398
0.000832377
0.000822158
0.000800408
0.000822157
0.000832366
0.000838456
0.000828225
0.000806849
0.000828215
0.000838406
0.00084252
0.000832334
0.00081126
0.000832305
0.000842445
0.00084516
0.000835023
0.000814205
0.000834983
0.000845057
0.000846772
0.00083664
0.000816044
0.000836583
0.000846575
0.000847476
0.000837409
0.000817028
0.000837362
0.000847295
0.000847623
0.000837569
0.000817363
0.000837548
0.000847494
0.000847364
0.000837269
0.000817214
0.000837292
0.000847359
0.00084656
0.000836489
0.000816596
0.000836542
0.000846737
0.000845493
0.000835303
0.000815509
0.000835337
0.000845679
0.000844229
0.00083382
0.000814092
0.000833793
0.000844173
0.000842585
0.000832024
0.000812351
0.00083192
0.000842243
0.000840596
0.00082987
0.00081028
0.000829762
0.000840257
0.000838231
0.000827382
0.000807863
0.000827245
0.000837884
0.00083555
0.00082454
0.000805087
0.000824363
0.000835099
0.000832443
0.000821286
0.000801925
0.000821118
0.000832113
0.000828976
0.000817627
0.00079836
0.000817475
0.00082881
0.000825129
0.000813566
0.000794382
0.000813419
0.000824908
0.000820867
0.000809076
0.000789973
0.00080895
0.000820667
0.000816224
0.000804104
0.000785098
0.000804038
0.000816237
0.000811169
0.000798646
0.000779728
0.000798606
0.000811197
0.000805718
0.00079271
0.000773838
0.00079263
0.000805463
0.00079959
0.000786176
0.000767457
0.000786125
0.000799371
0.000792684
0.000779003
0.000760636
0.000779012
0.000792722
0.00078548
0.000771305
0.000753249
0.000771263
0.000785298
0.000777973
0.00076301
0.000745267
0.000762932
0.000777608
0.000769626
0.000753997
0.000736654
0.000753938
0.000769371
0.000760546
0.000744298
0.000727388
0.000744249
0.000760259
0.000750812
0.0007339
0.00071744
0.000733879
0.000750666
0.00074038
0.000722775
0.000706769
0.000722766
0.000740349
0.000729225
0.000710889
0.00069532
0.000710885
0.000729214
0.00071733
0.00069819
0.000683006
0.000698188
0.000717324
0.000704677
0.000684529
0.000669679
0.000684528
0.000704673
0.000691013
0.000669455
0.000655125
0.000669454
0.00069101
0.000598196
0.000661856
0.000635231
0.000661857
0.000598199
0.000738445
0.000740819
0.000716961
0.00074082
0.000738449
0.000785947
0.000777801
0.000754061
0.000777802
0.00078595
0.000808755
0.000798729
0.000775761
0.000798731
0.000808758
0.000822173
0.000811782
0.000789477
0.000811783
0.000822176
0.000830756
0.000820264
0.000798455
0.000820265
0.000830757
0.000836229
0.000825746
0.000804326
0.000825747
0.000836265
0.000839566
0.000829115
0.000808019
0.000829124
0.000839593
0.000841313
0.000830927
0.000810105
0.000830927
0.000841352
0.000841848
0.000831513
0.000810942
0.000831495
0.000841922
0.000841728
0.000831295
0.000810884
0.000831279
0.000841718
0.000840925
0.000830405
0.000810195
0.000830404
0.000840942
0.000839387
0.00082881
0.000808764
0.000828826
0.000839424
0.00083739
0.000826744
0.00080685
0.000826752
0.000837302
0.000835031
0.000824336
0.000804563
0.000824353
0.000835042
0.000832517
0.000821662
0.000801983
0.000821683
0.000832559
0.000829859
0.000818773
0.000799178
0.000818781
0.000829824
0.000826997
0.000815715
0.000796195
0.000815704
0.000826868
0.000824011
0.000812534
0.000793117
0.000812499
0.000823824
0.000820901
0.000809306
0.000790038
0.000809271
0.000820817
0.000817919
0.000806115
0.000786985
0.000806071
0.000817758
0.00081503
0.000802999
0.000784016
0.000802961
0.00081475
0.000812202
0.000800031
0.000781204
0.000800034
0.000812059
0.00080965
0.000797323
0.000778637
0.000797367
0.000809704
0.000807405
0.000794971
0.000776415
0.000795029
0.000807545
0.000805619
0.000793083
0.000774654
0.000793142
0.000805739
0.000804452
0.000791805
0.000773487
0.000791864
0.000804504
0.000803983
0.000791363
0.000773128
0.000791431
0.000804113
0.000804435
0.000791934
0.000773804
0.000792012
0.000804623
0.000806222
0.000793884
0.000775884
0.000793952
0.000806338
0.000809966
0.000797884
0.000780009
0.000797925
0.000809952
0.000815937
0.000804451
0.000786691
0.00080448
0.000816007
0.000824718
0.000814449
0.000796815
0.000814473
0.000824849
0.000837069
0.000829044
0.000811553
0.000829054
0.000837085
0.000859003
0.000850117
0.000832625
0.000850121
0.000859009
0.000890775
0.000880495
0.000862801
0.000880497
0.000890778
0.000937344
0.000924597
0.000906324
0.000924598
0.000937346
0.00102132
0.000993945
0.000972165
0.000993946
0.00102132
0.00126445
0.00116973
0.00113605
0.00116973
0.00126445
0.000637967
0.000614191
0.000598501
0.000614191
0.000637967
0.000650328
0.000627136
0.000612514
0.000627136
0.000650327
0.000663246
0.000640599
0.000626536
0.0006406
0.000663245
0.000676669
0.000654457
0.000640493
0.000654458
0.000676667
0.000817712
0.00072165
0.000692374
0.00072165
0.000817712
0.000818527
0.000712492
0.000682853
0.000712492
0.000818527
0.000723821
0.000638145
0.000613601
0.000638145
0.000723821
0.000721659
0.000632732
0.000608037
0.000632732
0.00072166
0.000670868
0.000589548
0.00056744
0.000589548
0.000670868
0.000664526
0.000583293
0.0005615
0.000583293
0.000664527
0.000606747
0.000525264
0.000504086
0.000525264
0.000606747
0.0005992
0.000518782
0.000498065
0.000518782
0.0005992
0.000345239
0.000345239
0.000328425
0.000328425
0.000313599
0.000313599
0.000328426
0.000328426
0.000345238
0.000345238
0.000810753
0.000803975
0.00076867
0.000803977
0.00081075
0.000938895
0.000933164
0.000900701
0.000933165
0.000938893
0.0010187
0.0010117
0.00098199
0.0010117
0.0010187
0.00107212
0.0010656
0.00103829
0.0010656
0.00107212
0.00111249
0.00110627
0.00108071
0.00110627
0.00111249
0.00114531
0.00113898
0.00111461
0.00113899
0.00114531
0.00117316
0.00116635
0.00114272
0.00116635
0.00117316
0.00119727
0.00118965
0.00116644
0.00118965
0.00119727
0.00121812
0.00120938
0.00118634
0.00120939
0.00121812
0.00123557
0.00122547
0.00120236
0.00122548
0.00123557
0.00124879
0.00123723
0.0012139
0.00123723
0.00124879
0.00125645
0.00124261
0.00121881
0.00124261
0.00125645
0.00125895
0.00123942
0.00121512
0.00123942
0.00125895
0.00125355
0.00122484
0.0012011
0.00122484
0.00125355
0.00123467
0.00119754
0.00117475
0.00119754
0.00123467
0.00118702
0.00114579
0.00112112
0.00114579
0.00118702
0.00106699
0.00102773
0.00100058
0.00102773
0.00106699
0.000465939
0.000465939
0.000442853
0.000442853
0.000426942
0.000426942
0.000442853
0.000442853
0.000465939
0.000465939
0.000548841
0.000538907
0.000506033
0.000538909
0.000548839
0.000759599
0.000750788
0.000714483
0.000750789
0.000759599
0.000606401
0.000584023
0.000561355
0.000584025
0.000606399
0.000969086
0.000930401
0.000893994
0.000930402
0.000969086
0.000625487
0.000601305
0.000583496
0.000601306
0.000625486
0.00125945
0.00115217
0.00111076
0.00115217
0.00125945
)
;
    }
    outlet
    {
        type            zeroGradient;
    }
}


// ************************************************************************* //
