/*--------------------------------*- C++ -*----------------------------------*\
  =========                 |
  \\      /  F ield         | OpenFOAM: The Open Source CFD Toolbox
   \\    /   O peration     | Website:  https://openfoam.org
    \\  /    A nd           | Version:  9
     \\/     M anipulation  |
\*---------------------------------------------------------------------------*/
FoamFile
{
    format      ascii;
    class       volScalarField;
    location    "1";
    object      nut;
}
// * * * * * * * * * * * * * * * * * * * * * * * * * * * * * * * * * * * * * //

dimensions      [0 2 -1 0 0 0 0];

internalField   nonuniform List<scalar> 
4545
(
0.000386885
0.000375224
0.000358042
0.000375223
0.000386878
0.00054148
0.000750873
0.000406268
0.000750855
0.000541325
0.00129434
0.00175985
0.00101408
0.00175994
0.00129401
0.00287573
0.00317019
0.00241042
0.00317032
0.00287531
0.00427198
0.00421201
0.00365462
0.00421205
0.00427195
0.00501463
0.0048446
0.00436068
0.00484451
0.00501449
0.00544694
0.00524589
0.00480055
0.00524577
0.00544677
0.00571372
0.00550665
0.00508604
0.00550653
0.00571357
0.0058819
0.00567586
0.00527287
0.00567576
0.00588178
0.00598477
0.00578171
0.00539039
0.00578155
0.00598515
0.00604291
0.00584215
0.00545854
0.00584206
0.00604343
0.00606627
0.00586828
0.00548976
0.00586829
0.00606786
0.00606808
0.00587017
0.0054942
0.00587019
0.00606692
0.00605911
0.00585945
0.00548526
0.00585976
0.00605593
0.00602703
0.00582914
0.00545725
0.00582976
0.00602789
0.00598747
0.00578772
0.00541691
0.00578707
0.00598749
0.00594408
0.00574015
0.00536988
0.00573764
0.00594014
0.00589179
0.0056877
0.00531892
0.00568529
0.00588894
0.00584037
0.00563274
0.00526638
0.00563168
0.00584071
0.00579001
0.005578
0.00521383
0.0055786
0.00578873
0.00573701
0.00552632
0.00516155
0.0055242
0.00573604
0.0056882
0.00547433
0.00510927
0.00547151
0.00568824
0.0056356
0.00541866
0.00505695
0.00542111
0.00564038
0.00558319
0.00536522
0.00500486
0.00536932
0.0055913
0.00553507
0.00531399
0.00495248
0.00531546
0.00554069
0.00548562
0.00526154
0.00489942
0.00525924
0.00548441
0.00543412
0.00520795
0.00484634
0.00520561
0.00542939
0.00538271
0.00515357
0.00479332
0.00515357
0.00538207
0.00533234
0.00509738
0.00473979
0.00510015
0.00533215
0.00527709
0.00504143
0.00468581
0.00504658
0.00528122
0.00522466
0.00498705
0.0046313
0.00499171
0.00523179
0.00517222
0.00493171
0.00457556
0.00493442
0.00517784
0.00511814
0.0048741
0.00451822
0.00487547
0.00512202
0.00506314
0.00481371
0.00445889
0.00481455
0.00506437
0.00500374
0.00475071
0.00439716
0.00475121
0.00500445
0.0049416
0.00468485
0.00433247
0.00468514
0.00494198
0.00487635
0.00461535
0.00426386
0.0046155
0.00487654
0.004807
0.0045398
0.00418956
0.00453986
0.00480707
0.00472958
0.00445157
0.004107
0.00445154
0.00472954
0.000199884
0.000481035
0.000155438
0.000481005
0.000199884
0.00129245
0.00307472
0.000782082
0.00307453
0.00129233
0.00671914
0.00871471
0.00535598
0.00871457
0.00671889
0.0174577
0.0174826
0.0151379
0.0174826
0.0174581
0.0249571
0.024666
0.0228332
0.0246659
0.0249572
0.0300006
0.0298431
0.0283144
0.0298424
0.0299996
0.0334596
0.0335067
0.0321862
0.0335056
0.0334578
0.0358695
0.0360831
0.0348942
0.0360818
0.0358672
0.0375365
0.0378704
0.0367557
0.0378688
0.0375338
0.0386527
0.0390679
0.0379999
0.0390661
0.038651
0.0393531
0.0398193
0.0387806
0.0398179
0.0393537
0.0397126
0.0402178
0.0392059
0.0402166
0.0397156
0.0398521
0.0403612
0.0393506
0.0403582
0.0398497
0.0398529
0.0403717
0.0393673
0.0403686
0.0398453
0.0396691
0.040189
0.0391845
0.0401894
0.0396726
0.039386
0.0398987
0.0388869
0.0398921
0.0393879
0.0390407
0.0395373
0.038509
0.039518
0.0390188
0.0386335
0.039115
0.0380741
0.0390971
0.0386065
0.0381805
0.0386458
0.0376029
0.0386329
0.038164
0.0377063
0.0381608
0.0371171
0.0381542
0.0377026
0.0372327
0.0376814
0.0366271
0.037662
0.0372209
0.0367691
0.0371982
0.0361375
0.0371871
0.0367563
0.0362865
0.0366989
0.0356482
0.0367152
0.0363022
0.0358026
0.0362128
0.0351613
0.0362313
0.0358298
0.0353436
0.035751
0.0346762
0.0357604
0.035366
0.0348914
0.0352921
0.0341911
0.0352735
0.0348778
0.0344293
0.0348242
0.0337061
0.0348019
0.0343994
0.0339605
0.0343465
0.0332173
0.034337
0.0339458
0.0334762
0.0338551
0.0327218
0.0338448
0.0334594
0.0329774
0.0333615
0.0322232
0.0333629
0.0329763
0.032484
0.032868
0.0317196
0.0328826
0.0325055
0.0319909
0.0323711
0.0312049
0.0323766
0.0320067
0.0314888
0.0318615
0.0306773
0.0318576
0.0314911
0.0309659
0.0313291
0.0301343
0.031326
0.0309638
0.0304216
0.0307786
0.0295731
0.0307782
0.0304225
0.0298595
0.0302074
0.0289889
0.0302088
0.0298629
0.0292781
0.0296099
0.028376
0.0296122
0.0292823
0.0286768
0.0289793
0.0277302
0.0289817
0.0286809
0.0280539
0.0283094
0.0270591
0.0283117
0.0280577
0.000215325
0.00051607
0.000162376
0.000516055
0.000215321
0.00207854
0.00397708
0.00130724
0.00397699
0.00207843
0.0104646
0.0118654
0.00845977
0.0118653
0.0104644
0.0238372
0.0234554
0.0214427
0.0234552
0.023837
0.0338907
0.0331712
0.0315964
0.033171
0.0338903
0.0414034
0.0406932
0.0393691
0.0406926
0.0414024
0.0469761
0.0463546
0.045191
0.0463536
0.0469746
0.0510587
0.0505277
0.0494725
0.0505264
0.0510568
0.0539829
0.053526
0.052545
0.0535245
0.0539806
0.0560009
0.0555991
0.0546693
0.0555975
0.0559987
0.0573013
0.0569438
0.0560473
0.0569424
0.0573001
0.0580037
0.0576825
0.056832
0.0576813
0.058003
0.0583518
0.0580283
0.057162
0.0580261
0.0583497
0.0583997
0.0580985
0.0572579
0.0580956
0.0583964
0.0581594
0.0578627
0.0570248
0.0578595
0.0581566
0.0577423
0.0574454
0.056606
0.0574407
0.0577388
0.0571993
0.0568981
0.0560538
0.0568899
0.0571899
0.0565662
0.0562586
0.0554088
0.0562486
0.0565526
0.0558707
0.0555578
0.0547051
0.0555502
0.05586
0.0551364
0.0548215
0.0539673
0.0548185
0.0551354
0.0543908
0.0540727
0.0532125
0.0540673
0.0543894
0.0536352
0.0533119
0.0524509
0.0533104
0.0536402
0.0528684
0.0525444
0.0516894
0.0525456
0.0528803
0.0521115
0.0517863
0.0509334
0.0517856
0.0521182
0.0513482
0.0510247
0.0501826
0.051038
0.0513706
0.0505991
0.0502813
0.0494387
0.0503028
0.0506316
0.0498749
0.0495522
0.0486966
0.0495765
0.0499065
0.0491315
0.0488043
0.047949
0.048837
0.0491719
0.0483828
0.0480594
0.0471959
0.048085
0.0484169
0.0476372
0.0473133
0.0464353
0.0473243
0.047654
0.0468731
0.0465476
0.0456631
0.046553
0.046882
0.0460915
0.045767
0.0448773
0.0457679
0.0460941
0.0452934
0.0449697
0.0440754
0.0449681
0.0452917
0.044475
0.0441525
0.0432541
0.0441507
0.0444729
0.0436343
0.0433118
0.0424084
0.0433111
0.0436337
0.0427674
0.0424425
0.0415327
0.0424428
0.0427684
0.0418696
0.0415383
0.0406216
0.0415392
0.0418715
0.0409365
0.0405932
0.039674
0.0405944
0.0409388
0.0399605
0.0396039
0.0387014
0.0396053
0.0399628
0.000231561
0.000629876
0.000169525
0.000629876
0.00023156
0.00265374
0.00472388
0.0018389
0.00472382
0.00265371
0.0127989
0.0139821
0.0108231
0.013982
0.0127988
0.0276481
0.0271729
0.0253232
0.0271728
0.027648
0.0391581
0.038343
0.0369126
0.0383427
0.0391577
0.0480859
0.0472295
0.0460108
0.0472289
0.048085
0.0549269
0.0541042
0.0530135
0.0541033
0.0549256
0.060071
0.0592954
0.0582901
0.0592943
0.0600694
0.0638364
0.0631046
0.0621591
0.0631034
0.0638347
0.0664902
0.0657906
0.0648871
0.0657893
0.0664885
0.068215
0.0675652
0.066693
0.0675643
0.0682141
0.0692186
0.0685796
0.0677509
0.0685791
0.0692183
0.0697313
0.0690958
0.0682489
0.0690949
0.0697306
0.0698484
0.0692369
0.0684175
0.0692356
0.0698473
0.0695974
0.0689923
0.0681785
0.0689901
0.0695955
0.0691128
0.0685108
0.0676982
0.068507
0.0691089
0.0684607
0.0678595
0.0670462
0.0678536
0.068454
0.0676918
0.0670901
0.0662751
0.0670828
0.0676829
0.0668463
0.066244
0.0654271
0.0662364
0.0668375
0.0659538
0.0653514
0.064533
0.0653448
0.0659473
0.0650382
0.0644357
0.0636151
0.0644287
0.0650322
0.064112
0.0635101
0.0626884
0.063504
0.0641079
0.0631824
0.0625826
0.061762
0.0625795
0.0631823
0.0622555
0.0616586
0.0608396
0.0616587
0.0622596
0.0613308
0.0607382
0.0599218
0.0607438
0.0613427
0.0604124
0.0598235
0.0590082
0.0598335
0.0604298
0.0594976
0.0589112
0.0580952
0.0589234
0.0595171
0.0585774
0.0579953
0.0571794
0.0580083
0.0585979
0.0576522
0.0570747
0.0562581
0.0570862
0.05767
0.0567202
0.0561471
0.0553293
0.0561558
0.0567328
0.0557766
0.055209
0.0543898
0.0552146
0.0557847
0.0548188
0.054257
0.0534362
0.0542596
0.0548227
0.0538432
0.0532869
0.0524643
0.0532873
0.0538439
0.0528453
0.0522941
0.0514693
0.0522934
0.0528444
0.0518202
0.0512732
0.0504456
0.0512722
0.0518191
0.0507624
0.0502179
0.0493868
0.0502171
0.0507617
0.0496661
0.0491215
0.0482873
0.049121
0.0496658
0.0485252
0.0479774
0.0471455
0.0479771
0.0485253
0.0473275
0.0467785
0.0459687
0.0467784
0.0473277
0.00023831
0.000646633
0.00017449
0.0006466
0.000238306
0.00292427
0.00505958
0.00211033
0.00505943
0.00292416
0.014043
0.0152096
0.0122119
0.0152094
0.0140427
0.0299226
0.0294617
0.0277263
0.0294615
0.0299224
0.0423979
0.0415903
0.0402552
0.0415899
0.0423974
0.0522428
0.0513692
0.0502236
0.0513686
0.0522419
0.0599143
0.0590484
0.0580123
0.0590476
0.0599132
0.0657718
0.0649321
0.0639677
0.0649312
0.0657705
0.0701209
0.0693094
0.0683954
0.0693084
0.0701196
0.07323
0.072439
0.0715605
0.0724381
0.0732288
0.0752759
0.074535
0.0736871
0.0745345
0.0752755
0.0765162
0.0757747
0.0749637
0.0757747
0.0765167
0.077164
0.0764266
0.0756019
0.0764267
0.0771646
0.0773563
0.076643
0.0758415
0.0766428
0.0773566
0.0771191
0.0764132
0.0756203
0.0764118
0.0771179
0.0766055
0.0759042
0.0751135
0.0759011
0.0766019
0.0758935
0.0751952
0.0744057
0.0751908
0.075888
0.0750433
0.0743471
0.073558
0.0743423
0.0750374
0.0741022
0.0734074
0.0726182
0.0734029
0.0740968
0.073105
0.0724116
0.071622
0.0724075
0.0731006
0.0720781
0.0713862
0.070596
0.0713824
0.0720744
0.071039
0.070349
0.0695589
0.0703468
0.0710375
0.0699966
0.0693095
0.0685207
0.0693112
0.0700006
0.0689557
0.0682725
0.0674861
0.0682791
0.0689666
0.0679188
0.0672401
0.0664563
0.0672515
0.0679361
0.066887
0.0662132
0.0654313
0.0662273
0.0669079
0.0658583
0.0651897
0.0644088
0.0652036
0.065879
0.0648288
0.0641661
0.0633855
0.0641777
0.0648464
0.0637947
0.0631385
0.0623583
0.0631476
0.0638085
0.0627529
0.0621035
0.0613237
0.0621103
0.0627631
0.0616998
0.0610574
0.0602777
0.0610619
0.0617066
0.0606314
0.0599961
0.0592161
0.0599983
0.0606348
0.0595431
0.0589147
0.058134
0.0589149
0.0595437
0.0584292
0.0578075
0.0570257
0.0578063
0.0584279
0.0572838
0.0566679
0.0558846
0.0566662
0.0572816
0.0561
0.055489
0.0547037
0.0554871
0.0560978
0.0548709
0.0542629
0.0534763
0.0542612
0.0548689
0.0535882
0.052981
0.052199
0.0529795
0.0535865
0.0522352
0.0516323
0.0508741
0.0516311
0.0522337
0.000240424
0.000672393
0.000177459
0.000672327
0.000240413
0.00302617
0.00524718
0.00227277
0.00524692
0.00302592
0.0146217
0.0158562
0.012967
0.0158559
0.0146213
0.0312163
0.0307989
0.0291412
0.0307987
0.0312159
0.0443561
0.0435786
0.0423055
0.0435782
0.0443555
0.054827
0.0539683
0.0528716
0.0539676
0.0548261
0.0630682
0.0622034
0.061206
0.0622026
0.0630672
0.0694226
0.068573
0.0676398
0.0685721
0.0694215
0.0741866
0.073357
0.0724692
0.0733562
0.0741856
0.0776272
0.0768122
0.0759562
0.0768115
0.0776264
0.0799187
0.079152
0.0783264
0.0791518
0.0799189
0.0813423
0.0805706
0.0797776
0.080571
0.0813433
0.0821002
0.0813324
0.08053
0.0813329
0.0821016
0.0823656
0.0816207
0.0808359
0.0816209
0.0823666
0.082154
0.081417
0.0806445
0.0814162
0.0821536
0.081634
0.0809021
0.080132
0.0808999
0.0816315
0.0808927
0.0801644
0.0793963
0.0801613
0.0808887
0.0799974
0.0792717
0.0785044
0.0792681
0.0799929
0.0789999
0.0782759
0.0775086
0.0782716
0.0789946
0.0779383
0.0772157
0.0764478
0.0772102
0.0779317
0.0768412
0.0761205
0.0753522
0.0761145
0.0768344
0.0757296
0.0750111
0.0742432
0.0750064
0.0757249
0.0746153
0.0738998
0.0731333
0.0738982
0.0746154
0.0735045
0.0727929
0.0720286
0.072795
0.0735103
0.0723997
0.0716925
0.0709309
0.0716985
0.0724108
0.0713001
0.070598
0.0698393
0.0706072
0.0713154
0.0702036
0.0695075
0.0687516
0.0695185
0.0702213
0.069108
0.0684182
0.0676644
0.0684294
0.0691256
0.0680093
0.067326
0.0665737
0.0673361
0.0680249
0.0669031
0.0662264
0.0654749
0.0662346
0.0669156
0.0657852
0.0651152
0.064364
0.0651207
0.0657937
0.0646506
0.0639874
0.063236
0.0639902
0.0646551
0.0634937
0.0628373
0.0620855
0.0628377
0.0634947
0.0623078
0.0616581
0.0609057
0.0616569
0.0623065
0.0610858
0.0604425
0.059689
0.0604404
0.0610832
0.0598199
0.0591821
0.0584273
0.0591797
0.059817
0.0585017
0.0578679
0.0571128
0.0578656
0.0584988
0.0571209
0.0564893
0.0557397
0.0564872
0.0571183
0.0556568
0.0550311
0.0543062
0.0550292
0.0556544
0.000238729
0.000667959
0.000177961
0.000667856
0.000238722
0.00301403
0.00528259
0.00231012
0.00528228
0.00301384
0.0147805
0.0161057
0.0132678
0.0161054
0.0147801
0.0318729
0.031501
0.029892
0.0315007
0.0318725
0.0454704
0.0447223
0.0434888
0.0447219
0.0454697
0.0563724
0.0555322
0.0544678
0.0555315
0.0563715
0.0650085
0.0641539
0.0631831
0.0641531
0.0650075
0.0717114
0.0708657
0.0699553
0.070865
0.0717104
0.076771
0.0759408
0.075073
0.0759401
0.0767702
0.0804522
0.0796333
0.0787955
0.0796327
0.0804516
0.0829301
0.0821579
0.0813493
0.0821579
0.0829304
0.0844933
0.0837136
0.0829367
0.083714
0.0844946
0.0853392
0.0845644
0.0837805
0.0845651
0.0853408
0.0856707
0.0849161
0.0841447
0.0849165
0.0856719
0.0854899
0.0847438
0.0839883
0.0847434
0.0854899
0.084977
0.084236
0.0834829
0.0842346
0.0849756
0.084225
0.0834877
0.0827369
0.0834856
0.0842226
0.0833064
0.0825717
0.0818222
0.082569
0.0833033
0.0822774
0.0815443
0.080795
0.0815405
0.082273
0.0811794
0.0804477
0.079698
0.0804425
0.0811736
0.0800439
0.0793136
0.0785636
0.0793076
0.0800375
0.0788931
0.0781645
0.0774148
0.0781589
0.0788879
0.0777415
0.0770152
0.0762665
0.0770112
0.0777392
0.0765972
0.0758737
0.0751265
0.0758718
0.0765981
0.0754621
0.074742
0.0739969
0.0747427
0.0754668
0.0743333
0.0736175
0.0728757
0.0736222
0.0743433
0.0732068
0.0724964
0.0717588
0.0725059
0.0732231
0.0720799
0.0713755
0.0706417
0.0713885
0.0721008
0.07095
0.0702514
0.0695202
0.0702652
0.0709716
0.0698132
0.0691203
0.0683902
0.0691323
0.0698318
0.0686646
0.0679773
0.0672474
0.0679861
0.0686781
0.0674985
0.0668169
0.0660865
0.066822
0.0675065
0.0663076
0.065632
0.0649011
0.065634
0.0663111
0.0650842
0.0644146
0.063683
0.0644144
0.0650845
0.0638197
0.063156
0.0624235
0.0631546
0.0638183
0.0625052
0.0618467
0.0611132
0.0618448
0.062503
0.0611308
0.0604764
0.0597429
0.0604743
0.0611283
0.0596843
0.0590321
0.0583045
0.05903
0.0596817
0.0581418
0.0574959
0.0567932
0.0574939
0.0581393
0.000236044
0.000661881
0.000177441
0.000661845
0.000236036
0.00295438
0.0052547
0.00229469
0.0052545
0.00295418
0.0147123
0.016124
0.0133065
0.0161237
0.0147119
0.0321302
0.0317961
0.0302156
0.0317957
0.0321297
0.0460308
0.0453051
0.0440952
0.0453046
0.0460301
0.0572209
0.0563951
0.0553506
0.0563944
0.0572199
0.0661233
0.065278
0.0643243
0.0652773
0.0661223
0.0730639
0.0722238
0.0713283
0.0722231
0.0730629
0.0783279
0.0775006
0.0766463
0.0774999
0.0783271
0.0821783
0.0813603
0.0805353
0.0813597
0.0821778
0.0847927
0.0840203
0.0832229
0.0840202
0.0847931
0.0864588
0.0856769
0.0849123
0.0856774
0.0864602
0.0873725
0.0865985
0.0858271
0.0865992
0.0873742
0.08776
0.0870004
0.0862392
0.0870008
0.0877613
0.087611
0.0868625
0.0861189
0.0868623
0.0876114
0.0871136
0.0863695
0.0856285
0.0863686
0.087113
0.0863648
0.0856241
0.0848857
0.0856227
0.0863636
0.085441
0.0847028
0.083966
0.0847008
0.0854394
0.0844017
0.0836648
0.0829287
0.0836621
0.0843993
0.0832913
0.0825554
0.0818193
0.0825518
0.0832884
0.0821441
0.0814087
0.0806721
0.0814039
0.0821401
0.0809824
0.0802475
0.0795109
0.0802424
0.0809785
0.079821
0.0790872
0.0783518
0.0790838
0.0798199
0.0786696
0.0779376
0.077204
0.0779369
0.0786728
0.0775312
0.0768014
0.0760703
0.0768042
0.0775395
0.0764018
0.0756748
0.0749475
0.075683
0.0764171
0.0752753
0.0745524
0.07383
0.074567
0.0752994
0.0741487
0.0734305
0.0727125
0.0734497
0.0741791
0.0730199
0.072306
0.0715907
0.0723261
0.073051
0.0718848
0.0711749
0.0704604
0.0711923
0.0719117
0.0707379
0.0700317
0.0693169
0.0700447
0.0707579
0.069572
0.0688697
0.0681541
0.068878
0.0695849
0.0683786
0.0676806
0.0669642
0.0676851
0.0683859
0.0671484
0.0664551
0.0657379
0.0664569
0.0671519
0.0658716
0.0651829
0.0644648
0.0651831
0.0658727
0.0645375
0.0638531
0.063134
0.0638525
0.0645374
0.063135
0.0624538
0.0617347
0.0624527
0.063134
0.0616499
0.0609702
0.060257
0.0609688
0.0616484
0.0600559
0.059382
0.0586934
0.0593804
0.0600541
0.00023301
0.000649002
0.000176264
0.000648986
0.000233009
0.002874
0.00518507
0.00224245
0.00518494
0.00287392
0.0145266
0.0160107
0.0131874
0.0160104
0.0145263
0.0321428
0.031836
0.0302693
0.0318356
0.0321423
0.0462281
0.0455164
0.0443181
0.0455158
0.0462273
0.0575945
0.0567773
0.055743
0.0567765
0.0575935
0.0666612
0.0658213
0.0648767
0.0658205
0.0666601
0.0737498
0.072913
0.0720258
0.0729123
0.0737488
0.0791428
0.0783173
0.0774707
0.0783167
0.0791421
0.0831022
0.0822848
0.0814673
0.0822842
0.0831017
0.0858088
0.085036
0.0842443
0.0850359
0.0858092
0.0875452
0.0867616
0.0860049
0.086762
0.0875465
0.0885075
0.0877353
0.0869712
0.0877361
0.0885094
0.0889395
0.0881752
0.0874201
0.0881758
0.0889411
0.0888212
0.088071
0.0873343
0.088071
0.088822
0.0883453
0.0875984
0.0868644
0.0875976
0.0883448
0.087612
0.0868678
0.0861364
0.0868662
0.0876105
0.0866995
0.085957
0.0852275
0.085955
0.0866976
0.0856683
0.0849268
0.0841987
0.0849253
0.0856676
0.084565
0.0838241
0.0830972
0.0838237
0.0845667
0.0834254
0.0826845
0.0819584
0.0826852
0.0834293
0.0822739
0.0815326
0.0808074
0.0815346
0.08228
0.0811258
0.0803845
0.079661
0.0803891
0.0811361
0.0799913
0.0792503
0.0785291
0.0792584
0.0800069
0.0788737
0.0781332
0.0774145
0.078145
0.0788946
0.0777696
0.0770299
0.0763143
0.0770457
0.0777959
0.0766728
0.0759346
0.0752227
0.0759543
0.0767044
0.0755789
0.0748424
0.0741336
0.0748643
0.0756131
0.0744838
0.0737489
0.0730419
0.0737701
0.0745166
0.0733826
0.0726492
0.0719427
0.0726672
0.0734105
0.072269
0.0715369
0.0708301
0.0715506
0.0722902
0.0711346
0.0704042
0.0696968
0.0704136
0.0711495
0.0699701
0.0692417
0.0685337
0.0692477
0.0699799
0.0687644
0.0680385
0.06733
0.0680421
0.0687707
0.0675059
0.0667826
0.0660733
0.0667847
0.0675099
0.0661819
0.0654612
0.0647509
0.0654623
0.0661845
0.064779
0.0640599
0.0633496
0.0640603
0.0647804
0.0632811
0.062562
0.0618574
0.0625618
0.0632814
0.0616595
0.0609453
0.0602647
0.0609446
0.0616591
0.000230209
0.000635128
0.000174866
0.000635105
0.000230207
0.00279045
0.00509754
0.00217449
0.00509738
0.00279035
0.0142883
0.0158257
0.0129784
0.0158254
0.0142878
0.0320017
0.031711
0.0301473
0.0317105
0.0320011
0.0461741
0.0454681
0.0442719
0.0454675
0.0461733
0.0576223
0.0568073
0.0557754
0.0568066
0.0576213
0.0667651
0.065926
0.0649837
0.0659251
0.066764
0.0739229
0.073086
0.0722011
0.0730852
0.0739219
0.0793777
0.0785514
0.077707
0.0785506
0.0793768
0.083391
0.0825724
0.0817572
0.0825718
0.0833904
0.0861479
0.0853725
0.0845819
0.0853722
0.0861481
0.0879233
0.0871376
0.086384
0.0871379
0.0879242
0.0889177
0.0881441
0.0873823
0.088145
0.0889198
0.0893795
0.0886104
0.087857
0.0886111
0.0893812
0.0892904
0.0885367
0.0878023
0.0885368
0.0892913
0.0888398
0.0880886
0.0873568
0.0880875
0.0888389
0.088132
0.0873824
0.0866527
0.0873796
0.0881287
0.0872457
0.0864967
0.0857683
0.0864924
0.0872405
0.0862416
0.0854923
0.084765
0.0854877
0.0862362
0.0851662
0.0844163
0.0836902
0.0844128
0.085163
0.0840564
0.0833053
0.0825803
0.0833033
0.0840561
0.082938
0.0821851
0.081461
0.0821847
0.0829404
0.0818265
0.0810717
0.0803494
0.081074
0.081833
0.0807319
0.0799755
0.0792554
0.0799808
0.0807429
0.0796586
0.0789004
0.0781824
0.0789081
0.079673
0.0786035
0.0778435
0.0771281
0.0778537
0.0786211
0.0775609
0.0767996
0.0760871
0.0768123
0.0775818
0.0765258
0.0757633
0.0750537
0.0757777
0.0765486
0.0754932
0.0747295
0.074022
0.0747437
0.0755155
0.0744571
0.0736918
0.0729855
0.0737044
0.0744768
0.0734098
0.0726429
0.0719373
0.0726532
0.0734259
0.0723421
0.0715738
0.0708685
0.0715816
0.0723547
0.0712428
0.0704734
0.0697683
0.0704793
0.0712526
0.0700989
0.0693287
0.0686236
0.0693333
0.0701066
0.0688958
0.0681253
0.0674196
0.0681288
0.0689022
0.0676179
0.0668469
0.0661405
0.0668496
0.067623
0.0662482
0.0654762
0.0647697
0.0654781
0.066252
0.0647674
0.063993
0.063292
0.0639941
0.0647699
0.0631444
0.0623729
0.0616951
0.0623733
0.0631456
0.000227725
0.000619756
0.000173394
0.0006197
0.000227717
0.00270962
0.00499925
0.00209637
0.00499895
0.00270934
0.0140244
0.0155946
0.0127062
0.0155941
0.0140236
0.031743
0.0314567
0.0298875
0.0314562
0.0317423
0.0459117
0.0452031
0.0440004
0.0452024
0.0459108
0.057352
0.0565333
0.0554965
0.0565325
0.057351
0.0664862
0.0656433
0.0646972
0.0656425
0.066485
0.0736368
0.0727964
0.0719082
0.0727955
0.0736357
0.0790875
0.0782577
0.0774104
0.0782569
0.0790865
0.0831007
0.0822789
0.0814611
0.0822782
0.0830999
0.0858655
0.0850847
0.0842911
0.0850843
0.0858654
0.0876491
0.0868604
0.0861051
0.0868606
0.0876498
0.0886571
0.0878796
0.0871155
0.0878804
0.0886588
0.0891341
0.08836
0.0876042
0.0883608
0.0891359
0.0890707
0.0883118
0.0875754
0.0883122
0.089072
0.0886467
0.0878896
0.0871561
0.0878892
0.0886467
0.0879702
0.0872139
0.0864825
0.087212
0.0879682
0.0871206
0.0863636
0.0856332
0.0863599
0.0871161
0.0861584
0.0853997
0.0846696
0.0853945
0.0861521
0.0851296
0.0843684
0.0836387
0.084363
0.0851234
0.0840707
0.0833065
0.0825769
0.0833014
0.0840658
0.083008
0.0822396
0.0815104
0.0822354
0.0830045
0.0819556
0.0811829
0.0804552
0.0811811
0.0819555
0.0809238
0.0801474
0.0794216
0.0801477
0.080927
0.0799188
0.0791378
0.0784135
0.0791385
0.0799224
0.0789367
0.0781508
0.0774288
0.0781527
0.0789414
0.0779726
0.0771825
0.0764636
0.0771866
0.0779802
0.0770232
0.076229
0.0755133
0.0762349
0.0770332
0.0760838
0.0752848
0.0745717
0.0752913
0.0760946
0.0751475
0.074343
0.0736318
0.0743491
0.0751576
0.0742053
0.073395
0.0726853
0.0734004
0.0742143
0.0732466
0.0724303
0.071722
0.0724352
0.0732548
0.0722584
0.0714363
0.0707289
0.0714408
0.0722663
0.071225
0.0703971
0.0696904
0.0704014
0.0712326
0.0701278
0.0692945
0.0685877
0.0692986
0.0701351
0.0689461
0.0681075
0.0674002
0.0681112
0.0689528
0.0676572
0.066813
0.0661058
0.066816
0.0676628
0.0662361
0.0653852
0.0646835
0.0653874
0.0662403
0.0646466
0.0637954
0.0631164
0.0637967
0.0646494
0.000225627
0.000604877
0.000171891
0.000604785
0.000225611
0.00263287
0.00489218
0.00201108
0.00489169
0.00263234
0.0137341
0.0153142
0.0123672
0.0153135
0.0137328
0.031353
0.0310585
0.0294755
0.031058
0.0313521
0.0454175
0.0446975
0.0434789
0.0446969
0.0454165
0.0567524
0.0559236
0.0548738
0.0559228
0.0567512
0.0657864
0.0649353
0.0639785
0.0649344
0.0657851
0.0728477
0.0720005
0.0711031
0.0719995
0.0728465
0.0782237
0.0773882
0.0765327
0.0773873
0.0782225
0.0821788
0.0813523
0.0805269
0.0813514
0.0821777
0.0849065
0.084119
0.0833176
0.0841183
0.0849059
0.0866658
0.0858733
0.0851114
0.0858731
0.0866659
0.0876661
0.0868839
0.0861124
0.0868843
0.0876672
0.0881461
0.0873667
0.0866038
0.0873674
0.0881478
0.0881039
0.0873391
0.0865962
0.0873402
0.088106
0.0877079
0.086945
0.0862056
0.0869466
0.0877108
0.0870679
0.0863056
0.0855697
0.086308
0.0870718
0.0862621
0.085499
0.0847656
0.0855022
0.0862672
0.0853508
0.0845853
0.0838538
0.0845897
0.0853575
0.0843798
0.0836109
0.0828813
0.0836171
0.084389
0.0833848
0.0826116
0.0818836
0.0826198
0.0833972
0.0823917
0.0816128
0.0808861
0.081623
0.0824069
0.0814167
0.0806309
0.0799052
0.0806426
0.0814338
0.080471
0.0796765
0.0789506
0.0796873
0.0804871
0.0795588
0.0787552
0.0780271
0.0787623
0.0795703
0.0786775
0.0778648
0.0771366
0.0778687
0.0786842
0.0778235
0.0770018
0.0762746
0.0770037
0.0778271
0.0769926
0.0761625
0.0754369
0.0761631
0.0769943
0.0761809
0.0753412
0.0746181
0.075341
0.0761813
0.0753823
0.0745317
0.0738107
0.0745312
0.0753823
0.0745884
0.0737263
0.0730074
0.0737262
0.0745891
0.0737887
0.0729143
0.0721977
0.0729151
0.0737908
0.0729689
0.0720815
0.0713668
0.0720833
0.0729728
0.0721101
0.0712094
0.070496
0.0712122
0.0721155
0.0711888
0.0702748
0.0695619
0.0702782
0.0711953
0.0701769
0.0692496
0.0685366
0.0692532
0.0701836
0.0690421
0.0681014
0.0673888
0.0681048
0.0690482
0.0677485
0.0667942
0.0660874
0.0667968
0.0677535
0.0662501
0.0652897
0.0646058
0.0652915
0.0662536
0.000223629
0.000585983
0.000170238
0.000585876
0.000223608
0.00255204
0.00476206
0.0019069
0.00476145
0.00255134
0.0133809
0.0149485
0.011922
0.0149475
0.0133792
0.0307633
0.0304473
0.0288373
0.0304467
0.0307623
0.0445986
0.0438582
0.0426113
0.0438575
0.0445977
0.05571
0.054865
0.0537926
0.0548642
0.0557089
0.0645352
0.063672
0.0626967
0.063671
0.0645339
0.071411
0.0705547
0.0696414
0.0705537
0.0714096
0.0766302
0.0757879
0.0749182
0.0757868
0.0766287
0.0804601
0.0796287
0.0787902
0.0796276
0.0804587
0.0830992
0.082305
0.0814905
0.082304
0.0830981
0.0847958
0.0840002
0.0832267
0.0839996
0.0847952
0.0857628
0.0849761
0.0841927
0.0849761
0.0857631
0.0862306
0.0854467
0.0846721
0.0854473
0.0862317
0.0862016
0.0854316
0.0846772
0.0854329
0.0862037
0.0858343
0.0850655
0.084315
0.0850681
0.0858382
0.0852371
0.084468
0.0837213
0.0844726
0.0852438
0.0844863
0.083715
0.0829713
0.0837217
0.0844957
0.0836411
0.0828659
0.0821238
0.0828742
0.0836526
0.0827466
0.0819663
0.0812249
0.0819752
0.0827592
0.0818373
0.0810508
0.0803095
0.0810595
0.0818495
0.0809376
0.0801439
0.0794026
0.0801514
0.0809482
0.080063
0.0792614
0.0785205
0.0792674
0.0800714
0.0792224
0.0784124
0.0776729
0.0784163
0.0792281
0.07842
0.0776
0.0768628
0.0776014
0.0784221
0.0776552
0.0768233
0.0760872
0.0768219
0.0776531
0.0769271
0.0760811
0.0753455
0.076077
0.076921
0.0762375
0.0753724
0.0746363
0.0753662
0.0762284
0.0755829
0.0746984
0.0739597
0.0746911
0.0755723
0.0749592
0.0740556
0.0733179
0.0740483
0.0749488
0.0743577
0.0734363
0.0727011
0.0734304
0.0743494
0.0737715
0.0728302
0.0720995
0.0728263
0.0737666
0.0731877
0.0722231
0.0714951
0.0722215
0.0731864
0.0725846
0.0715958
0.07087
0.0715962
0.0725865
0.0719342
0.0709199
0.0701957
0.0709218
0.0719383
0.0711993
0.0701586
0.069435
0.0701612
0.0712046
0.070333
0.0692651
0.0685424
0.0692679
0.0703382
0.0692783
0.0681845
0.0674683
0.0681869
0.0692828
0.0679686
0.06686
0.0661677
0.0668617
0.0679719
0.000221607
0.00057044
0.000168346
0.000570341
0.000221588
0.00245373
0.00460278
0.00178325
0.00460218
0.00245306
0.0128858
0.014427
0.0113085
0.014426
0.0128841
0.0298402
0.0294907
0.0278309
0.0294902
0.0298392
0.043282
0.0425126
0.0412204
0.042512
0.043281
0.0540176
0.0531519
0.0520441
0.0531511
0.0540164
0.0624957
0.0616194
0.0606157
0.0616184
0.0624944
0.0690651
0.0682017
0.0672646
0.0682006
0.0690636
0.0740263
0.0731813
0.072291
0.0731801
0.0740247
0.0776499
0.0768193
0.0759623
0.076818
0.0776481
0.0801398
0.0793447
0.0785126
0.0793435
0.0801381
0.0817287
0.0809377
0.0801468
0.0809367
0.0817273
0.0826329
0.0818491
0.0810499
0.0818484
0.0826321
0.0830726
0.0822919
0.0815012
0.0822919
0.0830727
0.0830488
0.0822811
0.0815107
0.082282
0.08305
0.0827107
0.0819434
0.081177
0.081946
0.082714
0.0821622
0.0813936
0.080631
0.0813985
0.0821687
0.0814757
0.0807036
0.0799437
0.0807108
0.081485
0.0807078
0.07993
0.0791711
0.0799379
0.0807179
0.0799024
0.0791166
0.078357
0.0791228
0.0799099
0.0790927
0.078297
0.0775349
0.0782989
0.0790943
0.0783011
0.0774942
0.0767293
0.0774908
0.0782954
0.0775432
0.0767244
0.0759576
0.0767167
0.0775315
0.0768291
0.0759979
0.0752307
0.0759884
0.0768148
0.076162
0.0753188
0.0745527
0.0753092
0.0761473
0.0755429
0.0746875
0.0739245
0.074678
0.0755285
0.074971
0.0741025
0.0733439
0.0740926
0.0749561
0.0744434
0.0735603
0.0728085
0.0735496
0.0744275
0.073961
0.0730577
0.0723136
0.0730462
0.0739441
0.0735253
0.0725944
0.0718534
0.0725832
0.073509
0.0731434
0.0721748
0.0714328
0.0721651
0.0731294
0.0728203
0.0718092
0.0710596
0.0718019
0.0728101
0.0725474
0.0714921
0.070742
0.0714876
0.0725416
0.0722906
0.0712001
0.0704531
0.0711981
0.0722888
0.0720283
0.0708967
0.0701552
0.0708967
0.0720294
0.0717176
0.0705398
0.0698008
0.0705409
0.0717205
0.071299
0.0700628
0.0693253
0.0700643
0.0713023
0.0706655
0.0693776
0.0686483
0.0693791
0.0706685
0.0697031
0.0683914
0.0676898
0.0683924
0.0697055
0.000217975
0.000534774
0.000165839
0.0005347
0.000217961
0.00229165
0.00433942
0.0015862
0.00433892
0.00229111
0.0120859
0.0136114
0.0103841
0.0136106
0.0120844
0.0283641
0.0279766
0.0262235
0.0279761
0.0283633
0.0411934
0.0403924
0.0390297
0.0403919
0.0411925
0.0513469
0.0504633
0.0493024
0.0504625
0.0513457
0.0592905
0.0584099
0.0573653
0.058409
0.0592891
0.0653915
0.0645349
0.0635653
0.0645339
0.0653901
0.0699616
0.0691318
0.0682145
0.0691307
0.0699601
0.0732743
0.0724655
0.0715855
0.0724643
0.0732725
0.0755408
0.0747655
0.0739121
0.0747641
0.0755387
0.0769668
0.0762045
0.0753917
0.076203
0.0769647
0.0777737
0.0770162
0.0761993
0.0770148
0.0777717
0.0781669
0.0774133
0.0766037
0.0774126
0.0781657
0.0781409
0.0773992
0.0766096
0.0773995
0.078141
0.0778341
0.077092
0.0763059
0.0770941
0.0778366
0.0773427
0.0765978
0.0758149
0.0766018
0.0773478
0.0767325
0.0759826
0.0752011
0.0759873
0.0767386
0.0760558
0.0752981
0.0745159
0.0753009
0.0760592
0.075353
0.0745849
0.0737994
0.0745818
0.075348
0.0746544
0.0738736
0.0730828
0.0738607
0.0746359
0.0739792
0.0731847
0.0723891
0.0731621
0.0739473
0.0733429
0.0725339
0.0717357
0.0725061
0.0733034
0.0727577
0.0719329
0.0711348
0.0719054
0.0727185
0.0722304
0.0713871
0.0705917
0.071364
0.0721966
0.0717645
0.070902
0.0701108
0.0708844
0.0717379
0.0713644
0.0704816
0.0696952
0.0704682
0.0713436
0.0710309
0.0701284
0.0693454
0.0701165
0.0710127
0.070765
0.0698412
0.0690625
0.069829
0.0707463
0.0705804
0.0696207
0.068848
0.0696087
0.0705631
0.070436
0.0694562
0.0686999
0.0694453
0.0704202
0.0703822
0.0693682
0.0686254
0.0693596
0.0703701
0.0704292
0.0693415
0.0686041
0.0693353
0.0704208
0.0705929
0.0694035
0.0686503
0.0693998
0.0705881
0.0708566
0.0695841
0.0688176
0.0695823
0.0708548
0.071149
0.0698089
0.0690481
0.0698084
0.0711491
0.0713867
0.0699645
0.0692153
0.0699646
0.0713876
0.0714268
0.0699212
0.0691908
0.0699214
0.0714278
0.0710878
0.0695537
0.0688604
0.0695538
0.0710886
0.000212899
0.000515698
0.000162498
0.000515646
0.00021289
0.00203483
0.00399972
0.00134723
0.00399933
0.00203447
0.0107764
0.0123553
0.0090563
0.0123547
0.0107754
0.0260079
0.0256064
0.0236861
0.025606
0.0260073
0.0379126
0.0371013
0.0356304
0.0371008
0.0379117
0.0471807
0.0463096
0.04507
0.0463088
0.0471795
0.0543127
0.0534707
0.0523682
0.0534698
0.0543114
0.0597105
0.0589142
0.0579017
0.0589134
0.0597094
0.0637021
0.0629487
0.0619988
0.062948
0.0637011
0.0665614
0.0658419
0.0649363
0.065841
0.06656
0.0685083
0.0678196
0.0669439
0.0678184
0.0685065
0.0697033
0.0690423
0.0682058
0.0690406
0.0697005
0.0703721
0.0697122
0.0688799
0.06971
0.0703684
0.0706985
0.0700434
0.0692139
0.0700418
0.0706954
0.0706649
0.0700199
0.0692106
0.0700195
0.0706635
0.0703943
0.0697471
0.0689407
0.0697489
0.0703961
0.0699711
0.0693187
0.0685143
0.0693222
0.069975
0.0694504
0.0687907
0.0679867
0.0687947
0.069455
0.068878
0.0682081
0.0674024
0.0682103
0.06888
0.0682908
0.0676076
0.0667973
0.0676036
0.0682843
0.0677155
0.0670166
0.0661993
0.0670009
0.0676929
0.0671681
0.0664525
0.0656289
0.0664245
0.0671265
0.066663
0.0659305
0.0651051
0.0658995
0.0666148
0.0662153
0.0654646
0.0646401
0.0654366
0.0661726
0.0658321
0.0650609
0.0642388
0.0650349
0.0657946
0.0655151
0.0647219
0.0639049
0.0647001
0.0654828
0.0652713
0.0644544
0.0636431
0.0644387
0.065247
0.0651266
0.0642688
0.0634595
0.0642564
0.0651094
0.0650565
0.0641678
0.0633617
0.0641554
0.0650368
0.0650951
0.0641704
0.0633683
0.0641586
0.0650783
0.0652546
0.06428
0.063481
0.0642693
0.0652397
0.0655447
0.0645224
0.0637301
0.0645136
0.0655327
0.065979
0.0649026
0.0641293
0.0648961
0.0659701
0.0665639
0.065415
0.0646799
0.0654105
0.0665577
0.0673336
0.0660575
0.0653382
0.0660546
0.0673295
0.0683649
0.0668897
0.0661328
0.0668878
0.0683625
0.069567
0.067944
0.0671788
0.0679428
0.0695656
0.0706733
0.0689458
0.0682328
0.0689448
0.0706723
0.0713533
0.0695506
0.0689191
0.0695498
0.0713526
0.00020338
0.000425676
0.000159462
0.000425652
0.000203377
0.0015865
0.00333165
0.000933016
0.00333141
0.0015863
0.00861784
0.0103831
0.0069893
0.0103826
0.00861741
0.0222392
0.0219388
0.0197603
0.0219383
0.0222386
0.0327242
0.0320058
0.0303742
0.0320051
0.032723
0.0405953
0.0398619
0.038509
0.0398608
0.0405936
0.0464539
0.0458048
0.0446244
0.0458039
0.0464526
0.0507728
0.0502144
0.0491491
0.0502142
0.0507726
0.0539012
0.0534175
0.0524305
0.0534176
0.0539015
0.0561039
0.0556754
0.0547425
0.0556755
0.0561039
0.0575878
0.0571963
0.056299
0.0571959
0.0575871
0.0584827
0.0581276
0.0572632
0.0581263
0.0584798
0.0589577
0.0586044
0.0577579
0.0586012
0.0589514
0.0591954
0.0588464
0.0579946
0.0588442
0.0591896
0.059155
0.0588117
0.0579799
0.0588116
0.0591519
0.0589328
0.0585839
0.0577538
0.058587
0.0589354
0.0585992
0.0582405
0.0574097
0.0582432
0.0586011
0.0581903
0.057821
0.056989
0.0578227
0.058191
0.0577456
0.0573623
0.0565271
0.0573621
0.0577446
0.0573016
0.0568979
0.0560551
0.0568887
0.0572911
0.0568737
0.0564484
0.0555958
0.0564181
0.0568371
0.0564743
0.0560278
0.055167
0.0559788
0.0564051
0.0561213
0.0556515
0.0547872
0.0556027
0.0560473
0.0558262
0.0553305
0.0544636
0.0552806
0.0557617
0.0555892
0.0550668
0.0541992
0.055003
0.0555156
0.0554143
0.0548665
0.0540036
0.0547995
0.0553244
0.055317
0.0547392
0.0538841
0.0546953
0.0552521
0.0553117
0.0546907
0.0538425
0.0546659
0.055266
0.0553881
0.0547256
0.0538837
0.0547043
0.055356
0.0555872
0.0548651
0.0540294
0.0548478
0.0555618
0.0559398
0.0551479
0.0543158
0.0551359
0.0559232
0.0564925
0.0556138
0.0547846
0.0556051
0.0564818
0.0572943
0.0563109
0.0554872
0.0563042
0.0572865
0.058386
0.0572946
0.0564766
0.0572896
0.0583797
0.0597921
0.0586027
0.0578204
0.0585991
0.0597873
0.0614833
0.0601728
0.0594977
0.0601704
0.0614797
0.0635584
0.0620111
0.0613634
0.0620092
0.0635557
0.0662057
0.0643753
0.0637386
0.0643736
0.0662036
0.0686436
0.0667532
0.066299
0.0667519
0.0686421
0.000195641
0.000411618
0.000154266
0.000411609
0.000195643
0.00104857
0.00262357
0.000571425
0.00262344
0.0010485
0.0056273
0.00765154
0.00432834
0.00765148
0.00562797
0.0160348
0.0162467
0.0137437
0.0162462
0.0160348
0.0240726
0.0237836
0.0218896
0.0237825
0.0240708
0.0294651
0.0292659
0.0277015
0.0292643
0.0294621
0.0331544
0.0331562
0.0318157
0.0331553
0.0331524
0.0357324
0.0359045
0.0347039
0.0359049
0.0357331
0.0375376
0.0378322
0.03671
0.0378333
0.0375395
0.0387789
0.0391526
0.0380795
0.0391539
0.0387806
0.0395955
0.0400189
0.0389769
0.0400202
0.0395991
0.0400964
0.0405449
0.0395204
0.0405444
0.040093
0.0403292
0.0407813
0.0397801
0.0407765
0.0403149
0.0404478
0.0408949
0.0398841
0.0408945
0.0404356
0.0404076
0.0408506
0.039858
0.0408583
0.0404038
0.0402561
0.0406858
0.0396976
0.0407046
0.0402744
0.0400504
0.0404569
0.0394687
0.0404623
0.0400578
0.0397908
0.0401721
0.0391969
0.0401815
0.0398025
0.0395084
0.0398659
0.0389029
0.0398987
0.0395498
0.0392609
0.0395859
0.0386089
0.0396118
0.0393041
0.0390255
0.0393108
0.0383301
0.0393172
0.0390555
0.0388068
0.0390589
0.0380801
0.0390513
0.0388197
0.038657
0.0388706
0.0378694
0.0388432
0.0386459
0.0385642
0.0387246
0.0376962
0.0386613
0.0384984
0.0384933
0.0385936
0.0375649
0.0385376
0.0384046
0.0384363
0.0384862
0.0374838
0.0384841
0.0384129
0.0384338
0.0384458
0.03746
0.0384595
0.0384572
0.0385283
0.038496
0.0374928
0.0384886
0.0385587
0.038742
0.0386152
0.037595
0.0385644
0.0387126
0.039041
0.0388102
0.0377901
0.0387588
0.0389701
0.0394604
0.039112
0.0380976
0.0390884
0.0394161
0.0400748
0.0395767
0.0385632
0.0395566
0.0400481
0.0409403
0.0402678
0.0392588
0.0402561
0.0409238
0.0421025
0.0412817
0.0402964
0.0412735
0.0420878
0.0437425
0.0427526
0.0418081
0.0427471
0.0437322
0.0460031
0.0448172
0.0439217
0.0448141
0.0459982
0.0488179
0.0475452
0.0467622
0.0475435
0.0488159
0.0522084
0.0508844
0.0503146
0.0508832
0.0522063
0.0579633
0.0558636
0.0554717
0.0558627
0.0579623
0.000386207
0.000371105
0.000358187
0.000371105
0.000386198
0.00051216
0.0006678
0.000388236
0.000667793
0.000512492
0.00113361
0.00156779
0.000861705
0.00156782
0.00113505
0.00259641
0.00296116
0.00216949
0.00296121
0.0025975
0.0041243
0.00409003
0.00351163
0.00408986
0.00412373
0.00493833
0.00477559
0.00428114
0.00477536
0.00493802
0.0054102
0.00520979
0.00475805
0.00520965
0.00541003
0.00570114
0.00549266
0.00506835
0.00549271
0.00570119
0.00588626
0.00567846
0.00527302
0.00567861
0.00588642
0.00600328
0.00579806
0.00540521
0.00579824
0.00600348
0.00607164
0.00587093
0.00548639
0.00587107
0.00607373
0.00610838
0.00590981
0.00553073
0.00590999
0.00610822
0.00612056
0.00592252
0.00554709
0.00592205
0.00611915
0.00611803
0.00592069
0.00554704
0.00592007
0.00611687
0.00610185
0.0059051
0.0055345
0.00590503
0.0060998
0.00607378
0.00587576
0.00550697
0.0058759
0.00607274
0.00604151
0.00584115
0.00547465
0.00584146
0.00604001
0.00600694
0.00580572
0.00544114
0.00580861
0.00601051
0.0059768
0.00577123
0.0054078
0.00577672
0.00598399
0.00594624
0.00573927
0.00537534
0.005743
0.00595416
0.00591661
0.00571106
0.00534546
0.00570942
0.00592282
0.00589672
0.00568668
0.00531952
0.00568184
0.00589582
0.00588075
0.00566542
0.00529758
0.00566095
0.00587665
0.00586407
0.00564904
0.00527996
0.00564307
0.0058567
0.00585116
0.00563791
0.00526767
0.00563167
0.00584211
0.0058447
0.00563043
0.00526143
0.00562742
0.00584341
0.00584539
0.00562948
0.00526186
0.00562814
0.00584623
0.00585197
0.00563449
0.00526789
0.00563408
0.00585384
0.00586833
0.0056503
0.00528328
0.00564724
0.00587423
0.00589784
0.00568011
0.00531117
0.00567424
0.00589517
0.00594301
0.00572199
0.00535225
0.00571819
0.00593317
0.00600198
0.00578185
0.00541046
0.00577786
0.00599584
0.00607728
0.00586661
0.00549415
0.00586339
0.00607632
0.0062292
0.00599078
0.00561655
0.00598866
0.00622285
0.00645673
0.00618261
0.00580563
0.00618123
0.00645217
0.00679592
0.00647896
0.00609485
0.00647833
0.0067951
0.00733774
0.00695702
0.00656587
0.00695678
0.00733789
0.00833121
0.00774323
0.00730915
0.00774311
0.00833184
0.0112317
0.00969236
0.00909729
0.00969236
0.0112319
0.00447858
0.00415778
0.00382768
0.00415768
0.0044785
0.0258408
0.0259467
0.0245835
0.0259476
0.0258419
0.0362027
0.0358183
0.0348571
0.0358188
0.0362035
0.0424327
0.0419302
0.0410932
0.0419301
0.0424329
0.0464878
0.0459738
0.0452099
0.0459733
0.0464877
0.0492703
0.0487607
0.0480426
0.0487601
0.0492702
0.0512784
0.050766
0.0500781
0.0507654
0.0512784
0.0528349
0.0523068
0.0516394
0.0523063
0.0528353
0.0541651
0.0536061
0.0529527
0.0536058
0.0541659
0.0554368
0.0548296
0.054186
0.0548296
0.0554381
0.0567821
0.0561053
0.0554686
0.0561057
0.0567839
0.0583112
0.0575362
0.0569025
0.0575369
0.0583136
0.0601093
0.0592005
0.0585569
0.0592014
0.060112
0.0621795
0.0610874
0.0604272
0.0610883
0.0621822
0.0643317
0.0630129
0.062357
0.0630136
0.064334
0.0656927
0.0642875
0.0637631
0.0642879
0.0656944
0.065202
0.0638602
0.0636436
0.0638601
0.0652028
0.0631237
0.0614992
0.0617392
0.061499
0.0631241
0.0525924
0.0444376
0.0426587
0.044437
0.0525916
0.00451805
0.00420864
0.00388407
0.00420848
0.00451785
0.0263973
0.026548
0.0252486
0.0265496
0.0263996
0.0372065
0.0368521
0.035957
0.036853
0.0372081
0.0437905
0.0432976
0.0425199
0.0432976
0.0437909
0.0481172
0.0475989
0.046885
0.0475983
0.0481169
0.0511037
0.0505805
0.0499072
0.0505796
0.0511031
0.0532667
0.0527346
0.0520872
0.0527337
0.0532662
0.054944
0.0543911
0.0537592
0.0543904
0.0549438
0.0563748
0.0557862
0.0551621
0.0557858
0.0563752
0.0577379
0.0570955
0.0564734
0.0570956
0.057739
0.0591713
0.0584537
0.057829
0.0584542
0.0591733
0.0607858
0.0599648
0.0593339
0.0599657
0.0607883
0.0626569
0.0616937
0.0610545
0.0616947
0.0626597
0.0647892
0.0636328
0.0629863
0.0636337
0.0647918
0.0669965
0.0656001
0.064973
0.0656007
0.0669986
0.0683295
0.0668845
0.0664328
0.0668847
0.0683309
0.0681888
0.0666264
0.0665271
0.0666261
0.0681894
0.0689627
0.0662043
0.0664237
0.0662039
0.0689629
0.0798473
0.0711507
0.0700628
0.07115
0.0798464
0.00457345
0.00427486
0.00394972
0.00427467
0.00457322
0.0269163
0.0271064
0.0258504
0.0271084
0.0269194
0.0381193
0.0377789
0.0369094
0.0377802
0.0381213
0.0450018
0.0445036
0.0437411
0.0445037
0.0450023
0.0495556
0.0490204
0.0483144
0.0490196
0.0495549
0.0527114
0.0521637
0.0514949
0.0521624
0.0527101
0.0550012
0.0544398
0.0537944
0.0544384
0.0549998
0.0567741
0.0561887
0.0555573
0.0561875
0.056773
0.0582801
0.0576562
0.0570312
0.0576555
0.0582798
0.0597048
0.059024
0.0583998
0.0590239
0.0597055
0.0611879
0.0604281
0.0598014
0.0604286
0.0611895
0.0628369
0.0619695
0.0613374
0.0619704
0.0628393
0.0647176
0.0637029
0.0630634
0.0637039
0.0647202
0.0668101
0.0655985
0.0649549
0.0655992
0.0668123
0.0689239
0.0674557
0.0668333
0.067456
0.0689252
0.0701566
0.0685952
0.0681342
0.068595
0.0701572
0.069592
0.0679326
0.0678372
0.0679319
0.0695918
0.0695829
0.0667458
0.0670672
0.0667452
0.0695826
0.0780708
0.0692082
0.0679909
0.0692077
0.0780704
0.00464435
0.00435504
0.00402357
0.00435491
0.00464418
0.0274476
0.0276649
0.0264312
0.0276671
0.0274511
0.039
0.0386521
0.0377852
0.0386534
0.0390022
0.0461335
0.0456095
0.0448413
0.0456096
0.0461338
0.0508735
0.0503032
0.0495877
0.0503022
0.0508722
0.0541698
0.0535807
0.0528999
0.053579
0.0541677
0.0565635
0.0559568
0.0552983
0.0559549
0.0565613
0.058413
0.0577797
0.0571349
0.0577781
0.0584112
0.0599748
0.0593016
0.0586631
0.0593007
0.059974
0.0614389
0.0607079
0.0600703
0.0607078
0.0614394
0.0629447
0.062133
0.0614932
0.0621337
0.0629464
0.064591
0.0636692
0.0630241
0.0636703
0.0645935
0.0664225
0.0653509
0.064698
0.065352
0.066425
0.0683734
0.067112
0.0664547
0.0671127
0.0683752
0.0702585
0.0687055
0.0680636
0.0687055
0.0702593
0.0711264
0.069419
0.0688924
0.0694183
0.0711261
0.0696329
0.0679537
0.0677462
0.0679527
0.0696319
0.0655728
0.0636879
0.0639467
0.0636871
0.065572
0.0477864
0.0392522
0.0373203
0.0392521
0.0477866
0.00781105
0.00638404
0.00598938
0.00638404
0.00781089
0.0397385
0.0346679
0.0338546
0.0346681
0.0397389
0.0406979
0.0358162
0.0350912
0.0358163
0.0406978
0.00811886
0.00673624
0.00634585
0.00673623
0.00811885
0.00692315
0.00572979
0.00539933
0.0057298
0.00692309
0.0355047
0.0288098
0.0276893
0.02881
0.035505
0.0362333
0.0298169
0.0287572
0.0298169
0.0362332
0.00717678
0.00599776
0.0056718
0.00599775
0.00717674
0.00644751
0.0053369
0.00503632
0.00533691
0.00644752
0.032237
0.025374
0.0240728
0.0253742
0.0322371
0.0326893
0.0258702
0.0245496
0.0258703
0.0326892
0.00667278
0.00558957
0.00529548
0.00558956
0.00667275
0.00585789
0.00477149
0.0044854
0.0047715
0.00585789
0.0285504
0.0220488
0.0208777
0.0220488
0.0285505
0.0287263
0.0221345
0.0209742
0.0221345
0.0287263
0.00603003
0.00498491
0.00470784
0.0049849
0.00603001
0.00216477
0.0019737
0.00165406
0.0019737
0.00216475
0.00591107
0.00583952
0.00522715
0.00583954
0.00591105
0.00697073
0.00679565
0.00621307
0.00679566
0.00697078
0.00748369
0.00731079
0.00675669
0.0073108
0.00748373
0.00776193
0.00761445
0.00708349
0.00761447
0.00776197
0.00793895
0.00780837
0.0072934
0.00780839
0.007939
0.00806658
0.00794411
0.00743952
0.00794414
0.00806665
0.00816912
0.00804966
0.0075517
0.00804968
0.00816919
0.00826322
0.00814139
0.00764748
0.00814141
0.00826328
0.00835694
0.00822864
0.00773707
0.00822867
0.008357
0.00845279
0.00831511
0.00782488
0.00831514
0.00845286
0.00854705
0.00839892
0.00791004
0.00839895
0.00854713
0.0086517
0.00847206
0.00798426
0.00847209
0.00865179
0.00875645
0.00850714
0.00801947
0.00850717
0.00875655
0.00884
0.00847101
0.00799325
0.00847105
0.00884011
0.00883717
0.00835519
0.00792382
0.00835523
0.00883726
0.00866697
0.00811944
0.00769881
0.00811947
0.00866704
0.00792847
0.00739741
0.0069629
0.00739742
0.0079285
0.00315694
0.00283669
0.00259173
0.00283669
0.00315695
0.00413439
0.00386708
0.00340682
0.00386706
0.0041344
0.0209607
0.0209617
0.0191169
0.0209615
0.0209602
0.0281689
0.027643
0.0260155
0.0276428
0.0281685
0.0321002
0.0314973
0.0299827
0.0314971
0.0320999
0.0344863
0.0339066
0.0324697
0.0339064
0.0344861
0.03605
0.0354992
0.0341116
0.0354989
0.0360498
0.0371481
0.0366137
0.0352575
0.0366135
0.0371479
0.0379906
0.0374542
0.0361194
0.0374539
0.0379904
0.0387095
0.038157
0.0368358
0.0381567
0.0387092
0.0393957
0.0388149
0.037501
0.0388145
0.0393954
0.0401066
0.039489
0.0381778
0.0394887
0.0401063
0.04087
0.0402135
0.0389014
0.0402131
0.0408697
0.0416375
0.0409767
0.0396681
0.0409764
0.0416373
0.0422906
0.041684
0.0404015
0.0416836
0.0422904
0.0425068
0.0419884
0.0407312
0.041988
0.0425065
0.0415596
0.041018
0.0395879
0.0410175
0.0415591
0.0386407
0.0381604
0.0368059
0.0381598
0.0386401
0.0313911
0.030949
0.0295174
0.0309485
0.0313905
0.00577227
0.00566806
0.00513554
0.00566804
0.00577227
0.00441949
0.00408814
0.00369273
0.0040881
0.00441947
0.0240534
0.0240304
0.0223782
0.0240302
0.0240528
0.0329982
0.0324529
0.0311655
0.0324526
0.0329978
0.0381358
0.0375007
0.036362
0.0375003
0.0381354
0.0413763
0.040753
0.0397111
0.0407525
0.0413759
0.0435515
0.0429525
0.0419736
0.042952
0.0435512
0.0451009
0.0445158
0.0435799
0.0445153
0.0451006
0.0462966
0.0457129
0.0448049
0.0457124
0.0462963
0.047322
0.046725
0.0458359
0.0467245
0.0473218
0.0483082
0.0476831
0.0468071
0.0476826
0.048308
0.0493563
0.0486856
0.0478189
0.0486852
0.0493563
0.0505399
0.0498054
0.0489453
0.0498052
0.0505402
0.0518972
0.0510789
0.0502136
0.0510788
0.0518976
0.0533874
0.0524612
0.0515679
0.0524611
0.0533878
0.0547592
0.0536986
0.0527797
0.0536983
0.0547595
0.0553481
0.0541024
0.0531797
0.0541019
0.055348
0.0536427
0.0523769
0.0515098
0.0523763
0.0536423
0.0438145
0.0427804
0.0420255
0.0427798
0.043814
0.00816327
0.007644
0.00712379
0.007644
0.0081633
0.00445691
0.00412614
0.00377572
0.00412607
0.00445689
0.0251952
0.0252512
0.0237677
0.0252514
0.025195
0.0349831
0.0345497
0.0334792
0.0345496
0.034983
0.0407675
0.0402384
0.0393086
0.040238
0.0407673
0.0444914
0.0439668
0.0431189
0.0439662
0.0444911
0.0470289
0.0465146
0.0457217
0.046514
0.0470286
0.0488543
0.0483406
0.0475838
0.04834
0.0488541
0.0502683
0.0497448
0.049009
0.0497442
0.0502682
0.0514791
0.0509327
0.0502088
0.0509322
0.0514792
0.0526432
0.0520567
0.0513376
0.0520564
0.0526435
0.0538816
0.0532335
0.0525127
0.0532333
0.0538823
0.055287
0.0545517
0.0538235
0.0545517
0.055288
0.0569167
0.0560606
0.0553346
0.0560608
0.056918
0.0587767
0.0577548
0.0570299
0.057755
0.058778
0.0606923
0.0594587
0.0587305
0.0594588
0.0606935
0.0619449
0.0605207
0.0598496
0.0605206
0.0619456
0.0610207
0.0596011
0.05912
0.0596008
0.0610209
0.0542717
0.052585
0.0521992
0.0525847
0.0542716
0.0121018
0.0104654
0.00980756
0.0104654
0.0121018
)
;

boundaryField
{
    empty
    {
        type            empty;
    }
    top
    {
        type            fixedValue;
        value           uniform 0;
    }
    fixedwall
    {
        type            nutkWallFunction;
        Cmu             0.09;
        kappa           0.41;
        E               9.8;
        value           nonuniform List<scalar> 
585
(
4.66594e-05
4.50947e-05
4.30318e-05
4.50946e-05
4.66585e-05
6.54321e-05
8.86672e-05
4.86621e-05
8.86651e-05
6.54116e-05
0.000149346
0.000197453
0.000116658
0.000197457
0.000149324
0.000311678
0.000339913
0.000261879
0.000339923
0.000311667
0.00044816
0.000441632
0.000386305
0.000441635
0.000448156
0.000518933
0.000502154
0.000454896
0.000502144
0.000518918
0.000559558
0.000540043
0.000496923
0.000540031
0.000559542
0.00058434
0.000564382
0.000523821
0.000564372
0.000584327
0.000599766
0.000579977
0.000541203
0.000579968
0.000599759
0.000609069
0.000589575
0.00055197
0.000589564
0.000609063
0.000614126
0.000594908
0.000558037
0.000594896
0.000614124
0.00061599
0.000596991
0.000560604
0.000596991
0.000616018
0.000615956
0.000596989
0.000560796
0.00059699
0.000615928
0.000614675
0.000595652
0.000559664
0.000595669
0.000614679
0.000611574
0.00059247
0.000556678
0.000592485
0.000611692
0.000607712
0.000588371
0.000552677
0.000588308
0.000607636
0.000603383
0.000583685
0.000548114
0.000583588
0.000603176
0.000598575
0.000578702
0.000543275
0.000578648
0.000598483
0.000593729
0.000573662
0.000538363
0.000573708
0.000593818
0.000588974
0.000568705
0.000533463
0.000568817
0.00058911
0.00058431
0.00056393
0.000528588
0.000563831
0.00058428
0.000579815
0.00055907
0.000523716
0.000558911
0.000579734
0.00057497
0.00055397
0.000518828
0.00055417
0.000575255
0.000570164
0.000548992
0.000513929
0.000549398
0.000570712
0.000565658
0.000544162
0.000509001
0.000544391
0.000566022
0.000561027
0.000539236
0.000504015
0.000539209
0.000561075
0.000556277
0.000534202
0.000499022
0.000534183
0.000556189
0.0005515
0.000529132
0.000494044
0.000529306
0.000551581
0.000546718
0.000523979
0.000489029
0.00052437
0.000547031
0.000541836
0.000518851
0.000483957
0.000519307
0.000542315
0.00053701
0.000513789
0.000478823
0.000514122
0.000537489
0.000532134
0.000508571
0.00047358
0.000508808
0.000532498
0.000527106
0.000503167
0.000468189
0.000503331
0.000527353
0.000521894
0.000497549
0.000462612
0.000497651
0.000522028
0.0005164
0.000491677
0.000456804
0.000491731
0.00051647
0.000510643
0.000485526
0.000450709
0.000485551
0.000510671
0.00050458
0.000479017
0.00044423
0.000479027
0.000504587
0.000498111
0.00047192
0.00043719
0.00047192
0.000498107
0.000490844
0.000463593
0.000429336
0.000463583
0.000490828
4.65732e-05
4.46127e-05
4.30538e-05
4.46126e-05
4.65728e-05
6.20007e-05
7.9338e-05
4.65909e-05
7.93372e-05
6.19968e-05
0.000132158
0.000177673
0.000100193
0.000177676
0.000132188
0.000283943
0.000319388
0.000237963
0.000319399
0.000283964
0.000434087
0.00042996
0.000372175
0.000429942
0.00043405
0.000511788
0.000495655
0.000447274
0.000495634
0.000511762
0.000556177
0.000536699
0.000492924
0.000536687
0.000556164
0.000583235
0.000563134
0.000522198
0.000563141
0.000583242
0.000600241
0.000580291
0.000541293
0.000580308
0.000600259
0.000610805
0.000591176
0.000553444
0.000591193
0.000610829
0.000616937
0.000597664
0.000560748
0.000597676
0.000616993
0.000619958
0.00060095
0.000564553
0.000600969
0.000619995
0.000620716
0.000601831
0.000565758
0.000601814
0.000620683
0.000620318
0.000601463
0.00056554
0.000601415
0.000620291
0.000618596
0.000599688
0.000563975
0.000599569
0.000618557
0.000615857
0.000596751
0.000561168
0.00059658
0.000615719
0.000612724
0.000593408
0.000557995
0.000593337
0.000612616
0.000609673
0.000590133
0.000554775
0.000590209
0.000609715
0.000606769
0.000586983
0.000551653
0.000587164
0.000606972
0.000603881
0.000584009
0.000548664
0.000584073
0.000604102
0.000601446
0.000581478
0.000545932
0.000581106
0.000601215
0.000599506
0.000579279
0.000543563
0.000578658
0.000598905
0.000597705
0.000577207
0.000541545
0.000576785
0.000597233
0.000596138
0.0005756
0.000539952
0.000575286
0.000595781
0.000595207
0.000574644
0.000538861
0.000574216
0.00059485
0.000595043
0.000574124
0.000538358
0.000573781
0.000594635
0.000595162
0.000574096
0.000538463
0.000573951
0.000594803
0.000595741
0.000574636
0.000539144
0.00057468
0.000595725
0.000597338
0.000576275
0.000540766
0.000576264
0.000597613
0.000600369
0.000579251
0.000543525
0.000578954
0.000600144
0.000604602
0.000583332
0.000547487
0.000583021
0.000604044
0.000610094
0.00058894
0.000553019
0.000588673
0.000609504
0.000617692
0.000596837
0.0005609
0.000596645
0.00061728
0.000631488
0.000608318
0.000572294
0.000608199
0.00063114
0.000652327
0.000625998
0.000589818
0.000625932
0.000652111
0.00068344
0.000653168
0.000616452
0.000653142
0.000683395
0.000733061
0.000696851
0.000659712
0.000696842
0.000733068
0.000823558
0.000768746
0.000728061
0.000768743
0.000823573
0.00108386
0.000944969
0.000890654
0.00094497
0.00108388
0.000467333
0.000435795
0.000402748
0.000435782
0.000467323
0.000470986
0.000440571
0.000408077
0.000440547
0.000470954
0.00047617
0.000446841
0.000414324
0.000446811
0.000476132
0.000482822
0.000454445
0.000421373
0.000454421
0.000482792
0.000782536
0.00064958
0.000612362
0.000649581
0.000782534
0.00081152
0.000683518
0.000646849
0.000683518
0.000811521
0.000701654
0.000589426
0.000558015
0.000589427
0.000701655
0.000725782
0.000615431
0.000584565
0.000615431
0.000725781
0.000658027
0.0005529
0.000524014
0.000552901
0.000658029
0.000679562
0.000577478
0.000549262
0.000577478
0.000679562
0.000603368
0.000499665
0.000472006
0.000499666
0.000603369
0.00061998
0.000520613
0.000493912
0.000520614
0.000619981
0.000239719
0.000239719
0.000219604
0.000219604
0.000185397
0.000185397
0.000219604
0.000219604
0.000239717
0.000239717
0.000601909
0.000594816
0.000535801
0.000594819
0.000601908
0.000699804
0.000682806
0.000627589
0.000682809
0.000699809
0.000746263
0.000729621
0.000677443
0.000729624
0.000746268
0.000771179
0.000756933
0.000707085
0.000756936
0.000771184
0.000786789
0.000774201
0.000725932
0.000774204
0.000786795
0.000797953
0.000786182
0.000738929
0.000786185
0.00079796
0.000806957
0.000795447
0.000748841
0.00079545
0.000806965
0.0008152
0.000803476
0.000757273
0.000803479
0.000815207
0.000823433
0.000811101
0.000765142
0.000811104
0.00082344
0.000831812
0.000818635
0.000772831
0.000818638
0.00083182
0.000839906
0.000825897
0.000780246
0.0008259
0.000839914
0.000848763
0.000832114
0.000786603
0.000832118
0.000848773
0.000857706
0.000834789
0.000789285
0.000834793
0.000857717
0.000864769
0.000831161
0.00078653
0.000831165
0.00086478
0.000864349
0.000820092
0.000779839
0.000820097
0.000864359
0.000849343
0.000799033
0.000759527
0.000799037
0.000849351
0.000783915
0.000734466
0.00069339
0.000734468
0.000783921
0.000339588
0.000339588
0.00030663
0.00030663
0.000281214
0.000281214
0.00030663
0.00030663
0.000339589
0.000339589
0.000435376
0.000408549
0.000362602
0.000408547
0.000435378
0.000587877
0.000577018
0.000525612
0.000577018
0.00058788
0.000462166
0.000429509
0.000390092
0.000429505
0.000462165
0.00080858
0.00076045
0.000712062
0.000760451
0.000808583
0.000465441
0.000432912
0.000397891
0.000432906
0.000465442
0.00116295
0.00101651
0.000957019
0.00101651
0.00116295
)
;
    }
    outlet
    {
        type            zeroGradient;
    }
}


// ************************************************************************* //
