/*--------------------------------*- C++ -*----------------------------------*\
  =========                 |
  \\      /  F ield         | OpenFOAM: The Open Source CFD Toolbox
   \\    /   O peration     | Website:  https://openfoam.org
    \\  /    A nd           | Version:  9
     \\/     M anipulation  |
\*---------------------------------------------------------------------------*/
FoamFile
{
    format      ascii;
    class       volScalarField;
    location    "2";
    object      nut;
}
// * * * * * * * * * * * * * * * * * * * * * * * * * * * * * * * * * * * * * //

dimensions      [0 2 -1 0 0 0 0];

internalField   nonuniform List<scalar> 
4545
(
0.00447621
0.00531348
0.00494113
0.00531345
0.00447615
0.00619301
0.00627778
0.00596181
0.00627775
0.00619297
0.00689354
0.00681579
0.0065095
0.00681578
0.00689352
0.00727211
0.00715511
0.00686348
0.0071551
0.0072721
0.00751682
0.00739049
0.007111
0.00739049
0.00751682
0.00769122
0.00756297
0.00729278
0.00756298
0.00769122
0.00782077
0.00769276
0.00742987
0.00769289
0.00782091
0.00791868
0.00779147
0.00753471
0.00779167
0.00791739
0.00799283
0.00786652
0.007615
0.00786664
0.00799132
0.00804792
0.00792284
0.00767595
0.00792306
0.00804516
0.00808824
0.0079639
0.00772135
0.00796482
0.00808313
0.00811397
0.00799314
0.00775415
0.00799434
0.00811557
0.00813007
0.00801273
0.00777635
0.00801329
0.00813448
0.0081427
0.00802306
0.00778924
0.00802316
0.00814103
0.00814611
0.00802604
0.00779434
0.00802575
0.00814727
0.00814124
0.00802286
0.00779303
0.00802273
0.00814485
0.00813385
0.0080134
0.00778592
0.00801405
0.00813344
0.00811918
0.00799782
0.007772
0.00799841
0.00812271
0.00809844
0.00797707
0.00775266
0.00797748
0.008103
0.00807535
0.0079507
0.00772802
0.00795202
0.00807545
0.00804546
0.00791916
0.00769809
0.00792121
0.00805043
0.00800877
0.00788243
0.00766276
0.00788457
0.00801659
0.00797014
0.00784035
0.00762211
0.00784203
0.00797603
0.00792534
0.00779326
0.00757639
0.00779438
0.00792979
0.00787522
0.00774108
0.00752567
0.00774279
0.00787685
0.00782105
0.00768368
0.00746887
0.00768565
0.00782709
0.00776443
0.00762046
0.00740803
0.00762227
0.00776753
0.00769953
0.00755161
0.00734207
0.00755339
0.00769924
0.00762468
0.00747654
0.00727033
0.00747838
0.00763234
0.00754704
0.00739464
0.00719253
0.00739689
0.00755802
0.00746862
0.00730753
0.00710877
0.00730879
0.00747463
0.00738483
0.00721399
0.00701887
0.00721446
0.00738618
0.00728827
0.00711354
0.00692264
0.00711392
0.00729117
0.00718764
0.00700681
0.00681988
0.00700689
0.0071902
0.00708259
0.00689305
0.00671023
0.00689308
0.0070828
0.00696846
0.00677211
0.0065932
0.00677213
0.00696851
0.00684726
0.00664358
0.006468
0.00664359
0.00684728
0.00671888
0.0065058
0.00633322
0.0065058
0.00671888
0.00658067
0.00635415
0.00618694
0.00635414
0.00658066
0.0390151
0.0414479
0.0404519
0.0414472
0.039014
0.0472773
0.0485203
0.0476564
0.0485198
0.0472765
0.0516498
0.053024
0.0523126
0.0530236
0.0516492
0.054678
0.0562143
0.0556254
0.056214
0.0546776
0.0570308
0.0586681
0.0581431
0.0586678
0.0570305
0.0589083
0.0606014
0.0601164
0.0606013
0.0589082
0.0604129
0.0621414
0.0616858
0.0621418
0.0604122
0.061624
0.0633758
0.0629438
0.063376
0.0616184
0.0625975
0.0643646
0.0639519
0.0643641
0.0625888
0.0633738
0.0651509
0.0647547
0.0651504
0.0633612
0.0639872
0.0657681
0.0653865
0.06577
0.0639694
0.0644489
0.0662425
0.0658747
0.0662483
0.0644535
0.0647938
0.0665997
0.066241
0.0666063
0.0648149
0.0650399
0.0668384
0.0664951
0.0668458
0.0650562
0.0652128
0.0670054
0.0666593
0.0670136
0.0652403
0.0652953
0.0670871
0.0667561
0.0670979
0.065329
0.0652979
0.0670817
0.0667581
0.0670965
0.065324
0.0652306
0.0670113
0.0666936
0.0670254
0.0652638
0.0651034
0.066879
0.0665651
0.0668885
0.0651313
0.064926
0.0666859
0.066375
0.0666914
0.0649259
0.0646807
0.066432
0.0661245
0.066436
0.0646803
0.0643696
0.0661172
0.0658133
0.066119
0.0643705
0.0640027
0.0657424
0.065442
0.0657392
0.0639936
0.0635638
0.0653071
0.0650114
0.0652974
0.0635425
0.0630552
0.0648101
0.0645209
0.0647968
0.0630129
0.0624795
0.0642497
0.0639652
0.0642382
0.0624442
0.0618341
0.0636192
0.063324
0.0636135
0.0618091
0.0611028
0.0629186
0.0626014
0.0629196
0.0610901
0.0602943
0.0621504
0.0618069
0.0621584
0.0603138
0.0594372
0.061317
0.0609423
0.0613291
0.0594677
0.0585224
0.0604219
0.0600103
0.0604306
0.0585434
0.0575384
0.0594598
0.0590096
0.0594646
0.0575513
0.0564745
0.0584273
0.0579386
0.05843
0.056486
0.0553472
0.0573263
0.0567963
0.0573266
0.0553542
0.0541601
0.0561532
0.0555802
0.0561524
0.0541599
0.0529037
0.0549041
0.0542862
0.0549033
0.0529025
0.0515833
0.0535732
0.0529073
0.0535727
0.0515825
0.0502045
0.0521491
0.0514319
0.0521486
0.0502039
0.0487663
0.0506107
0.0498475
0.0506103
0.0487656
0.0615816
0.0631165
0.0623892
0.0631152
0.0615795
0.0739196
0.0742555
0.0736962
0.0742543
0.0739179
0.0821394
0.082435
0.0819604
0.082434
0.082138
0.0882772
0.0886636
0.0882817
0.0886628
0.0882761
0.093138
0.0936023
0.093292
0.0936017
0.0931371
0.0970853
0.09761
0.0973512
0.0976096
0.0970846
0.100322
0.100895
0.100675
0.100895
0.100321
0.102985
0.103595
0.103406
0.103595
0.102982
0.105173
0.105813
0.105648
0.105812
0.10517
0.106964
0.107626
0.107483
0.107625
0.10696
0.108416
0.109097
0.108971
0.109097
0.108411
0.109566
0.110263
0.110162
0.110264
0.109564
0.110473
0.111184
0.11109
0.111188
0.11048
0.111159
0.11188
0.111803
0.111886
0.111171
0.111673
0.1124
0.112329
0.112408
0.11169
0.112002
0.112738
0.112683
0.112747
0.112021
0.112168
0.112908
0.112861
0.112918
0.112184
0.112191
0.112936
0.112897
0.112945
0.112206
0.112085
0.112833
0.112799
0.112838
0.112095
0.11186
0.112605
0.112576
0.112606
0.111855
0.111513
0.112258
0.112232
0.112254
0.111499
0.111049
0.111793
0.111771
0.111786
0.111029
0.110469
0.111212
0.111193
0.111201
0.110444
0.109769
0.110515
0.1105
0.110499
0.109738
0.108948
0.1097
0.10969
0.109682
0.108908
0.108005
0.108767
0.108763
0.108749
0.107964
0.106937
0.107711
0.107713
0.107698
0.106906
0.105742
0.106532
0.10654
0.106524
0.105722
0.104426
0.105231
0.10524
0.105227
0.104414
0.102989
0.103803
0.103813
0.103802
0.10298
0.101419
0.102247
0.102254
0.102247
0.101415
0.0997161
0.100557
0.100561
0.100558
0.0997162
0.0978771
0.0987279
0.0987262
0.0987275
0.097876
0.0958932
0.0967511
0.0967427
0.0967499
0.0958915
0.0937591
0.0946184
0.0946009
0.0946168
0.0937567
0.091464
0.0923174
0.0922874
0.0923157
0.0914614
0.0889927
0.0898298
0.0897827
0.0898283
0.0889902
0.0863247
0.0871297
0.0870628
0.0871282
0.0863223
0.0834222
0.0841781
0.0840981
0.0841767
0.0834199
0.0784796
0.0796608
0.0789955
0.079659
0.0784769
0.0928348
0.0927759
0.0922308
0.0927744
0.0928325
0.103471
0.103275
0.102761
0.103274
0.10347
0.111878
0.111695
0.111235
0.111694
0.111877
0.118731
0.118583
0.118169
0.118583
0.11873
0.124403
0.124287
0.123911
0.124287
0.124403
0.129129
0.12904
0.128694
0.129039
0.129129
0.133073
0.133006
0.132685
0.133006
0.133073
0.136359
0.136309
0.136008
0.136308
0.136358
0.139074
0.139045
0.138762
0.139044
0.139073
0.141306
0.141283
0.141021
0.141283
0.141305
0.143127
0.143115
0.142861
0.143116
0.143128
0.144584
0.144581
0.144341
0.144583
0.144588
0.145721
0.145725
0.145497
0.145728
0.145727
0.146602
0.146609
0.146386
0.146613
0.146609
0.147215
0.147229
0.14702
0.147234
0.147224
0.147597
0.147614
0.147412
0.147619
0.147606
0.147774
0.147794
0.147598
0.147799
0.147782
0.147764
0.147785
0.147595
0.147788
0.147769
0.147578
0.1476
0.147415
0.147601
0.147578
0.147225
0.147248
0.147067
0.147246
0.147219
0.146711
0.146734
0.146557
0.14673
0.146701
0.146038
0.146063
0.14589
0.146056
0.146024
0.145208
0.145236
0.145066
0.145227
0.145191
0.14422
0.144254
0.144088
0.144243
0.1442
0.143074
0.143114
0.142953
0.143103
0.143054
0.141767
0.141814
0.141659
0.141806
0.141751
0.140295
0.140351
0.140202
0.140345
0.140284
0.138656
0.138721
0.138576
0.138717
0.138648
0.136842
0.136916
0.136775
0.136913
0.136837
0.134846
0.134928
0.134789
0.134926
0.134842
0.132657
0.132747
0.13261
0.132746
0.132654
0.130263
0.13036
0.130223
0.130359
0.13026
0.127648
0.127752
0.127612
0.12775
0.127645
0.124794
0.124902
0.124759
0.1249
0.124791
0.121675
0.121784
0.121637
0.121782
0.121671
0.118259
0.118365
0.118216
0.118362
0.118255
0.114499
0.114595
0.114448
0.114593
0.114495
0.110327
0.110408
0.110269
0.110406
0.110323
0.0917583
0.0927932
0.0921763
0.0927913
0.0917555
0.107206
0.106979
0.106435
0.106978
0.107203
0.119335
0.118934
0.118392
0.118933
0.119334
0.129299
0.128875
0.128364
0.128874
0.129298
0.137618
0.137206
0.136727
0.137206
0.137618
0.144623
0.144225
0.143773
0.144226
0.144624
0.150537
0.150151
0.149722
0.150152
0.150537
0.155526
0.15515
0.15474
0.155151
0.155527
0.159715
0.159353
0.158958
0.159354
0.159716
0.163209
0.162854
0.162481
0.162855
0.16321
0.166122
0.165771
0.1654
0.165771
0.166123
0.168518
0.168172
0.167814
0.168173
0.168519
0.170459
0.170118
0.169771
0.170119
0.170462
0.172001
0.171663
0.171326
0.171665
0.172004
0.173216
0.172878
0.172545
0.17288
0.17322
0.1741
0.173766
0.173444
0.173769
0.174104
0.174697
0.174365
0.174048
0.174368
0.174702
0.17504
0.174709
0.174398
0.174711
0.175044
0.17515
0.174819
0.174514
0.174821
0.175153
0.175045
0.174714
0.174413
0.174715
0.175045
0.174736
0.174407
0.17411
0.174406
0.174734
0.174234
0.173905
0.173613
0.173903
0.17423
0.173544
0.173217
0.172928
0.173214
0.173538
0.17267
0.172345
0.17206
0.172341
0.172662
0.171612
0.171291
0.17101
0.171286
0.171603
0.170369
0.170052
0.169776
0.170047
0.170359
0.168936
0.168625
0.168353
0.168621
0.168928
0.167309
0.167004
0.166736
0.167
0.167303
0.165479
0.16518
0.164916
0.165177
0.165473
0.163434
0.163141
0.16288
0.163139
0.16343
0.161161
0.160875
0.160616
0.160873
0.161157
0.158642
0.158362
0.158106
0.15836
0.158638
0.155856
0.155583
0.15533
0.155581
0.155852
0.152777
0.152511
0.152263
0.152509
0.152772
0.149372
0.149115
0.148872
0.149112
0.149367
0.145603
0.145354
0.145114
0.145351
0.145598
0.141419
0.141181
0.140939
0.141178
0.141414
0.136759
0.136531
0.136284
0.136527
0.136754
0.13154
0.131312
0.131069
0.131309
0.131535
0.10215
0.103112
0.102535
0.10311
0.102148
0.118231
0.117929
0.11739
0.117927
0.118229
0.131299
0.130811
0.130262
0.130811
0.131298
0.142313
0.14179
0.141261
0.14179
0.142313
0.151682
0.151158
0.150654
0.151159
0.151683
0.159677
0.159159
0.158676
0.15916
0.159679
0.166497
0.165984
0.16552
0.165986
0.166499
0.172302
0.171792
0.171342
0.171794
0.172305
0.177195
0.1767
0.176269
0.176702
0.177198
0.181328
0.180828
0.180406
0.180829
0.181331
0.184788
0.184291
0.183877
0.184293
0.184791
0.187654
0.18716
0.186756
0.187162
0.187657
0.189997
0.189505
0.18911
0.189507
0.19
0.191878
0.191388
0.191001
0.19139
0.191882
0.193378
0.192886
0.192502
0.192889
0.193382
0.194499
0.19401
0.193636
0.194012
0.194503
0.195291
0.194802
0.194433
0.194804
0.195295
0.195792
0.195302
0.194938
0.195304
0.195795
0.196027
0.195537
0.195177
0.195539
0.196029
0.196018
0.195528
0.195172
0.195529
0.196019
0.195781
0.195292
0.19494
0.195292
0.195781
0.195329
0.19484
0.194493
0.19484
0.195328
0.19467
0.194182
0.193839
0.194181
0.194668
0.193809
0.193323
0.192983
0.193321
0.193806
0.192747
0.192263
0.191927
0.192261
0.192744
0.191482
0.191001
0.190668
0.190998
0.191478
0.190008
0.18953
0.189201
0.189528
0.190005
0.188317
0.187842
0.187517
0.18784
0.188314
0.186396
0.185925
0.185604
0.185923
0.186392
0.184228
0.183761
0.183445
0.18376
0.184225
0.181793
0.181333
0.181021
0.181331
0.18179
0.179069
0.178616
0.178307
0.178614
0.179066
0.176028
0.175581
0.175272
0.175579
0.176024
0.172634
0.172191
0.17188
0.172189
0.17263
0.168841
0.168402
0.168089
0.1684
0.168836
0.164594
0.164159
0.163843
0.164156
0.164589
0.159826
0.159394
0.159078
0.15939
0.15982
0.154453
0.154023
0.153712
0.154019
0.154446
0.148363
0.147942
0.147649
0.147938
0.148357
0.109998
0.110916
0.11037
0.110914
0.109995
0.126457
0.126119
0.125588
0.126117
0.126456
0.14012
0.139593
0.139046
0.139593
0.140119
0.151832
0.151265
0.150735
0.151266
0.151833
0.161926
0.161354
0.160844
0.161355
0.161928
0.170627
0.170056
0.169565
0.170058
0.17063
0.178108
0.177539
0.177063
0.177541
0.178112
0.184513
0.183947
0.183483
0.183949
0.184517
0.18994
0.189383
0.188942
0.189386
0.189945
0.194555
0.193992
0.193551
0.193995
0.19456
0.198434
0.197873
0.197443
0.197876
0.198439
0.201663
0.201104
0.200683
0.201107
0.201668
0.204319
0.20376
0.203347
0.203763
0.204324
0.206469
0.205911
0.205505
0.205913
0.206474
0.208196
0.207635
0.207232
0.207638
0.208201
0.209511
0.208952
0.208558
0.208955
0.209515
0.210467
0.209907
0.209517
0.20991
0.210471
0.211106
0.210545
0.210159
0.210547
0.211109
0.211458
0.210896
0.210515
0.210898
0.211461
0.211548
0.210986
0.210608
0.210987
0.21155
0.211396
0.210833
0.21046
0.210834
0.211398
0.211016
0.210453
0.210084
0.210454
0.211018
0.21042
0.209857
0.209491
0.209858
0.210421
0.209612
0.20905
0.208687
0.20905
0.209613
0.208595
0.208033
0.207674
0.208033
0.208595
0.207365
0.206804
0.206448
0.206803
0.207364
0.205915
0.205355
0.205003
0.205354
0.205914
0.204233
0.203675
0.203326
0.203675
0.204232
0.202306
0.201749
0.201402
0.201748
0.202305
0.200112
0.199555
0.199209
0.199554
0.20011
0.197622
0.197065
0.196719
0.197063
0.19762
0.194804
0.194245
0.193901
0.194243
0.194801
0.191616
0.191058
0.190715
0.191056
0.191613
0.188013
0.187458
0.187118
0.187456
0.188009
0.183942
0.183392
0.183054
0.18339
0.183937
0.179338
0.178797
0.178462
0.178794
0.179333
0.174125
0.173595
0.173263
0.173592
0.174119
0.168212
0.167692
0.167366
0.167688
0.168206
0.16148
0.160973
0.160665
0.160969
0.161474
0.115487
0.11638
0.115855
0.116378
0.115485
0.132171
0.131813
0.131291
0.131812
0.132169
0.146198
0.145654
0.145111
0.145654
0.146198
0.158352
0.157767
0.157238
0.157768
0.158354
0.168917
0.168325
0.167816
0.168327
0.168921
0.178087
0.177494
0.177002
0.177497
0.178092
0.186015
0.185421
0.184944
0.185424
0.186021
0.192826
0.192239
0.191773
0.192242
0.192832
0.198628
0.198041
0.197597
0.198044
0.198634
0.203576
0.202986
0.202541
0.20299
0.203582
0.207748
0.207159
0.206726
0.207163
0.207755
0.211234
0.210646
0.21022
0.210649
0.21124
0.214113
0.213524
0.213106
0.213528
0.214119
0.216455
0.215867
0.215455
0.215871
0.216461
0.218349
0.217758
0.217349
0.217761
0.218355
0.219809
0.219219
0.218818
0.219222
0.219814
0.220891
0.220301
0.219904
0.220304
0.220896
0.221642
0.22105
0.220658
0.221053
0.221647
0.222095
0.221502
0.221113
0.221504
0.222099
0.222278
0.221683
0.221299
0.221686
0.222282
0.222213
0.221617
0.221236
0.221619
0.222217
0.221918
0.221321
0.220943
0.221322
0.221921
0.221404
0.220806
0.220431
0.220807
0.221407
0.220678
0.220079
0.219708
0.22008
0.220681
0.219742
0.219142
0.218774
0.219143
0.219745
0.218593
0.217991
0.217626
0.217992
0.218595
0.217222
0.216618
0.216255
0.216619
0.217223
0.215614
0.215007
0.214646
0.215007
0.215615
0.213747
0.213137
0.212779
0.213138
0.213747
0.211595
0.210984
0.210627
0.210983
0.211595
0.209126
0.208513
0.208158
0.208513
0.209125
0.206302
0.205686
0.205332
0.205686
0.2063
0.203074
0.202457
0.202105
0.202456
0.203072
0.199389
0.198772
0.198421
0.198771
0.199386
0.195183
0.194568
0.194219
0.194566
0.195179
0.190381
0.189773
0.189426
0.18977
0.190377
0.1849
0.1843
0.183957
0.184297
0.184894
0.178638
0.178047
0.177712
0.178044
0.178632
0.171472
0.170894
0.170576
0.17089
0.171465
0.118727
0.119606
0.119092
0.119604
0.118725
0.135527
0.135161
0.134643
0.13516
0.135526
0.149751
0.149199
0.148659
0.149199
0.149751
0.162149
0.161555
0.161029
0.161557
0.162152
0.172978
0.172377
0.17187
0.172379
0.172982
0.182414
0.181812
0.181321
0.181815
0.18242
0.190598
0.189993
0.189517
0.189997
0.190604
0.197642
0.197046
0.196582
0.19705
0.197649
0.203661
0.20306
0.202615
0.203064
0.203668
0.208802
0.2082
0.207755
0.208204
0.208809
0.213145
0.212544
0.21211
0.212548
0.213152
0.216781
0.21618
0.215754
0.216184
0.216788
0.219791
0.21919
0.218771
0.219194
0.219798
0.222249
0.221649
0.221236
0.221653
0.222256
0.224245
0.223642
0.223231
0.223646
0.224252
0.225797
0.225196
0.224793
0.225199
0.225804
0.226965
0.226362
0.225964
0.226366
0.226971
0.227797
0.227192
0.226798
0.227196
0.227803
0.228329
0.227723
0.227333
0.227726
0.228335
0.228592
0.227984
0.227598
0.227987
0.228598
0.228611
0.228001
0.227618
0.228004
0.228616
0.228403
0.227792
0.227412
0.227794
0.228408
0.227984
0.22737
0.226993
0.227372
0.227988
0.22736
0.226743
0.226369
0.226745
0.227364
0.226534
0.225914
0.225543
0.225916
0.226537
0.225501
0.224877
0.224508
0.224879
0.225504
0.224251
0.223622
0.223256
0.223624
0.224253
0.222766
0.222133
0.221768
0.222135
0.222769
0.221024
0.220385
0.220022
0.220386
0.221026
0.218992
0.218348
0.217986
0.218349
0.218993
0.216633
0.215983
0.215622
0.215984
0.216634
0.213902
0.213246
0.212886
0.213246
0.213902
0.210743
0.210082
0.209723
0.210082
0.210742
0.207096
0.206431
0.206073
0.20643
0.207094
0.202889
0.202222
0.201866
0.202221
0.202886
0.198039
0.197375
0.197021
0.197373
0.198036
0.192455
0.191797
0.191447
0.191794
0.19245
0.18603
0.185379
0.185036
0.185376
0.186024
0.178635
0.177994
0.177668
0.17799
0.178629
0.119777
0.120651
0.120141
0.120649
0.119774
0.136607
0.136239
0.135723
0.136238
0.136606
0.150891
0.150337
0.149799
0.150338
0.150892
0.163365
0.16277
0.162245
0.162771
0.163368
0.174278
0.173675
0.173168
0.173677
0.174282
0.183797
0.183192
0.182702
0.183195
0.183802
0.19206
0.191453
0.190977
0.191457
0.192066
0.199175
0.198578
0.198115
0.198582
0.199181
0.20526
0.204656
0.204212
0.20466
0.205266
0.210459
0.209856
0.209411
0.20986
0.210466
0.214853
0.214251
0.213817
0.214255
0.21486
0.218533
0.217932
0.217506
0.217936
0.218541
0.221584
0.220983
0.220564
0.220987
0.221591
0.22408
0.22348
0.223067
0.223484
0.224087
0.226114
0.22551
0.2251
0.225514
0.226121
0.227702
0.2271
0.226698
0.227104
0.227709
0.22891
0.228307
0.227909
0.228311
0.228917
0.229787
0.229183
0.228789
0.229186
0.229794
0.230372
0.229765
0.229375
0.229769
0.230378
0.230696
0.230088
0.229701
0.230091
0.230702
0.230787
0.230176
0.229793
0.230179
0.230792
0.230664
0.23005
0.229671
0.230053
0.23067
0.230343
0.229726
0.229349
0.229729
0.230349
0.229833
0.229211
0.228838
0.229214
0.229838
0.229136
0.22851
0.228138
0.228512
0.229141
0.228249
0.227616
0.227247
0.227619
0.228253
0.227159
0.22652
0.226152
0.226522
0.227163
0.225848
0.225201
0.224835
0.225203
0.225852
0.22429
0.223634
0.223269
0.223636
0.224293
0.22245
0.221784
0.221419
0.221786
0.222452
0.220284
0.219608
0.219244
0.219609
0.220286
0.217742
0.217056
0.216692
0.217056
0.217743
0.214762
0.214067
0.213703
0.214067
0.214762
0.211276
0.210572
0.210209
0.210572
0.211276
0.207206
0.206496
0.206134
0.206495
0.207204
0.202462
0.20175
0.20139
0.201748
0.20246
0.196946
0.196235
0.195878
0.196232
0.196942
0.190545
0.189837
0.189488
0.189834
0.19054
0.183126
0.182424
0.182091
0.182421
0.18312
0.118654
0.119534
0.119021
0.119532
0.118651
0.135439
0.135074
0.134557
0.135073
0.135437
0.149655
0.149105
0.148565
0.149105
0.149655
0.162047
0.161456
0.16093
0.161457
0.162049
0.17287
0.172271
0.171764
0.172273
0.172873
0.182296
0.181696
0.181206
0.181699
0.182301
0.190468
0.189866
0.18939
0.189869
0.190473
0.197494
0.196904
0.19644
0.196907
0.1975
0.203497
0.2029
0.202455
0.202903
0.203503
0.20862
0.208024
0.207579
0.208028
0.208627
0.212946
0.212351
0.211918
0.212355
0.212953
0.216568
0.215974
0.215548
0.215978
0.216574
0.219568
0.218975
0.218556
0.218978
0.219574
0.222023
0.22143
0.221019
0.221434
0.222029
0.224026
0.223432
0.223023
0.223435
0.224033
0.225594
0.225001
0.224601
0.225005
0.2256
0.226795
0.226201
0.225805
0.226205
0.226801
0.227678
0.227083
0.226691
0.227086
0.227684
0.228283
0.227687
0.227298
0.22769
0.228289
0.228645
0.228046
0.227662
0.22805
0.228651
0.228791
0.22819
0.227809
0.228193
0.228797
0.228745
0.22814
0.227762
0.228143
0.228751
0.228522
0.227912
0.227537
0.227915
0.228528
0.228132
0.227517
0.227144
0.22752
0.228138
0.227579
0.226957
0.226586
0.22696
0.227584
0.226858
0.226228
0.225859
0.226231
0.226863
0.225959
0.22532
0.224952
0.225322
0.225964
0.224864
0.224214
0.223847
0.224216
0.224868
0.223544
0.222882
0.222515
0.222884
0.223548
0.221963
0.221287
0.22092
0.221288
0.221966
0.220073
0.219382
0.219015
0.219383
0.220075
0.217817
0.217112
0.216745
0.217113
0.217819
0.215129
0.214408
0.214041
0.214408
0.21513
0.211932
0.211198
0.210831
0.211198
0.211933
0.208143
0.207397
0.20703
0.207396
0.208142
0.203665
0.20291
0.202546
0.202909
0.203663
0.198392
0.197633
0.197272
0.197632
0.198389
0.192208
0.191447
0.191092
0.191444
0.192204
0.184975
0.184213
0.183874
0.18421
0.184969
0.115345
0.116241
0.115716
0.116239
0.115341
0.132
0.131646
0.131123
0.131644
0.131998
0.146013
0.145472
0.144929
0.145471
0.146012
0.158156
0.157574
0.157046
0.157575
0.158157
0.168708
0.16812
0.167611
0.168121
0.16871
0.177859
0.177271
0.176779
0.177272
0.177862
0.185763
0.185174
0.184697
0.185176
0.185767
0.192539
0.191961
0.191497
0.191963
0.192543
0.198308
0.197727
0.197284
0.19773
0.198313
0.203221
0.20264
0.202196
0.202643
0.203226
0.207358
0.20678
0.206348
0.206783
0.207364
0.210814
0.210238
0.209815
0.210242
0.21082
0.213672
0.213097
0.212681
0.213101
0.213677
0.216006
0.215433
0.215024
0.215437
0.216012
0.217912
0.217338
0.216931
0.217341
0.217918
0.2194
0.218828
0.21843
0.218831
0.219405
0.220544
0.219972
0.219579
0.219975
0.220549
0.221392
0.220819
0.22043
0.220822
0.221397
0.221984
0.22141
0.221025
0.221413
0.22199
0.222357
0.22178
0.221399
0.221783
0.222362
0.222538
0.221958
0.221581
0.221961
0.222543
0.222553
0.221969
0.221595
0.221972
0.222558
0.222419
0.221831
0.22146
0.221834
0.222425
0.22215
0.221556
0.221187
0.221559
0.222156
0.221751
0.221149
0.220782
0.221152
0.221756
0.22122
0.220608
0.220242
0.22061
0.221225
0.220545
0.219922
0.219558
0.219924
0.22055
0.219706
0.219069
0.218706
0.219072
0.219711
0.218674
0.218022
0.217658
0.218024
0.218678
0.217409
0.216739
0.216375
0.216741
0.217412
0.215862
0.215173
0.214808
0.215175
0.215865
0.213977
0.213267
0.2129
0.213268
0.21398
0.211697
0.210959
0.21059
0.210959
0.211698
0.208922
0.208165
0.207796
0.208166
0.208922
0.205564
0.204791
0.204423
0.204791
0.205563
0.201521
0.200733
0.200367
0.200732
0.201519
0.196679
0.19588
0.195516
0.195879
0.196676
0.190916
0.190107
0.189748
0.190105
0.190912
0.184089
0.183268
0.182926
0.183265
0.184085
0.109795
0.110718
0.110173
0.110716
0.109791
0.126216
0.125882
0.125352
0.12588
0.126213
0.139859
0.139338
0.138791
0.139337
0.139857
0.151556
0.150995
0.150465
0.150995
0.151556
0.161631
0.161065
0.160556
0.161065
0.161631
0.170304
0.169741
0.16925
0.169742
0.170305
0.17775
0.177189
0.176714
0.17719
0.177752
0.184105
0.183552
0.18309
0.183554
0.184107
0.189483
0.188935
0.188496
0.188937
0.189486
0.194045
0.193496
0.193057
0.193498
0.194048
0.197873
0.197328
0.196901
0.19733
0.197876
0.201057
0.200516
0.200098
0.200518
0.20106
0.203679
0.203141
0.202731
0.203143
0.203682
0.205816
0.205279
0.204876
0.205281
0.20582
0.207553
0.207018
0.206619
0.20702
0.207557
0.208904
0.208371
0.207981
0.208373
0.208908
0.209941
0.209409
0.209024
0.209411
0.209945
0.210711
0.210179
0.209798
0.210181
0.210715
0.211254
0.210721
0.210345
0.210724
0.211258
0.211605
0.211071
0.210699
0.211073
0.21161
0.211795
0.211258
0.21089
0.211261
0.2118
0.21185
0.211308
0.210943
0.211311
0.211854
0.211788
0.211242
0.21088
0.211244
0.211793
0.211627
0.211073
0.210713
0.211076
0.211631
0.211373
0.21081
0.210453
0.210813
0.211377
0.211029
0.210455
0.210099
0.210457
0.211033
0.210587
0.21
0.209645
0.210002
0.210591
0.210033
0.20943
0.209075
0.209432
0.210037
0.209338
0.208717
0.208362
0.208719
0.209342
0.208465
0.207825
0.207469
0.207827
0.208469
0.207376
0.206703
0.206344
0.206705
0.207379
0.205973
0.205283
0.204926
0.205285
0.205975
0.204187
0.203469
0.203111
0.20347
0.204189
0.201942
0.201195
0.200835
0.201195
0.201943
0.199162
0.19838
0.198015
0.19838
0.199162
0.195736
0.194927
0.194562
0.194926
0.195734
0.191526
0.1907
0.190341
0.190699
0.191524
0.186406
0.185564
0.185211
0.185562
0.186403
0.180227
0.179366
0.179027
0.179363
0.180223
0.101901
0.102869
0.102293
0.102866
0.101897
0.117937
0.117641
0.117102
0.117638
0.117933
0.130984
0.130502
0.129953
0.1305
0.130981
0.14198
0.141463
0.140935
0.141462
0.141978
0.151324
0.150808
0.150304
0.150807
0.151323
0.159284
0.158775
0.158293
0.158774
0.159283
0.166057
0.165555
0.165091
0.165555
0.166057
0.171804
0.171308
0.170858
0.171308
0.171804
0.176625
0.176146
0.175719
0.176146
0.176626
0.180692
0.18021
0.179788
0.18021
0.180693
0.184085
0.18361
0.183199
0.18361
0.184086
0.186891
0.186421
0.186021
0.186422
0.186892
0.189186
0.188721
0.188331
0.188722
0.189187
0.191047
0.190584
0.1902
0.190585
0.191049
0.192548
0.19209
0.191712
0.192091
0.19255
0.193705
0.19325
0.192881
0.193251
0.193707
0.194587
0.194133
0.19377
0.194135
0.194589
0.195236
0.194784
0.194426
0.194786
0.195239
0.195693
0.195241
0.194888
0.195242
0.195695
0.19599
0.195537
0.195189
0.195539
0.195993
0.196159
0.195704
0.195359
0.195706
0.196162
0.196226
0.195767
0.195426
0.195769
0.196229
0.196213
0.195749
0.195411
0.195751
0.196216
0.196137
0.195666
0.19533
0.195668
0.19614
0.196011
0.19553
0.195197
0.195532
0.196015
0.195842
0.195349
0.195016
0.195351
0.195845
0.195627
0.195119
0.194787
0.195121
0.19563
0.195358
0.194831
0.194499
0.194833
0.195361
0.195011
0.194465
0.194132
0.194466
0.195014
0.194578
0.193994
0.193656
0.193995
0.194581
0.193972
0.193374
0.193037
0.193375
0.193975
0.193152
0.192512
0.192171
0.192513
0.193154
0.192031
0.191357
0.191014
0.191358
0.192033
0.190507
0.189799
0.189456
0.189799
0.190508
0.188462
0.187722
0.187381
0.187721
0.188462
0.1858
0.185019
0.184678
0.185018
0.185799
0.182441
0.181612
0.181275
0.181611
0.182439
0.178206
0.177378
0.17705
0.177376
0.178203
0.172973
0.1721
0.171783
0.172098
0.172969
0.0914821
0.0925242
0.0919082
0.0925218
0.0914784
0.106885
0.106665
0.10612
0.106663
0.106882
0.118994
0.1186
0.118058
0.118598
0.118991
0.128939
0.128522
0.128011
0.12852
0.128936
0.137229
0.136826
0.136347
0.136824
0.137227
0.144192
0.143805
0.143353
0.143803
0.14419
0.15005
0.149677
0.149249
0.149676
0.150048
0.154973
0.154611
0.154202
0.15461
0.154972
0.159076
0.158736
0.158345
0.158736
0.159075
0.162492
0.162155
0.161784
0.162155
0.162491
0.165324
0.164997
0.164632
0.164997
0.165324
0.167645
0.167328
0.166976
0.167328
0.167645
0.169525
0.169217
0.168876
0.169217
0.169525
0.171037
0.170731
0.170398
0.170732
0.171038
0.172238
0.171942
0.171617
0.171942
0.172239
0.173149
0.172857
0.172542
0.172858
0.173151
0.173831
0.173542
0.173233
0.173543
0.173832
0.174321
0.174035
0.173732
0.174036
0.174322
0.174655
0.174371
0.174074
0.174372
0.174657
0.174866
0.174583
0.174291
0.174584
0.174868
0.174982
0.174698
0.174411
0.174699
0.174984
0.17503
0.174744
0.17446
0.174745
0.175033
0.175033
0.174742
0.174462
0.174743
0.175036
0.175011
0.174712
0.174435
0.174714
0.175013
0.174979
0.174671
0.174396
0.174673
0.174982
0.174952
0.174631
0.174357
0.174632
0.174954
0.174935
0.174598
0.174323
0.174599
0.174938
0.174929
0.17457
0.174295
0.174572
0.174932
0.174924
0.174539
0.174261
0.17454
0.174927
0.17491
0.174492
0.17421
0.174493
0.174913
0.174837
0.174383
0.174097
0.174385
0.17484
0.174648
0.17415
0.173857
0.174151
0.17465
0.174271
0.173724
0.173426
0.173725
0.174272
0.17361
0.173011
0.172708
0.173011
0.17361
0.172538
0.171894
0.171591
0.171893
0.172538
0.170911
0.170228
0.169934
0.170227
0.170909
0.168604
0.167883
0.167606
0.167882
0.168602
0.165571
0.164794
0.164518
0.164793
0.165569
0.161579
0.160757
0.16051
0.160755
0.161576
0.0782062
0.0793943
0.0787292
0.0793924
0.0782032
0.0925234
0.0924697
0.091924
0.0924678
0.0925204
0.103143
0.102952
0.102437
0.10295
0.10314
0.11153
0.111353
0.110893
0.111352
0.111527
0.118351
0.118212
0.117798
0.11821
0.118349
0.123978
0.123872
0.123497
0.123871
0.123975
0.128643
0.128567
0.128223
0.128566
0.128641
0.132513
0.132463
0.132145
0.132462
0.132512
0.135716
0.135687
0.135389
0.135686
0.135714
0.138333
0.138331
0.138056
0.13833
0.138332
0.140483
0.140489
0.140229
0.140488
0.140481
0.142222
0.142243
0.141995
0.142242
0.142219
0.143607
0.143642
0.143409
0.143641
0.143605
0.144704
0.144746
0.144522
0.144745
0.144702
0.145553
0.145609
0.145398
0.14561
0.145553
0.146175
0.14624
0.146039
0.146241
0.146176
0.146621
0.146692
0.146499
0.146693
0.146621
0.146922
0.146998
0.146813
0.146998
0.146922
0.147106
0.147187
0.147009
0.147188
0.147107
0.147202
0.147287
0.147116
0.147288
0.147204
0.147238
0.147324
0.147159
0.147325
0.14724
0.147236
0.147321
0.147161
0.147323
0.147238
0.147218
0.147301
0.147145
0.147302
0.14722
0.147206
0.147283
0.14713
0.147284
0.147208
0.147218
0.147286
0.147136
0.147288
0.14722
0.147274
0.14733
0.147181
0.147331
0.147276
0.14739
0.147428
0.147279
0.147429
0.147393
0.14758
0.147592
0.147441
0.147594
0.147584
0.147836
0.147821
0.147665
0.147824
0.147841
0.148196
0.148133
0.147971
0.148136
0.148201
0.148618
0.148511
0.148337
0.148514
0.148623
0.149062
0.148892
0.148705
0.148894
0.149066
0.14948
0.149237
0.149034
0.149238
0.149482
0.149779
0.149456
0.14924
0.149457
0.149779
0.149832
0.149434
0.149211
0.149434
0.149832
0.149489
0.149032
0.148817
0.149031
0.149488
0.148591
0.148089
0.147905
0.148088
0.148589
0.147063
0.146506
0.146376
0.146505
0.147061
0.144825
0.144261
0.14418
0.14426
0.144823
0.0613513
0.0628916
0.0621631
0.0628903
0.0613494
0.0736647
0.0740031
0.0734413
0.0740019
0.0736629
0.0818717
0.0821705
0.081694
0.0821693
0.0818699
0.0879886
0.0883814
0.0879985
0.0883802
0.0879868
0.0928177
0.0932914
0.0929808
0.0932903
0.0928161
0.0967204
0.0972576
0.0969995
0.0972566
0.0967189
0.0998989
0.100489
0.100271
0.100488
0.0998975
0.102491
0.103124
0.102938
0.103123
0.10249
0.1046
0.105268
0.105109
0.105267
0.1046
0.106307
0.107003
0.106865
0.107002
0.106305
0.107665
0.108391
0.108276
0.108389
0.107663
0.108743
0.109485
0.109388
0.109482
0.108738
0.10958
0.11034
0.110256
0.110337
0.109572
0.110217
0.11099
0.110919
0.110988
0.110212
0.110687
0.11148
0.111424
0.11148
0.110685
0.110997
0.111807
0.111765
0.111808
0.110998
0.111196
0.112015
0.111983
0.112016
0.111195
0.111303
0.112128
0.112104
0.112128
0.111299
0.111328
0.112163
0.11215
0.112164
0.111328
0.111299
0.112144
0.11214
0.112146
0.111304
0.111242
0.112091
0.112095
0.112094
0.111247
0.111171
0.112022
0.112033
0.112025
0.111173
0.111105
0.111955
0.111972
0.111958
0.111105
0.111059
0.111907
0.111929
0.11191
0.11106
0.111052
0.111897
0.111923
0.111898
0.111053
0.111109
0.111944
0.111974
0.111945
0.111111
0.111254
0.112072
0.112102
0.112074
0.111258
0.111511
0.1123
0.112329
0.112303
0.111519
0.111879
0.112635
0.112655
0.11264
0.11189
0.112437
0.113128
0.113143
0.113134
0.112448
0.11318
0.113799
0.113793
0.113805
0.11319
0.114102
0.114616
0.114582
0.11462
0.114109
0.115209
0.115588
0.115519
0.115591
0.115213
0.116442
0.116669
0.11656
0.116671
0.116444
0.117677
0.117767
0.11763
0.117767
0.117677
0.118769
0.118749
0.118605
0.118748
0.118768
0.119551
0.11948
0.119381
0.119479
0.119549
0.119922
0.11991
0.119918
0.119909
0.11992
0.120071
0.120115
0.120255
0.120114
0.120069
0.0388815
0.0413194
0.0403225
0.0413188
0.0388807
0.0471351
0.0483805
0.0475076
0.04838
0.0471344
0.0514926
0.0528751
0.0521613
0.0528747
0.051492
0.0545019
0.0560504
0.0554614
0.05605
0.0545013
0.0568285
0.0584829
0.0579594
0.0584825
0.056828
0.0586723
0.0603887
0.0599065
0.0603884
0.0586718
0.0601342
0.0618943
0.0614429
0.061894
0.0601337
0.061291
0.063087
0.062661
0.063086
0.0612911
0.0622041
0.0640283
0.063624
0.0640272
0.0622057
0.0629133
0.0647641
0.0643787
0.0647637
0.0629206
0.0634576
0.0653318
0.0649612
0.0653293
0.0634613
0.0638804
0.0657616
0.065402
0.0657569
0.0638656
0.0641772
0.0660659
0.0657239
0.0660621
0.0641598
0.0643707
0.0662715
0.0659384
0.0662701
0.0643634
0.0644999
0.0664147
0.0660907
0.0664166
0.0644976
0.0645476
0.0664754
0.066166
0.0664786
0.0645496
0.0645481
0.0664808
0.0661796
0.0664844
0.0645434
0.0645182
0.0664428
0.0661497
0.0664452
0.0645076
0.0644278
0.0663699
0.0660862
0.0663715
0.0644279
0.0643179
0.0662753
0.066
0.066277
0.0643261
0.0642121
0.0661688
0.0659014
0.0661739
0.0642305
0.0641052
0.0660596
0.0658001
0.0660678
0.0641221
0.0640124
0.0659596
0.0657056
0.0659671
0.0640183
0.0639446
0.065877
0.0656276
0.0658824
0.0639467
0.0639059
0.0658237
0.065578
0.0658237
0.0638921
0.0639074
0.0658117
0.06557
0.0658084
0.0638843
0.0639711
0.0658578
0.06562
0.0658565
0.063962
0.064132
0.0659841
0.0657477
0.0659848
0.0641393
0.0644044
0.0661994
0.0659569
0.0662023
0.0644159
0.0648682
0.0665601
0.066313
0.0665654
0.0648824
0.0655564
0.0671019
0.0668316
0.0671084
0.0655649
0.0665195
0.067836
0.0675317
0.0678414
0.0665232
0.0678502
0.0688215
0.068463
0.0688251
0.0678558
0.0695298
0.0700723
0.0696523
0.0700738
0.0695337
0.0712835
0.0715678
0.0711215
0.0715675
0.0712838
0.0733053
0.0733812
0.0729409
0.0733804
0.0733042
0.0756806
0.0755864
0.0751989
0.0755857
0.0756795
0.0782774
0.078161
0.0779333
0.0781605
0.0782766
0.0818227
0.0818089
0.0819127
0.0818084
0.0818221
0.00445597
0.00529618
0.00492179
0.00529616
0.00445593
0.00617278
0.00625893
0.00594285
0.0062589
0.00617274
0.00687477
0.00679759
0.006491
0.00679757
0.00687473
0.00725376
0.00713688
0.00684504
0.00713686
0.00725373
0.00749764
0.00737119
0.00709157
0.00737117
0.00749761
0.00767013
0.00754157
0.00727134
0.00754156
0.0076701
0.00779697
0.00766847
0.00740551
0.00766845
0.00779695
0.00789063
0.00776348
0.00750665
0.00776333
0.00789115
0.00796039
0.00783404
0.00758256
0.00783393
0.00796103
0.00800872
0.00788542
0.00763861
0.0078855
0.00801207
0.0080415
0.0079217
0.00767873
0.00792154
0.00804453
0.00806781
0.00794557
0.00770606
0.00794557
0.00806523
0.00808423
0.00795881
0.00772277
0.00795912
0.00808176
0.00808673
0.00796368
0.00773059
0.00796408
0.00808719
0.00808618
0.00796272
0.00773171
0.00796326
0.00808683
0.00808101
0.00795685
0.00772753
0.00795725
0.00808165
0.00807002
0.00794454
0.00771767
0.00794513
0.00806791
0.00805743
0.00792812
0.00770358
0.00792891
0.00805545
0.00803664
0.00790977
0.00768687
0.00791002
0.00803702
0.00801473
0.00788981
0.00766808
0.00788944
0.00801474
0.00799466
0.0078681
0.00764798
0.00786823
0.00799821
0.00797357
0.00784574
0.0076275
0.00784682
0.00797826
0.00795345
0.00782428
0.00760745
0.00782538
0.0079557
0.00793859
0.00780439
0.00758891
0.00780505
0.00794001
0.00792717
0.00778749
0.00757321
0.00778737
0.00792351
0.00791607
0.00777424
0.00756135
0.00777374
0.00790883
0.00790642
0.00776613
0.00755503
0.00776575
0.00790268
0.00790457
0.00776636
0.00755675
0.00776575
0.0079047
0.00791419
0.00777516
0.00756717
0.00777458
0.00791415
0.00794119
0.00779943
0.00759265
0.00779908
0.00794067
0.00798699
0.00784454
0.00763904
0.00784446
0.00798447
0.00805252
0.00791578
0.00771185
0.00791589
0.00805026
0.00814946
0.00802427
0.00782146
0.00802437
0.00814968
0.00828357
0.00818304
0.00798132
0.00818312
0.00828371
0.00852548
0.00841385
0.00821109
0.00841377
0.00852539
0.00887826
0.00874856
0.00854245
0.00874851
0.00887815
0.00939604
0.00923725
0.00902381
0.00923722
0.00939598
0.0103274
0.0100038
0.00975039
0.0100038
0.0103273
0.0130593
0.0119643
0.0115742
0.0119643
0.0130593
0.00606085
0.00580506
0.00563002
0.00580504
0.00606081
0.0427566
0.044144
0.0432336
0.0441434
0.0427557
0.069968
0.07062
0.0705055
0.0706187
0.0699657
0.0901949
0.0904616
0.0903497
0.0904597
0.0901914
0.105879
0.105932
0.105793
0.105929
0.105875
0.118168
0.118156
0.118014
0.118153
0.118163
0.127883
0.127819
0.12768
0.127816
0.127878
0.135455
0.135337
0.135198
0.135334
0.135449
0.141134
0.140955
0.140811
0.140953
0.141129
0.145046
0.144796
0.144641
0.144794
0.145041
0.147208
0.146878
0.146712
0.146875
0.147203
0.147545
0.147128
0.146948
0.147125
0.14754
0.145879
0.14537
0.14518
0.145368
0.145875
0.141918
0.141321
0.141132
0.141319
0.141914
0.135209
0.134552
0.134399
0.13455
0.135206
0.125002
0.124407
0.124378
0.124406
0.125
0.10971
0.109542
0.109803
0.109541
0.109709
0.0884195
0.0882478
0.0884872
0.0882473
0.0884189
0.0524502
0.0452799
0.0442396
0.0452799
0.05245
0.00617859
0.00592893
0.00576569
0.00592891
0.00617855
0.0444156
0.0459001
0.0450406
0.0458995
0.0444146
0.0738843
0.0745611
0.0744665
0.0745597
0.0738819
0.0961264
0.0963316
0.0962136
0.0963294
0.0961224
0.113481
0.113421
0.113256
0.113419
0.113476
0.127107
0.126947
0.126767
0.126944
0.127101
0.137846
0.137617
0.137431
0.137614
0.13784
0.146159
0.145868
0.145676
0.145865
0.146153
0.152317
0.151961
0.151762
0.151958
0.152311
0.156456
0.156031
0.155822
0.156027
0.15645
0.158609
0.158108
0.157884
0.158105
0.158603
0.158694
0.158113
0.157876
0.158111
0.158689
0.156522
0.155864
0.155623
0.155861
0.156517
0.151777
0.151054
0.150826
0.151052
0.151773
0.143965
0.143232
0.143066
0.14323
0.143962
0.132247
0.131742
0.13176
0.13174
0.132244
0.115506
0.115503
0.115921
0.115502
0.115504
0.0961138
0.095895
0.0965089
0.0958944
0.0961131
0.0820783
0.0749722
0.0736928
0.074972
0.0820781
0.00630383
0.00606001
0.00590255
0.00605999
0.0063038
0.0459224
0.0475213
0.0467032
0.0475207
0.0459215
0.0773294
0.0780333
0.0779548
0.0780318
0.077327
0.101327
0.101476
0.101356
0.101473
0.101322
0.120137
0.120001
0.119804
0.119998
0.120132
0.134948
0.134677
0.134455
0.134674
0.134942
0.146582
0.146232
0.145998
0.146228
0.146576
0.155534
0.155117
0.154875
0.155113
0.155528
0.162091
0.161607
0.161357
0.161604
0.162084
0.166397
0.165845
0.165586
0.165842
0.166391
0.168482
0.167861
0.167593
0.167857
0.168476
0.168267
0.167576
0.167301
0.167573
0.168262
0.165563
0.164803
0.164525
0.1648
0.165559
0.160015
0.159206
0.158946
0.159203
0.160011
0.151056
0.150273
0.150089
0.150271
0.151052
0.137671
0.1372
0.13723
0.137199
0.137668
0.118829
0.118927
0.119377
0.118926
0.118827
0.0972948
0.0971466
0.09776
0.0971461
0.0972941
0.0825582
0.0753959
0.0740003
0.0753958
0.082558
0.00643632
0.00619783
0.00604039
0.00619782
0.0064363
0.0473301
0.0490495
0.0482608
0.049049
0.0473294
0.080408
0.0811332
0.0810622
0.0811318
0.0804057
0.105915
0.106015
0.105893
0.106013
0.105911
0.125975
0.12578
0.12556
0.125777
0.125969
0.141825
0.141462
0.141206
0.141458
0.141819
0.15423
0.153782
0.153511
0.153778
0.154223
0.163726
0.163208
0.162927
0.163204
0.163719
0.170607
0.170024
0.169735
0.17002
0.170601
0.175026
0.174378
0.174081
0.174375
0.17502
0.177013
0.176301
0.175995
0.176297
0.177007
0.176481
0.175707
0.175397
0.175705
0.176477
0.173228
0.172395
0.172086
0.172392
0.173224
0.166868
0.165995
0.165707
0.165992
0.166864
0.156708
0.155915
0.15571
0.155913
0.156705
0.141695
0.141178
0.141165
0.141176
0.141693
0.119979
0.120193
0.120549
0.120192
0.119977
0.0917874
0.0920678
0.0923934
0.0920673
0.0917868
0.0534553
0.0461356
0.0448365
0.0461355
0.0534552
0.00814098
0.00706906
0.00674752
0.00706906
0.00814099
0.0413121
0.0375802
0.036928
0.0375802
0.0413121
0.0404396
0.0369869
0.0363969
0.0369869
0.0404396
0.00818373
0.00703534
0.00671008
0.00703534
0.00818373
0.00711574
0.00618283
0.00591745
0.00618284
0.00711575
0.0364392
0.0304163
0.0293482
0.0304163
0.0364392
0.0356836
0.0298227
0.0288376
0.0298227
0.0356836
0.00713355
0.0061753
0.00590778
0.0061753
0.00713355
0.00654985
0.00567004
0.00543246
0.00567004
0.00654986
0.0318795
0.0259651
0.0249059
0.0259651
0.0318795
0.0314332
0.0256242
0.0245964
0.0256242
0.0314332
0.00652818
0.0056546
0.0054202
0.0056546
0.00652819
0.00587242
0.00499802
0.00477259
0.00499802
0.00587242
0.0278772
0.0223976
0.0212859
0.0223976
0.0278773
0.0276947
0.0222146
0.021113
0.0222146
0.0276948
0.00583016
0.00497365
0.00475384
0.00497365
0.00583017
0.00306046
0.00288722
0.00273069
0.00288722
0.00306047
0.00788718
0.00779363
0.00739318
0.00779364
0.00788717
0.00925301
0.00916669
0.00879103
0.00916656
0.009253
0.0100777
0.0100068
0.00966075
0.0100068
0.0100777
0.010655
0.0105872
0.0102666
0.0105872
0.010655
0.0110936
0.0110287
0.0107274
0.0110287
0.0110936
0.0114541
0.0113882
0.0111004
0.0113882
0.0114541
0.0117648
0.0116939
0.0114152
0.0116939
0.0117648
0.0120393
0.0119599
0.0116866
0.0119599
0.0120393
0.0122826
0.0121915
0.0119207
0.0121915
0.0122827
0.0124931
0.0123872
0.0121164
0.0123872
0.0124931
0.012661
0.0125385
0.0122658
0.0125385
0.012661
0.0127684
0.0126254
0.0123489
0.0126254
0.0127684
0.0128255
0.0126098
0.0123273
0.0126098
0.0128255
0.0127864
0.0124754
0.0121956
0.0124754
0.0127864
0.0126005
0.0121873
0.0119237
0.0121873
0.0126005
0.0120913
0.0116277
0.0113475
0.0116277
0.0120913
0.0107677
0.010333
0.010028
0.010333
0.0107677
0.00430344
0.00407347
0.00390759
0.00407346
0.00430344
0.00517911
0.00508307
0.00471677
0.00508306
0.00517909
0.0312946
0.0323292
0.0311348
0.0323291
0.0312943
0.0456569
0.0460405
0.0451437
0.0460402
0.0456563
0.0548865
0.0550749
0.0542887
0.0550744
0.0548857
0.0614156
0.0616354
0.0609393
0.0616349
0.0614147
0.0663915
0.0666857
0.0660322
0.066685
0.0663905
0.0703318
0.0706704
0.0700372
0.0706697
0.0703308
0.0735048
0.0738497
0.0732227
0.0738491
0.0735038
0.0760515
0.0763662
0.0757344
0.0763656
0.0760505
0.0780315
0.0782822
0.0776368
0.0782815
0.0780304
0.0794397
0.0795951
0.0789295
0.0795944
0.0794387
0.0801991
0.0802322
0.0795463
0.0802315
0.0801981
0.0800874
0.0800412
0.0793428
0.0800405
0.0800864
0.0785644
0.0786866
0.0780142
0.078686
0.0785635
0.0751907
0.0755548
0.0747918
0.0755542
0.0751898
0.0692909
0.0696894
0.0687643
0.0696889
0.0692902
0.0604802
0.0605938
0.0596101
0.0605935
0.0604797
0.0454429
0.0454141
0.0443146
0.0454138
0.0454426
0.00747919
0.00739223
0.00699784
0.00739221
0.00747917
0.00575984
0.00553029
0.00526902
0.00553028
0.00575981
0.0378347
0.0390453
0.0379299
0.0390449
0.0378342
0.0586112
0.059157
0.0587562
0.0591563
0.0586101
0.0731638
0.0735
0.0731955
0.0734989
0.0731621
0.0840778
0.084386
0.0841494
0.0843847
0.0840757
0.0925822
0.0929112
0.0927259
0.0929098
0.0925799
0.0993317
0.0996704
0.0995197
0.0996688
0.0993292
0.104685
0.10501
0.104878
0.105008
0.104683
0.10884
0.109125
0.108998
0.109123
0.108838
0.111885
0.112105
0.111971
0.112103
0.111882
0.113821
0.113953
0.113802
0.113951
0.113818
0.114569
0.114591
0.114417
0.114589
0.114566
0.113942
0.113846
0.113648
0.113844
0.11394
0.111605
0.111414
0.111201
0.111412
0.111603
0.107105
0.106814
0.106577
0.106813
0.107103
0.0997376
0.099269
0.0990154
0.0992681
0.0997362
0.0875767
0.0868766
0.0866345
0.0868759
0.0875757
0.0649197
0.064134
0.0635868
0.0641337
0.0649193
0.00977684
0.0093548
0.00895328
0.00935479
0.00977682
0.00594342
0.00568457
0.00548495
0.00568455
0.00594338
0.0408085
0.0421171
0.0411235
0.0421167
0.0408077
0.0653635
0.0659836
0.065778
0.0659826
0.0653618
0.083224
0.0835429
0.083389
0.0835413
0.0832214
0.0969111
0.0971018
0.0969722
0.0970999
0.0969079
0.107622
0.107784
0.107679
0.107782
0.107618
0.11611
0.116244
0.116155
0.116242
0.116106
0.122776
0.122871
0.122788
0.122868
0.122772
0.127847
0.127888
0.127803
0.127886
0.127843
0.131432
0.131404
0.13131
0.131402
0.131428
0.133543
0.133431
0.133321
0.133428
0.133539
0.134103
0.133893
0.133765
0.133891
0.134099
0.132937
0.132619
0.132472
0.132617
0.132933
0.12975
0.129324
0.129167
0.129322
0.129748
0.12411
0.123575
0.123423
0.123573
0.124108
0.115295
0.11467
0.114569
0.114669
0.115293
0.101408
0.100862
0.100879
0.100861
0.101407
0.0760045
0.0749994
0.0747693
0.074999
0.076004
0.0131015
0.0118596
0.0113883
0.0118596
0.0131014
)
;

boundaryField
{
    empty
    {
        type            empty;
    }
    top
    {
        type            fixedValue;
        value           uniform 0;
    }
    fixedwall
    {
        type            nutkWallFunction;
        Cmu             0.09;
        kappa           0.41;
        E               9.8;
        value           nonuniform List<scalar> 
585
(
0.000464119
0.000545598
0.000509406
0.000545595
0.000464114
0.000628806
0.00063737
0.000607476
0.000637368
0.000628802
0.000695498
0.000688544
0.000659906
0.000688542
0.000695495
0.000731451
0.000720732
0.000693642
0.000720731
0.000731449
0.000754606
0.000742996
0.000717147
0.000742995
0.000754605
0.000771056
0.000759277
0.000734365
0.000759277
0.000771056
0.000783239
0.00077151
0.000747324
0.000771516
0.00078326
0.0007924
0.000780794
0.000757215
0.000780806
0.00079241
0.000799305
0.000787843
0.000764781
0.000787861
0.000799314
0.000804446
0.00079314
0.000770523
0.000793163
0.000804444
0.000808154
0.000797025
0.000774801
0.000797067
0.000808207
0.000810799
0.0007998
0.000777888
0.000799826
0.000810969
0.000812627
0.000801653
0.000779984
0.000801617
0.000812675
0.000813639
0.000802641
0.000781219
0.000802574
0.000813515
0.000813949
0.000802937
0.000781723
0.000802857
0.000813823
0.000813697
0.000802675
0.000781628
0.000802596
0.00081362
0.000812962
0.000801853
0.000781003
0.000801798
0.000812928
0.000811693
0.00080045
0.000779745
0.000800401
0.000811703
0.000809891
0.000798541
0.00077798
0.000798519
0.000809931
0.000807584
0.000796123
0.000775723
0.000796184
0.000807787
0.000804828
0.000793237
0.00077298
0.000793348
0.000805242
0.000801577
0.000789874
0.00076975
0.000789996
0.00080205
0.000797891
0.000786032
0.000766039
0.00078615
0.000798281
0.000793798
0.000781733
0.000761859
0.000781859
0.000794118
0.000789284
0.000776962
0.000757208
0.000777148
0.000789758
0.000784353
0.00077169
0.000751991
0.000771888
0.000784951
0.00077901
0.000765917
0.000746408
0.000766054
0.000779389
0.000773207
0.00075963
0.000740344
0.000759722
0.000773439
0.000766741
0.000752767
0.000733743
0.000752836
0.000767085
0.000759584
0.000745285
0.000726589
0.000745357
0.000760081
0.000752209
0.000737257
0.000718877
0.000737292
0.000752454
0.000744283
0.000728637
0.000710592
0.000728638
0.000744298
0.000735554
0.000719393
0.000701716
0.000719401
0.000735653
0.000726372
0.000709544
0.000692227
0.000709551
0.000726432
0.000716559
0.000699049
0.000682092
0.000699055
0.000716573
0.00070604
0.000687886
0.00067126
0.000687889
0.000706046
0.000694864
0.000676004
0.000659654
0.000676005
0.000694866
0.000683008
0.000663244
0.000647139
0.000663244
0.000683006
0.00067022
0.000649169
0.00063353
0.000649167
0.000670217
0.000461708
0.000543635
0.000507149
0.000543632
0.000461703
0.000626613
0.000635376
0.00060543
0.000635374
0.000626609
0.000693595
0.000686727
0.000658044
0.000686725
0.000693592
0.000729678
0.000718986
0.000691866
0.000718984
0.000729676
0.00075281
0.000741196
0.000715329
0.000741194
0.000752808
0.000769121
0.000757317
0.000732394
0.000757316
0.000769118
0.00078109
0.000769304
0.00074511
0.000769303
0.000781088
0.000789959
0.000778273
0.000754683
0.000778271
0.000789956
0.000796506
0.000784942
0.00076187
0.000784941
0.000796505
0.000801203
0.000789806
0.000767183
0.000789813
0.000801278
0.000804496
0.000793234
0.000770999
0.000793245
0.000804545
0.000806758
0.000795505
0.000773607
0.000795538
0.00080676
0.000808032
0.000796808
0.000775223
0.000796868
0.000808112
0.000808511
0.00079735
0.000776016
0.000797393
0.000808604
0.000808528
0.000797304
0.000776177
0.000797341
0.000808623
0.000808168
0.000796799
0.000775835
0.000796817
0.000808215
0.000807144
0.00079573
0.00077498
0.00079575
0.00080717
0.000805704
0.00079429
0.000773736
0.000794329
0.000805812
0.000804186
0.000792672
0.000772245
0.000792673
0.000804213
0.000802517
0.000790863
0.000770552
0.000790825
0.000802405
0.000800654
0.000788896
0.000768731
0.000788877
0.000800681
0.000798734
0.000786881
0.000766866
0.000786909
0.000798948
0.000796893
0.000784906
0.000765036
0.000784954
0.000797097
0.000795309
0.000783087
0.000763345
0.000783118
0.000795418
0.000794075
0.000781533
0.00076191
0.000781546
0.000794015
0.000793083
0.000780318
0.000760826
0.000780316
0.000792919
0.000792441
0.00077958
0.000760245
0.000779557
0.000792313
0.000792495
0.000779588
0.000760396
0.00077954
0.000792373
0.000793312
0.000780405
0.000761348
0.000780354
0.00079319
0.000795631
0.000782612
0.000763672
0.000782554
0.000795494
0.00079964
0.000786714
0.000767907
0.000786669
0.000799517
0.00080559
0.000793222
0.000774567
0.000793201
0.000805546
0.000814409
0.000803126
0.000784589
0.000803106
0.000814389
0.000826693
0.000817593
0.000799181
0.000817586
0.000826697
0.000848721
0.000838559
0.000820104
0.000838555
0.000848713
0.000880655
0.000868886
0.000850191
0.000868885
0.000880653
0.000927316
0.000912982
0.000893717
0.000912981
0.000927315
0.00101065
0.000981716
0.00095901
0.000981716
0.00101065
0.00125148
0.00115544
0.00112105
0.00115544
0.00125148
0.000621943
0.000597963
0.000581469
0.000597961
0.000621939
0.000632898
0.000609536
0.000594187
0.000609534
0.000632894
0.000644539
0.00062177
0.000606993
0.000621767
0.000644535
0.000656839
0.00063462
0.000619868
0.000634618
0.000656836
0.000814216
0.000715973
0.000686249
0.000715973
0.000814217
0.00081821
0.000713052
0.00068297
0.000713052
0.00081821
0.000720373
0.000633853
0.00060902
0.000633853
0.000720374
0.000722131
0.000633292
0.000608256
0.000633292
0.000722131
0.000668076
0.000585839
0.000563431
0.000585839
0.000668076
0.000666196
0.000584532
0.000562419
0.000584532
0.000666196
0.000604922
0.000522291
0.000500773
0.000522292
0.000604922
0.000601069
0.000520099
0.00049911
0.000520099
0.000601069
0.00033348
0.00033348
0.000316125
0.000316125
0.000300339
0.000300339
0.000316125
0.000316125
0.000333479
0.000333479
0.000790343
0.00078178
0.000745034
0.000781778
0.00079034
0.000913928
0.000906099
0.000872143
0.000906096
0.000913925
0.000987665
0.000981316
0.000950284
0.000981314
0.000987662
0.00103898
0.00103295
0.00100434
0.00103295
0.00103898
0.00107781
0.00107206
0.00104528
0.00107206
0.00107781
0.00110964
0.00110381
0.00107831
0.00110381
0.00110964
0.00113701
0.00113076
0.00110612
0.00113076
0.00113701
0.00116116
0.00115418
0.00113006
0.00115418
0.00116116
0.00118255
0.00117455
0.00115069
0.00117455
0.00118255
0.00120103
0.00119176
0.00116794
0.00119176
0.00120103
0.00121579
0.00120507
0.00118112
0.00120507
0.00121579
0.00122526
0.00121276
0.0011885
0.00121276
0.00122526
0.00123035
0.00121147
0.00118667
0.00121146
0.00123035
0.00122701
0.0011998
0.00117521
0.00119979
0.00122701
0.00121085
0.00117463
0.00115142
0.00117462
0.00121084
0.00116631
0.00112549
0.00110074
0.00112549
0.00116631
0.00104956
0.00101089
0.000983668
0.00101089
0.00104955
0.000455401
0.000455401
0.000433163
0.000433163
0.000417021
0.000417021
0.000433162
0.000433162
0.000455401
0.000455401
0.000539179
0.000530034
0.000495046
0.000530033
0.000539177
0.000753598
0.000745633
0.000709335
0.000745631
0.000753595
0.000593858
0.000572245
0.000547492
0.000572243
0.000593855
0.00096164
0.000923779
0.00088762
0.000923778
0.000961638
0.000611006
0.000586712
0.000567843
0.00058671
0.000611002
0.00125544
0.0011465
0.00110492
0.0011465
0.00125544
)
;
    }
    outlet
    {
        type            zeroGradient;
    }
}


// ************************************************************************* //
