/*--------------------------------*- C++ -*----------------------------------*\
  =========                 |
  \\      /  F ield         | OpenFOAM: The Open Source CFD Toolbox
   \\    /   O peration     | Website:  https://openfoam.org
    \\  /    A nd           | Version:  9
     \\/     M anipulation  |
\*---------------------------------------------------------------------------*/
FoamFile
{
    format      ascii;
    class       volScalarField;
    location    "0.6";
    object      p;
}
// * * * * * * * * * * * * * * * * * * * * * * * * * * * * * * * * * * * * * //

dimensions      [0 2 -2 0 0 0 0];

internalField   nonuniform List<scalar> 
4545
(
20.0974
20.0974
20.0974
20.0974
20.0974
20.0925
20.0925
20.0925
20.0925
20.0925
20.0876
20.0876
20.0876
20.0876
20.0876
20.0828
20.0828
20.0828
20.0828
20.0828
20.0782
20.0782
20.0782
20.0782
20.0782
20.0737
20.0737
20.0737
20.0737
20.0737
20.0693
20.0693
20.0693
20.0693
20.0693
20.0652
20.0652
20.0652
20.0652
20.0652
20.0612
20.0612
20.0612
20.0612
20.0612
20.0573
20.0573
20.0573
20.0573
20.0573
20.0537
20.0537
20.0537
20.0537
20.0537
20.0503
20.0503
20.0503
20.0503
20.0503
20.0472
20.0472
20.0472
20.0472
20.0472
20.0442
20.0442
20.0442
20.0442
20.0442
20.0415
20.0415
20.0415
20.0415
20.0415
20.0391
20.0391
20.0391
20.0391
20.0391
20.037
20.037
20.037
20.037
20.037
20.0351
20.0351
20.0351
20.0351
20.0351
20.0335
20.0335
20.0335
20.0335
20.0335
20.0322
20.0322
20.0322
20.0322
20.0322
20.0312
20.0312
20.0312
20.0312
20.0312
20.0305
20.0305
20.0305
20.0305
20.0305
20.03
20.03
20.03
20.03
20.03
20.0299
20.0299
20.0299
20.0299
20.0299
20.0301
20.03
20.03
20.03
20.0301
20.0305
20.0305
20.0305
20.0305
20.0305
20.0311
20.0311
20.0311
20.0311
20.0311
20.032
20.032
20.032
20.032
20.032
20.0332
20.0331
20.0331
20.0331
20.0332
20.0345
20.0344
20.0344
20.0344
20.0345
20.0359
20.0359
20.0359
20.0359
20.0359
20.0375
20.0375
20.0375
20.0375
20.0375
20.0393
20.0392
20.0392
20.0392
20.0393
20.0411
20.041
20.041
20.041
20.0411
20.0429
20.0429
20.0429
20.0429
20.0429
20.0448
20.0448
20.0448
20.0448
20.0448
20.0467
20.0467
20.0467
20.0467
20.0467
20.0485
20.0485
20.0485
20.0485
20.0485
20.0504
20.0503
20.0503
20.0503
20.0504
20.0974
20.0974
20.0974
20.0974
20.0974
20.0925
20.0925
20.0925
20.0925
20.0925
20.0876
20.0876
20.0876
20.0876
20.0876
20.0829
20.0829
20.0829
20.0829
20.0829
20.0782
20.0782
20.0782
20.0782
20.0782
20.0738
20.0738
20.0738
20.0738
20.0738
20.0694
20.0695
20.0695
20.0695
20.0694
20.0653
20.0653
20.0653
20.0653
20.0653
20.0613
20.0613
20.0613
20.0613
20.0613
20.0576
20.0576
20.0576
20.0576
20.0576
20.054
20.054
20.054
20.054
20.054
20.0506
20.0506
20.0506
20.0506
20.0506
20.0475
20.0475
20.0475
20.0475
20.0475
20.0447
20.0447
20.0447
20.0447
20.0447
20.042
20.042
20.042
20.042
20.042
20.0397
20.0397
20.0397
20.0397
20.0397
20.0376
20.0376
20.0376
20.0376
20.0376
20.0358
20.0359
20.0358
20.0359
20.0358
20.0343
20.0344
20.0344
20.0344
20.0343
20.0332
20.0332
20.0332
20.0332
20.0332
20.0323
20.0323
20.0323
20.0323
20.0323
20.0317
20.0317
20.0317
20.0317
20.0317
20.0314
20.0314
20.0314
20.0314
20.0314
20.0314
20.0314
20.0314
20.0314
20.0314
20.0317
20.0317
20.0317
20.0317
20.0317
20.0323
20.0323
20.0323
20.0323
20.0323
20.0331
20.0332
20.0331
20.0332
20.0331
20.0342
20.0342
20.0342
20.0342
20.0342
20.0355
20.0355
20.0355
20.0355
20.0355
20.037
20.037
20.037
20.037
20.037
20.0386
20.0386
20.0386
20.0386
20.0386
20.0404
20.0404
20.0404
20.0404
20.0404
20.0423
20.0423
20.0423
20.0423
20.0423
20.0442
20.0442
20.0442
20.0442
20.0442
20.0462
20.0462
20.0462
20.0462
20.0462
20.0482
20.0482
20.0482
20.0482
20.0482
20.0502
20.0503
20.0502
20.0503
20.0502
20.0522
20.0522
20.0522
20.0522
20.0522
20.0541
20.0541
20.0541
20.0541
20.0541
20.0974
20.0974
20.0974
20.0974
20.0974
20.0924
20.0924
20.0924
20.0924
20.0924
20.0876
20.0876
20.0876
20.0876
20.0876
20.0828
20.0828
20.0828
20.0828
20.0828
20.0782
20.0782
20.0782
20.0782
20.0782
20.0737
20.0737
20.0737
20.0737
20.0737
20.0694
20.0694
20.0694
20.0694
20.0694
20.0652
20.0652
20.0652
20.0652
20.0652
20.0612
20.0612
20.0612
20.0612
20.0612
20.0574
20.0574
20.0574
20.0574
20.0574
20.0539
20.0539
20.0539
20.0539
20.0539
20.0505
20.0505
20.0505
20.0505
20.0505
20.0474
20.0474
20.0474
20.0474
20.0474
20.0445
20.0445
20.0445
20.0445
20.0445
20.0418
20.0418
20.0418
20.0418
20.0418
20.0395
20.0395
20.0395
20.0395
20.0395
20.0374
20.0374
20.0374
20.0374
20.0374
20.0356
20.0356
20.0356
20.0356
20.0356
20.0341
20.0341
20.0341
20.0341
20.0341
20.033
20.0329
20.0329
20.0329
20.033
20.0321
20.0321
20.0321
20.0321
20.0321
20.0315
20.0315
20.0315
20.0315
20.0315
20.0313
20.0313
20.0313
20.0313
20.0313
20.0313
20.0313
20.0313
20.0313
20.0313
20.0317
20.0317
20.0317
20.0317
20.0317
20.0323
20.0323
20.0323
20.0323
20.0323
20.0332
20.0332
20.0332
20.0332
20.0332
20.0344
20.0344
20.0344
20.0344
20.0344
20.0358
20.0358
20.0358
20.0358
20.0358
20.0374
20.0374
20.0374
20.0374
20.0374
20.0392
20.0391
20.0391
20.0391
20.0392
20.0411
20.041
20.041
20.041
20.0411
20.0431
20.0431
20.0431
20.0431
20.0431
20.0452
20.0452
20.0452
20.0452
20.0452
20.0473
20.0473
20.0473
20.0473
20.0473
20.0495
20.0495
20.0495
20.0495
20.0495
20.0516
20.0516
20.0516
20.0516
20.0516
20.0537
20.0537
20.0537
20.0537
20.0537
20.0558
20.0557
20.0557
20.0557
20.0558
20.0974
20.0974
20.0974
20.0974
20.0974
20.0924
20.0924
20.0924
20.0924
20.0924
20.0875
20.0875
20.0875
20.0875
20.0875
20.0827
20.0827
20.0827
20.0827
20.0827
20.078
20.078
20.078
20.078
20.078
20.0735
20.0735
20.0735
20.0735
20.0735
20.0692
20.0692
20.0692
20.0692
20.0692
20.065
20.065
20.065
20.065
20.065
20.0609
20.0609
20.0609
20.0609
20.0609
20.0571
20.0571
20.0571
20.0571
20.0571
20.0535
20.0535
20.0535
20.0535
20.0535
20.05
20.0501
20.0501
20.0501
20.05
20.0469
20.0469
20.0469
20.0469
20.0469
20.0439
20.0439
20.0439
20.0439
20.0439
20.0412
20.0412
20.0412
20.0412
20.0412
20.0388
20.0388
20.0388
20.0388
20.0388
20.0367
20.0367
20.0367
20.0367
20.0367
20.0348
20.0348
20.0348
20.0348
20.0348
20.0332
20.0332
20.0332
20.0332
20.0332
20.032
20.032
20.032
20.032
20.032
20.0311
20.0311
20.0311
20.0311
20.0311
20.0305
20.0305
20.0305
20.0305
20.0305
20.0302
20.0302
20.0302
20.0302
20.0302
20.0302
20.0302
20.0302
20.0302
20.0302
20.0306
20.0306
20.0306
20.0306
20.0306
20.0312
20.0312
20.0312
20.0312
20.0312
20.0322
20.0322
20.0322
20.0322
20.0322
20.0334
20.0334
20.0334
20.0334
20.0334
20.0349
20.0349
20.0349
20.0349
20.0349
20.0366
20.0366
20.0366
20.0366
20.0366
20.0385
20.0385
20.0385
20.0385
20.0385
20.0405
20.0405
20.0405
20.0405
20.0405
20.0427
20.0427
20.0427
20.0427
20.0427
20.0449
20.0449
20.0449
20.0449
20.0449
20.0473
20.0473
20.0473
20.0473
20.0473
20.0496
20.0496
20.0496
20.0496
20.0496
20.0519
20.0519
20.0519
20.0519
20.0519
20.0542
20.0542
20.0542
20.0542
20.0542
20.0563
20.0563
20.0563
20.0563
20.0563
20.0974
20.0974
20.0974
20.0974
20.0974
20.0923
20.0923
20.0923
20.0923
20.0923
20.0874
20.0874
20.0874
20.0874
20.0874
20.0825
20.0825
20.0825
20.0825
20.0825
20.0778
20.0778
20.0778
20.0778
20.0778
20.0732
20.0732
20.0732
20.0732
20.0732
20.0688
20.0688
20.0688
20.0688
20.0688
20.0646
20.0646
20.0646
20.0646
20.0646
20.0605
20.0605
20.0605
20.0605
20.0605
20.0566
20.0566
20.0566
20.0566
20.0566
20.0529
20.0529
20.0529
20.0529
20.0529
20.0493
20.0493
20.0493
20.0493
20.0493
20.0461
20.0461
20.0461
20.0461
20.0461
20.043
20.043
20.043
20.043
20.043
20.0402
20.0402
20.0402
20.0402
20.0402
20.0376
20.0376
20.0376
20.0376
20.0376
20.0354
20.0354
20.0354
20.0354
20.0354
20.0334
20.0334
20.0334
20.0334
20.0334
20.0317
20.0317
20.0317
20.0317
20.0317
20.0303
20.0303
20.0303
20.0303
20.0303
20.0292
20.0292
20.0292
20.0292
20.0292
20.0285
20.0285
20.0285
20.0285
20.0285
20.0281
20.0281
20.0281
20.0281
20.0281
20.028
20.028
20.028
20.028
20.028
20.0283
20.0283
20.0283
20.0283
20.0283
20.0289
20.0289
20.0289
20.0289
20.0289
20.0298
20.0298
20.0298
20.0298
20.0298
20.0309
20.0309
20.0309
20.0309
20.0309
20.0324
20.0324
20.0324
20.0324
20.0324
20.0341
20.0341
20.0341
20.0341
20.0341
20.0361
20.0361
20.0361
20.0361
20.0361
20.0382
20.0382
20.0382
20.0382
20.0382
20.0405
20.0404
20.0404
20.0404
20.0405
20.0428
20.0428
20.0428
20.0428
20.0428
20.0453
20.0453
20.0453
20.0453
20.0453
20.0478
20.0477
20.0477
20.0477
20.0478
20.0502
20.0502
20.0502
20.0502
20.0502
20.0526
20.0526
20.0526
20.0526
20.0526
20.0549
20.0549
20.0549
20.0549
20.0549
20.0974
20.0974
20.0974
20.0974
20.0974
20.0922
20.0922
20.0922
20.0922
20.0922
20.0872
20.0872
20.0872
20.0872
20.0872
20.0823
20.0823
20.0823
20.0823
20.0823
20.0775
20.0775
20.0775
20.0775
20.0775
20.0729
20.0729
20.0729
20.0729
20.0729
20.0684
20.0684
20.0684
20.0684
20.0684
20.0641
20.0641
20.0641
20.0641
20.0641
20.0599
20.0599
20.0599
20.0599
20.0599
20.0559
20.0559
20.0559
20.0559
20.0559
20.052
20.052
20.052
20.052
20.052
20.0484
20.0484
20.0484
20.0484
20.0484
20.045
20.045
20.045
20.045
20.045
20.0418
20.0418
20.0418
20.0418
20.0418
20.0388
20.0388
20.0388
20.0388
20.0388
20.0361
20.0361
20.0361
20.0361
20.0361
20.0336
20.0336
20.0336
20.0336
20.0336
20.0314
20.0314
20.0314
20.0314
20.0314
20.0295
20.0295
20.0295
20.0295
20.0295
20.0279
20.0279
20.0279
20.0279
20.0279
20.0266
20.0266
20.0266
20.0266
20.0266
20.0257
20.0257
20.0257
20.0257
20.0257
20.025
20.025
20.025
20.025
20.025
20.0248
20.0248
20.0248
20.0248
20.0248
20.0248
20.0248
20.0248
20.0248
20.0248
20.0252
20.0252
20.0252
20.0252
20.0252
20.0259
20.0259
20.0259
20.0259
20.0259
20.027
20.027
20.027
20.027
20.027
20.0283
20.0283
20.0283
20.0283
20.0283
20.03
20.03
20.03
20.03
20.03
20.0319
20.0318
20.0318
20.0318
20.0319
20.034
20.0339
20.0339
20.0339
20.034
20.0362
20.0362
20.0362
20.0362
20.0362
20.0387
20.0386
20.0386
20.0386
20.0387
20.0412
20.0412
20.0412
20.0412
20.0412
20.0437
20.0437
20.0437
20.0437
20.0437
20.0463
20.0463
20.0463
20.0463
20.0463
20.0488
20.0488
20.0488
20.0488
20.0488
20.0512
20.0512
20.0512
20.0512
20.0512
20.0973
20.0973
20.0973
20.0973
20.0973
20.0921
20.0921
20.0921
20.0921
20.0921
20.0871
20.0871
20.0871
20.0871
20.0871
20.0821
20.0821
20.0821
20.0821
20.0821
20.0772
20.0772
20.0772
20.0772
20.0772
20.0725
20.0725
20.0725
20.0725
20.0725
20.0679
20.0679
20.0679
20.0679
20.0679
20.0635
20.0635
20.0635
20.0635
20.0635
20.0592
20.0592
20.0592
20.0592
20.0592
20.0551
20.0551
20.0551
20.0551
20.0551
20.0511
20.0511
20.0511
20.0511
20.0511
20.0473
20.0473
20.0473
20.0473
20.0473
20.0437
20.0437
20.0437
20.0437
20.0437
20.0403
20.0403
20.0403
20.0403
20.0403
20.0371
20.0371
20.0371
20.0371
20.0371
20.0342
20.0342
20.0342
20.0342
20.0342
20.0315
20.0315
20.0315
20.0315
20.0315
20.029
20.029
20.029
20.029
20.029
20.0268
20.0268
20.0268
20.0268
20.0268
20.0249
20.0249
20.0249
20.0249
20.0249
20.0233
20.0233
20.0233
20.0233
20.0233
20.022
20.022
20.022
20.022
20.022
20.0211
20.0211
20.0211
20.0211
20.0211
20.0205
20.0205
20.0205
20.0205
20.0205
20.0202
20.0202
20.0202
20.0202
20.0202
20.0203
20.0203
20.0203
20.0203
20.0203
20.0208
20.0208
20.0207
20.0208
20.0208
20.0215
20.0215
20.0215
20.0215
20.0215
20.0226
20.0226
20.0226
20.0226
20.0226
20.0241
20.0241
20.0241
20.0241
20.0241
20.0258
20.0258
20.0258
20.0258
20.0258
20.0277
20.0277
20.0277
20.0277
20.0277
20.0299
20.0299
20.0299
20.0299
20.0299
20.0323
20.0323
20.0323
20.0323
20.0323
20.0348
20.0347
20.0347
20.0347
20.0348
20.0373
20.0373
20.0373
20.0373
20.0373
20.0399
20.0399
20.0399
20.0399
20.0399
20.0425
20.0425
20.0425
20.0425
20.0425
20.045
20.045
20.045
20.045
20.045
20.0973
20.0973
20.0973
20.0973
20.0973
20.092
20.092
20.092
20.092
20.092
20.0869
20.0869
20.0869
20.0869
20.0869
20.0818
20.0818
20.0818
20.0818
20.0818
20.0769
20.0769
20.0769
20.0769
20.0769
20.0721
20.0721
20.0721
20.0721
20.0721
20.0674
20.0674
20.0674
20.0674
20.0674
20.0628
20.0628
20.0628
20.0628
20.0628
20.0584
20.0584
20.0584
20.0584
20.0584
20.0541
20.0541
20.0541
20.0541
20.0541
20.05
20.05
20.05
20.05
20.05
20.046
20.046
20.046
20.046
20.046
20.0422
20.0422
20.0422
20.0422
20.0422
20.0386
20.0386
20.0386
20.0386
20.0386
20.0352
20.0352
20.0352
20.0352
20.0352
20.032
20.032
20.032
20.032
20.032
20.0289
20.0289
20.0289
20.0289
20.0289
20.0262
20.0262
20.0262
20.0262
20.0262
20.0236
20.0236
20.0236
20.0236
20.0236
20.0213
20.0214
20.0214
20.0214
20.0213
20.0194
20.0194
20.0194
20.0194
20.0194
20.0177
20.0177
20.0177
20.0177
20.0177
20.0163
20.0163
20.0163
20.0163
20.0163
20.0152
20.0152
20.0152
20.0152
20.0152
20.0145
20.0145
20.0145
20.0145
20.0145
20.0142
20.0142
20.0142
20.0142
20.0142
20.0142
20.0142
20.0142
20.0142
20.0142
20.0145
20.0145
20.0145
20.0145
20.0145
20.0152
20.0152
20.0152
20.0152
20.0152
20.0163
20.0163
20.0163
20.0163
20.0163
20.0177
20.0177
20.0176
20.0177
20.0177
20.0193
20.0193
20.0193
20.0193
20.0193
20.0213
20.0213
20.0213
20.0213
20.0213
20.0234
20.0234
20.0234
20.0234
20.0234
20.0258
20.0258
20.0258
20.0258
20.0258
20.0282
20.0282
20.0282
20.0282
20.0282
20.0308
20.0308
20.0308
20.0308
20.0308
20.0333
20.0333
20.0333
20.0333
20.0333
20.0359
20.0359
20.0358
20.0359
20.0359
20.0973
20.0973
20.0973
20.0973
20.0973
20.0919
20.0919
20.0919
20.0919
20.0919
20.0867
20.0867
20.0867
20.0867
20.0867
20.0815
20.0815
20.0815
20.0815
20.0815
20.0765
20.0765
20.0765
20.0765
20.0765
20.0716
20.0716
20.0716
20.0716
20.0716
20.0668
20.0668
20.0668
20.0668
20.0668
20.0621
20.0621
20.0621
20.0621
20.0621
20.0576
20.0576
20.0576
20.0576
20.0576
20.0531
20.0531
20.0531
20.0531
20.0531
20.0488
20.0488
20.0488
20.0488
20.0488
20.0446
20.0446
20.0446
20.0446
20.0446
20.0406
20.0406
20.0406
20.0406
20.0406
20.0367
20.0367
20.0367
20.0367
20.0367
20.033
20.033
20.033
20.033
20.033
20.0295
20.0295
20.0295
20.0295
20.0295
20.0261
20.0261
20.0261
20.0261
20.0261
20.0229
20.023
20.023
20.023
20.0229
20.02
20.02
20.02
20.02
20.02
20.0173
20.0173
20.0173
20.0173
20.0173
20.0148
20.0148
20.0148
20.0148
20.0148
20.0126
20.0126
20.0126
20.0126
20.0126
20.0106
20.0106
20.0106
20.0106
20.0106
20.009
20.009
20.009
20.009
20.009
20.0077
20.0077
20.0077
20.0077
20.0077
20.0067
20.0067
20.0067
20.0067
20.0067
20.0061
20.0061
20.0061
20.0061
20.0061
20.0059
20.0059
20.0059
20.0059
20.0059
20.006
20.006
20.006
20.006
20.006
20.0065
20.0065
20.0065
20.0065
20.0065
20.0073
20.0073
20.0073
20.0073
20.0073
20.0085
20.0085
20.0085
20.0085
20.0085
20.01
20.01
20.01
20.01
20.01
20.0118
20.0118
20.0118
20.0118
20.0118
20.0138
20.0138
20.0138
20.0138
20.0138
20.016
20.016
20.016
20.016
20.016
20.0184
20.0184
20.0184
20.0184
20.0184
20.0209
20.0208
20.0208
20.0208
20.0209
20.0233
20.0233
20.0233
20.0233
20.0233
20.0972
20.0972
20.0972
20.0972
20.0972
20.0918
20.0918
20.0918
20.0918
20.0918
20.0865
20.0865
20.0865
20.0865
20.0865
20.0812
20.0812
20.0812
20.0812
20.0812
20.0761
20.0761
20.0761
20.0761
20.0761
20.0711
20.0711
20.0711
20.0711
20.0711
20.0662
20.0662
20.0662
20.0662
20.0662
20.0614
20.0614
20.0614
20.0614
20.0614
20.0567
20.0567
20.0567
20.0567
20.0567
20.0521
20.0521
20.0521
20.0521
20.0521
20.0476
20.0476
20.0476
20.0476
20.0476
20.0432
20.0432
20.0432
20.0432
20.0432
20.0389
20.0389
20.0389
20.0389
20.0389
20.0347
20.0347
20.0347
20.0347
20.0347
20.0307
20.0307
20.0307
20.0307
20.0307
20.0268
20.0268
20.0268
20.0268
20.0268
20.023
20.0231
20.0231
20.0231
20.023
20.0194
20.0194
20.0194
20.0194
20.0194
20.016
20.016
20.016
20.016
20.016
20.0127
20.0127
20.0127
20.0127
20.0127
20.0097
20.0097
20.0097
20.0097
20.0097
20.0068
20.0068
20.0068
20.0068
20.0068
20.0042
20.0042
20.0042
20.0042
20.0042
20.0018
20.0018
20.0018
20.0018
20.0018
19.9997
19.9997
19.9997
19.9997
19.9997
19.998
19.998
19.998
19.998
19.998
19.9965
19.9965
19.9965
19.9965
19.9965
19.9954
19.9954
19.9954
19.9954
19.9954
19.9947
19.9947
19.9947
19.9947
19.9947
19.9944
19.9944
19.9944
19.9944
19.9944
19.9944
19.9944
19.9944
19.9944
19.9944
19.9948
19.9948
19.9948
19.9948
19.9948
19.9956
19.9956
19.9956
19.9956
19.9956
19.9968
19.9968
19.9968
19.9968
19.9968
19.9983
19.9983
19.9983
19.9983
19.9983
20.0001
20.0001
20.0001
20.0001
20.0001
20.0022
20.0021
20.0021
20.0021
20.0022
20.0044
20.0044
20.0044
20.0044
20.0044
20.0069
20.0068
20.0069
20.0068
20.0069
20.0972
20.0972
20.0972
20.0972
20.0972
20.0917
20.0917
20.0917
20.0917
20.0917
20.0863
20.0863
20.0863
20.0863
20.0863
20.0809
20.0809
20.0809
20.0809
20.0809
20.0757
20.0757
20.0757
20.0757
20.0757
20.0706
20.0706
20.0706
20.0706
20.0706
20.0656
20.0656
20.0656
20.0656
20.0656
20.0606
20.0606
20.0606
20.0606
20.0606
20.0558
20.0558
20.0558
20.0558
20.0558
20.051
20.051
20.051
20.051
20.051
20.0463
20.0463
20.0463
20.0463
20.0463
20.0417
20.0417
20.0417
20.0417
20.0417
20.0371
20.0371
20.0371
20.0371
20.0371
20.0327
20.0327
20.0327
20.0327
20.0327
20.0283
20.0283
20.0283
20.0283
20.0283
20.024
20.024
20.024
20.024
20.024
20.0198
20.0198
20.0198
20.0198
20.0198
20.0157
20.0157
20.0157
20.0157
20.0157
20.0117
20.0117
20.0117
20.0117
20.0117
20.0078
20.0078
20.0078
20.0078
20.0078
20.0041
20.0041
20.0041
20.0041
20.0041
20.0004
20.0004
20.0004
20.0004
20.0004
19.997
19.997
19.997
19.997
19.997
19.9937
19.9938
19.9938
19.9938
19.9937
19.9907
19.9907
19.9907
19.9907
19.9907
19.9879
19.9879
19.9879
19.9879
19.9879
19.9854
19.9854
19.9854
19.9854
19.9854
19.9831
19.9832
19.9832
19.9832
19.9831
19.9813
19.9813
19.9813
19.9813
19.9813
19.9797
19.9797
19.9797
19.9797
19.9797
19.9786
19.9786
19.9786
19.9786
19.9786
19.9779
19.9779
19.9779
19.9779
19.9779
19.9776
19.9775
19.9775
19.9775
19.9776
19.9777
19.9777
19.9777
19.9777
19.9777
19.9783
19.9782
19.9782
19.9782
19.9783
19.9792
19.9792
19.9792
19.9792
19.9792
19.9806
19.9805
19.9805
19.9805
19.9806
19.9823
19.9822
19.9822
19.9822
19.9823
19.9844
19.9842
19.9842
19.9842
19.9844
20.0972
20.0972
20.0972
20.0972
20.0972
20.0916
20.0916
20.0916
20.0916
20.0916
20.0861
20.0861
20.0861
20.0861
20.0861
20.0807
20.0807
20.0807
20.0807
20.0807
20.0753
20.0753
20.0753
20.0753
20.0753
20.0701
20.0701
20.0701
20.0701
20.0701
20.0649
20.0649
20.0649
20.0649
20.0649
20.0599
20.0599
20.0599
20.0599
20.0599
20.0548
20.0548
20.0548
20.0548
20.0548
20.0499
20.0499
20.0499
20.0499
20.0499
20.045
20.045
20.045
20.045
20.045
20.0401
20.0401
20.0401
20.0401
20.0401
20.0353
20.0353
20.0353
20.0353
20.0353
20.0306
20.0306
20.0306
20.0306
20.0306
20.0258
20.0258
20.0258
20.0258
20.0258
20.0211
20.0211
20.0211
20.0211
20.0211
20.0165
20.0165
20.0165
20.0165
20.0165
20.0118
20.0118
20.0118
20.0118
20.0118
20.0072
20.0072
20.0072
20.0072
20.0072
20.0026
20.0026
20.0026
20.0026
20.0026
19.9981
19.9981
19.9981
19.9981
19.9981
19.9936
19.9936
19.9936
19.9936
19.9936
19.9892
19.9892
19.9892
19.9892
19.9892
19.9849
19.9849
19.9849
19.9849
19.9849
19.9806
19.9807
19.9807
19.9807
19.9806
19.9766
19.9766
19.9766
19.9766
19.9766
19.9726
19.9727
19.9727
19.9727
19.9726
19.9689
19.9689
19.9689
19.9689
19.9689
19.9654
19.9655
19.9655
19.9655
19.9654
19.9623
19.9623
19.9623
19.9623
19.9623
19.9594
19.9595
19.9595
19.9595
19.9594
19.957
19.957
19.9571
19.957
19.957
19.9551
19.9551
19.9551
19.9551
19.9551
19.9537
19.9537
19.9537
19.9537
19.9537
19.9528
19.9529
19.9529
19.9529
19.9528
19.9527
19.9527
19.9528
19.9527
19.9527
19.9533
19.9534
19.9534
19.9534
19.9533
19.9547
19.9548
19.9549
19.9548
19.9547
19.9569
19.9571
19.9571
19.9571
19.9569
20.0971
20.0972
20.0972
20.0972
20.0971
20.0915
20.0915
20.0915
20.0915
20.0915
20.0859
20.0859
20.0859
20.0859
20.0859
20.0804
20.0804
20.0804
20.0804
20.0804
20.075
20.075
20.075
20.075
20.075
20.0696
20.0696
20.0696
20.0696
20.0696
20.0644
20.0644
20.0644
20.0644
20.0644
20.0591
20.0591
20.0591
20.0591
20.0591
20.054
20.054
20.054
20.054
20.054
20.0488
20.0488
20.0488
20.0488
20.0488
20.0437
20.0437
20.0437
20.0437
20.0437
20.0387
20.0387
20.0387
20.0387
20.0387
20.0336
20.0336
20.0336
20.0336
20.0336
20.0285
20.0285
20.0285
20.0285
20.0285
20.0234
20.0234
20.0234
20.0234
20.0234
20.0183
20.0183
20.0183
20.0183
20.0183
20.0131
20.0131
20.0131
20.0131
20.0131
20.0079
20.0079
20.0079
20.0079
20.0079
20.0026
20.0027
20.0027
20.0027
20.0026
19.9973
19.9973
19.9973
19.9973
19.9973
19.9919
19.9919
19.9919
19.9919
19.9919
19.9865
19.9865
19.9865
19.9865
19.9865
19.981
19.981
19.981
19.981
19.981
19.9754
19.9754
19.9754
19.9754
19.9754
19.9697
19.9698
19.9698
19.9698
19.9697
19.9641
19.9641
19.9641
19.9641
19.9641
19.9584
19.9584
19.9584
19.9584
19.9584
19.9528
19.9528
19.9528
19.9528
19.9528
19.9472
19.9472
19.9472
19.9472
19.9472
19.9417
19.9418
19.9418
19.9418
19.9417
19.9365
19.9365
19.9365
19.9365
19.9365
19.9315
19.9315
19.9315
19.9315
19.9315
19.9269
19.9269
19.9269
19.9269
19.9269
19.9227
19.9227
19.9227
19.9227
19.9227
19.9191
19.919
19.919
19.919
19.9191
19.9161
19.9158
19.9158
19.9158
19.9161
19.9138
19.9133
19.9133
19.9133
19.9138
19.9123
19.9117
19.9117
19.9117
19.9123
19.912
19.9112
19.9112
19.9112
19.912
20.0971
20.0971
20.0971
20.0971
20.0971
20.0913
20.0913
20.0913
20.0913
20.0913
20.0857
20.0857
20.0857
20.0857
20.0857
20.0801
20.0801
20.0801
20.0801
20.0801
20.0746
20.0746
20.0746
20.0746
20.0746
20.0692
20.0692
20.0692
20.0692
20.0692
20.0638
20.0638
20.0638
20.0638
20.0638
20.0585
20.0585
20.0585
20.0585
20.0585
20.0532
20.0532
20.0532
20.0532
20.0532
20.0479
20.0479
20.0479
20.0479
20.0479
20.0426
20.0426
20.0426
20.0426
20.0426
20.0373
20.0373
20.0373
20.0373
20.0373
20.0319
20.0319
20.0319
20.0319
20.0319
20.0266
20.0266
20.0266
20.0266
20.0266
20.0211
20.0211
20.0211
20.0211
20.0211
20.0156
20.0156
20.0156
20.0156
20.0156
20.0099
20.0099
20.0099
20.0099
20.0099
20.0041
20.0041
20.0041
20.0041
20.0041
19.9982
19.9982
19.9982
19.9982
19.9982
19.9921
19.9921
19.9921
19.9921
19.9921
19.9858
19.9858
19.9858
19.9858
19.9858
19.9793
19.9793
19.9793
19.9793
19.9793
19.9725
19.9726
19.9726
19.9726
19.9725
19.9655
19.9656
19.9656
19.9656
19.9655
19.9583
19.9583
19.9583
19.9583
19.9583
19.9507
19.9508
19.9508
19.9508
19.9507
19.9429
19.9429
19.9429
19.9429
19.9429
19.9348
19.9349
19.9349
19.9349
19.9348
19.9265
19.9266
19.9266
19.9266
19.9265
19.918
19.9181
19.9181
19.9181
19.918
19.9094
19.9095
19.9095
19.9095
19.9094
19.9008
19.9009
19.9009
19.9009
19.9008
19.8924
19.8925
19.8925
19.8925
19.8924
19.8844
19.8846
19.8846
19.8846
19.8844
19.8773
19.8776
19.8777
19.8776
19.8773
19.8715
19.8721
19.8721
19.8721
19.8715
19.8677
19.8685
19.8686
19.8685
19.8677
19.8665
19.8676
19.8677
19.8676
19.8665
19.8686
19.8699
19.8699
19.8699
19.8686
20.0971
20.0971
20.0971
20.0971
20.0971
20.0913
20.0913
20.0913
20.0913
20.0913
20.0855
20.0855
20.0855
20.0855
20.0855
20.0799
20.0799
20.0799
20.0799
20.0799
20.0743
20.0743
20.0743
20.0743
20.0743
20.0688
20.0688
20.0688
20.0688
20.0688
20.0633
20.0633
20.0633
20.0633
20.0633
20.0579
20.0579
20.0579
20.0579
20.0579
20.0525
20.0525
20.0525
20.0525
20.0525
20.047
20.047
20.047
20.047
20.047
20.0416
20.0416
20.0416
20.0416
20.0416
20.0361
20.0361
20.036
20.036
20.0361
20.0305
20.0305
20.0305
20.0305
20.0305
20.0248
20.0248
20.0248
20.0248
20.0248
20.019
20.019
20.019
20.019
20.019
20.0131
20.0131
20.0131
20.0131
20.0131
20.007
20.007
20.007
20.007
20.007
20.0007
20.0006
20.0006
20.0006
20.0007
19.9941
19.9941
19.9941
19.9941
19.9941
19.9872
19.9872
19.9872
19.9872
19.9872
19.98
19.98
19.98
19.98
19.98
19.9724
19.9724
19.9724
19.9724
19.9724
19.9643
19.9643
19.9643
19.9643
19.9643
19.9558
19.9558
19.9558
19.9558
19.9558
19.9467
19.9467
19.9467
19.9467
19.9467
19.937
19.937
19.937
19.937
19.937
19.9266
19.9267
19.9267
19.9267
19.9266
19.9155
19.9156
19.9156
19.9156
19.9155
19.9037
19.9038
19.9038
19.9038
19.9037
19.8911
19.8912
19.8912
19.8912
19.8911
19.8777
19.8778
19.8778
19.8778
19.8777
19.8636
19.8637
19.8637
19.8637
19.8636
19.8488
19.8488
19.8488
19.8488
19.8488
19.8332
19.8331
19.8331
19.8331
19.8332
19.8169
19.8165
19.8165
19.8165
19.8169
19.7996
19.7988
19.7987
19.7988
19.7996
19.7812
19.7797
19.7797
19.7797
19.7812
19.7626
19.7604
19.7604
19.7604
19.7626
19.7471
19.7443
19.7443
19.7443
19.7471
20.0971
20.0971
20.0971
20.0971
20.0971
20.0912
20.0912
20.0912
20.0912
20.0912
20.0854
20.0854
20.0854
20.0854
20.0854
20.0797
20.0797
20.0797
20.0797
20.0797
20.0741
20.0741
20.0741
20.0741
20.0741
20.0685
20.0685
20.0685
20.0685
20.0685
20.0629
20.0629
20.0629
20.0629
20.0629
20.0574
20.0574
20.0574
20.0574
20.0574
20.0519
20.0519
20.0519
20.0519
20.0519
20.0463
20.0463
20.0463
20.0463
20.0463
20.0407
20.0407
20.0407
20.0407
20.0407
20.0351
20.0351
20.0351
20.0351
20.0351
20.0293
20.0293
20.0293
20.0293
20.0293
20.0234
20.0234
20.0234
20.0234
20.0234
20.0173
20.0173
20.0173
20.0173
20.0173
20.0111
20.011
20.011
20.011
20.0111
20.0045
20.0045
20.0045
20.0045
20.0045
19.9977
19.9977
19.9977
19.9977
19.9977
19.9906
19.9906
19.9905
19.9906
19.9906
19.983
19.983
19.983
19.983
19.983
19.9749
19.9749
19.9749
19.9749
19.9749
19.9663
19.9663
19.9662
19.9663
19.9663
19.957
19.9569
19.9569
19.9569
19.957
19.9469
19.9468
19.9468
19.9468
19.9469
19.9359
19.9359
19.9359
19.9359
19.9359
19.9238
19.9238
19.9238
19.9238
19.9238
19.9106
19.9106
19.9106
19.9106
19.9106
19.896
19.896
19.896
19.896
19.896
19.8799
19.88
19.88
19.88
19.8799
19.8621
19.8622
19.8622
19.8622
19.8621
19.8424
19.8426
19.8426
19.8426
19.8424
19.8208
19.8211
19.8211
19.8211
19.8208
19.7975
19.7979
19.7979
19.7979
19.7975
19.7727
19.7735
19.7735
19.7735
19.7727
19.7477
19.7489
19.749
19.7489
19.7477
19.7242
19.7262
19.7262
19.7262
19.7242
19.7049
19.7078
19.7079
19.7078
19.7049
19.6891
19.6924
19.6925
19.6924
19.6891
19.6855
19.6892
19.6892
19.6892
19.6855
20.0971
20.0971
20.0971
20.0971
20.0971
20.0911
20.0911
20.0911
20.0911
20.0911
20.0853
20.0853
20.0853
20.0853
20.0853
20.0796
20.0796
20.0796
20.0796
20.0796
20.0739
20.0739
20.0739
20.0739
20.0739
20.0683
20.0683
20.0683
20.0683
20.0683
20.0627
20.0627
20.0627
20.0627
20.0627
20.0571
20.0571
20.0571
20.0571
20.0571
20.0515
20.0515
20.0515
20.0515
20.0515
20.0459
20.0459
20.0459
20.0459
20.0459
20.0402
20.0402
20.0402
20.0402
20.0402
20.0344
20.0344
20.0344
20.0344
20.0344
20.0285
20.0285
20.0285
20.0285
20.0285
20.0224
20.0224
20.0224
20.0224
20.0224
20.0162
20.0162
20.0162
20.0162
20.0162
20.0097
20.0096
20.0096
20.0096
20.0097
20.0029
20.0028
20.0028
20.0028
20.0029
19.9957
19.9957
19.9957
19.9957
19.9957
19.9881
19.9881
19.9881
19.9881
19.9881
19.9799
19.9799
19.9799
19.9799
19.9799
19.9712
19.9712
19.9712
19.9712
19.9712
19.9617
19.9617
19.9617
19.9617
19.9617
19.9513
19.9513
19.9513
19.9513
19.9513
19.9399
19.9398
19.9399
19.9398
19.9399
19.9272
19.9271
19.9271
19.9271
19.9272
19.9129
19.9129
19.9129
19.9129
19.9129
19.8969
19.8969
19.8969
19.8969
19.8969
19.8786
19.8786
19.8786
19.8786
19.8786
19.8578
19.8578
19.8578
19.8578
19.8578
19.8337
19.8338
19.8338
19.8338
19.8337
19.8059
19.806
19.806
19.806
19.8059
19.7736
19.7737
19.7738
19.7737
19.7736
19.7358
19.736
19.736
19.736
19.7358
19.6914
19.6914
19.6914
19.6914
19.6914
19.6381
19.6377
19.6376
19.6377
19.6381
19.5719
19.5704
19.5702
19.5704
19.5719
19.4833
19.4803
19.4801
19.4803
19.4833
19.3705
19.3669
19.3667
19.3669
19.3705
19.2289
19.2232
19.2233
19.2232
19.2289
20.097
20.097
20.097
20.097
20.097
20.0911
20.0911
20.0911
20.0911
20.0911
20.0853
20.0853
20.0853
20.0853
20.0853
20.0795
20.0795
20.0795
20.0795
20.0795
20.0738
20.0738
20.0738
20.0738
20.0738
20.0682
20.0682
20.0682
20.0682
20.0682
20.0626
20.0626
20.0626
20.0626
20.0626
20.057
20.0569
20.0569
20.0569
20.057
20.0513
20.0513
20.0513
20.0513
20.0513
20.0457
20.0457
20.0457
20.0457
20.0457
20.0399
20.0399
20.0399
20.0399
20.0399
20.0341
20.0341
20.0341
20.0341
20.0341
20.0282
20.0281
20.0281
20.0281
20.0282
20.022
20.022
20.022
20.022
20.022
20.0157
20.0156
20.0156
20.0156
20.0157
20.009
20.009
20.009
20.009
20.009
20.0021
20.0021
20.0021
20.0021
20.0021
19.9948
19.9947
19.9947
19.9947
19.9948
19.9869
19.9869
19.9869
19.9869
19.9869
19.9785
19.9784
19.9784
19.9784
19.9785
19.9694
19.9693
19.9693
19.9693
19.9694
19.9594
19.9593
19.9593
19.9593
19.9594
19.9483
19.9482
19.9482
19.9482
19.9483
19.936
19.9359
19.9359
19.9359
19.936
19.9222
19.922
19.922
19.922
19.9222
19.9063
19.9061
19.9061
19.9061
19.9063
19.8881
19.8878
19.8878
19.8878
19.8881
19.8668
19.8665
19.8665
19.8665
19.8668
19.8417
19.8413
19.8414
19.8413
19.8417
19.8116
19.8112
19.8113
19.8112
19.8116
19.7752
19.7747
19.7748
19.7747
19.7752
19.7306
19.7301
19.7303
19.7301
19.7306
19.6754
19.6752
19.6753
19.6752
19.6754
19.6071
19.6075
19.6076
19.6075
19.6071
19.5252
19.5268
19.5271
19.5268
19.5252
19.4316
19.435
19.4352
19.435
19.4316
19.3431
19.3501
19.3503
19.3501
19.3431
19.2305
19.2364
19.2364
19.2364
19.2305
19.1858
19.1999
19.2
19.1999
19.1858
20.0971
20.0971
20.0971
20.0971
20.0971
20.0911
20.0911
20.0911
20.0911
20.0911
20.0853
20.0853
20.0853
20.0853
20.0853
20.0795
20.0795
20.0795
20.0795
20.0795
20.0739
20.0739
20.0739
20.0739
20.0739
20.0683
20.0683
20.0683
20.0683
20.0683
20.0627
20.0627
20.0627
20.0627
20.0627
20.0571
20.0571
20.0571
20.0571
20.0571
20.0515
20.0515
20.0515
20.0515
20.0515
20.0459
20.0459
20.0459
20.0459
20.0459
20.0402
20.0402
20.0402
20.0402
20.0402
20.0345
20.0345
20.0345
20.0345
20.0345
20.0286
20.0286
20.0286
20.0286
20.0286
20.0225
20.0225
20.0225
20.0225
20.0225
20.0163
20.0163
20.0163
20.0163
20.0163
20.0098
20.0098
20.0098
20.0098
20.0098
20.003
20.003
20.003
20.003
20.003
19.9958
19.9958
19.9958
19.9958
19.9958
19.9881
19.9881
19.9881
19.9881
19.9881
19.98
19.9799
19.9799
19.9799
19.98
19.9711
19.9711
19.9711
19.9711
19.9711
19.9614
19.9614
19.9614
19.9614
19.9614
19.9507
19.9507
19.9507
19.9507
19.9507
19.9388
19.9388
19.9388
19.9388
19.9388
19.9253
19.9253
19.9253
19.9253
19.9253
19.9099
19.9099
19.9099
19.9099
19.9099
19.8921
19.8921
19.8921
19.8921
19.8921
19.871
19.871
19.871
19.871
19.871
19.8458
19.8457
19.8458
19.8457
19.8458
19.8148
19.8148
19.8148
19.8148
19.8148
19.7759
19.7759
19.7759
19.7759
19.7759
19.7257
19.7255
19.7256
19.7255
19.7257
19.6584
19.6582
19.6583
19.6582
19.6584
19.5644
19.5639
19.5641
19.5639
19.5644
19.4239
19.4229
19.4231
19.4229
19.4239
19.2001
19.1993
19.1993
19.1993
19.2001
18.7878
18.787
18.7868
18.787
18.7878
18.0799
18.0824
18.0812
18.0824
18.0799
16.5354
16.5277
16.5252
16.5277
16.5354
20.0565
20.0565
20.0565
20.0565
20.0565
20.0603
20.0603
20.0603
20.0603
20.0603
20.0622
20.0622
20.0622
20.0622
20.0622
20.0632
20.0632
20.0632
20.0632
20.0632
20.0622
20.0622
20.0622
20.0622
20.0622
20.0589
20.0589
20.0589
20.0589
20.0589
20.053
20.0529
20.0529
20.0529
20.053
20.0441
20.044
20.044
20.044
20.0441
20.0317
20.0316
20.0316
20.0316
20.0317
20.0157
20.0157
20.0157
20.0157
20.0157
19.9936
19.9934
19.9933
19.9934
19.9936
19.9688
19.9691
19.9691
19.9691
19.9688
19.9254
19.9246
19.9246
19.9246
19.9254
19.8932
19.8943
19.8944
19.8943
19.8932
19.7861
19.7838
19.7839
19.7838
19.7861
19.7367
19.7391
19.7392
19.7391
19.7367
19.4138
19.4116
19.4118
19.4116
19.4138
18.962
18.9619
18.9622
18.9619
18.962
16.4288
16.4261
16.4243
16.4261
16.4288
20.055
20.055
20.055
20.055
20.055
20.0589
20.0589
20.0589
20.0589
20.0589
20.0607
20.0607
20.0607
20.0607
20.0607
20.0616
20.0616
20.0616
20.0616
20.0616
20.0606
20.0606
20.0605
20.0606
20.0606
20.0572
20.0572
20.0572
20.0572
20.0572
20.0512
20.0511
20.0511
20.0511
20.0512
20.0422
20.0422
20.0422
20.0422
20.0422
20.0297
20.0297
20.0297
20.0297
20.0297
20.0136
20.0136
20.0136
20.0136
20.0136
19.9911
19.9909
19.9909
19.9909
19.9911
19.9656
19.9659
19.9659
19.9659
19.9656
19.9202
19.9193
19.9193
19.9193
19.9202
19.8857
19.8868
19.8869
19.8868
19.8857
19.7671
19.7647
19.7648
19.7647
19.7671
19.697
19.6978
19.6979
19.6978
19.697
19.3327
19.333
19.3332
19.333
19.3327
18.4392
18.4373
18.4381
18.4373
18.4392
17.399
17.428
17.4271
17.428
17.399
20.0535
20.0535
20.0535
20.0535
20.0535
20.0574
20.0574
20.0574
20.0574
20.0574
20.0592
20.0591
20.0591
20.0591
20.0592
20.06
20.06
20.06
20.06
20.06
20.0588
20.0588
20.0588
20.0588
20.0588
20.0553
20.0553
20.0553
20.0553
20.0553
20.0493
20.0492
20.0492
20.0492
20.0493
20.0402
20.0402
20.0402
20.0402
20.0402
20.0277
20.0277
20.0276
20.0277
20.0277
20.0114
20.0114
20.0114
20.0114
20.0114
19.9887
19.9885
19.9885
19.9885
19.9887
19.9626
19.9628
19.9629
19.9628
19.9626
19.9159
19.915
19.915
19.915
19.9159
19.8793
19.8806
19.8806
19.8806
19.8793
19.751
19.7483
19.7485
19.7483
19.751
19.6868
19.6884
19.6884
19.6884
19.6868
19.2439
19.2426
19.2429
19.2426
19.2439
18.3921
18.3902
18.3908
18.3902
18.3921
16.5957
16.6206
16.6196
16.6206
16.5957
20.052
20.052
20.052
20.052
20.052
20.0558
20.0559
20.0558
20.0559
20.0558
20.0576
20.0575
20.0575
20.0575
20.0576
20.0583
20.0583
20.0583
20.0583
20.0583
20.057
20.057
20.057
20.057
20.057
20.0534
20.0534
20.0534
20.0534
20.0534
20.0472
20.0472
20.0472
20.0472
20.0472
20.0382
20.0382
20.0381
20.0382
20.0382
20.0256
20.0256
20.0256
20.0256
20.0256
20.0092
20.0092
20.0092
20.0092
20.0092
19.9865
19.9863
19.9863
19.9863
19.9865
19.9597
19.9599
19.96
19.9599
19.9597
19.9132
19.9123
19.9123
19.9123
19.9132
19.8737
19.875
19.8751
19.875
19.8737
19.7429
19.74
19.7401
19.74
19.7429
19.6899
19.6932
19.6932
19.6932
19.6899
19.1812
19.1758
19.1761
19.1758
19.1812
18.8039
18.8037
18.8038
18.8037
18.8039
14.9086
14.8925
14.8901
14.8925
14.9086
4.07293
4.00751
4.00349
4.00752
4.07294
7.56975
7.51055
7.50535
7.51055
7.56976
8.31542
8.25597
8.25021
8.25597
8.31542
5.98799
5.9297
5.92544
5.9297
5.988
1.61952
1.61615
1.61611
1.61615
1.61952
3.49208
3.4565
3.45449
3.4565
3.49208
3.97913
3.93951
3.93697
3.93951
3.97913
2.7738
2.76581
2.76516
2.76581
2.7738
1.17151
1.18961
1.19099
1.18961
1.17152
1.63541
1.65292
1.65508
1.65292
1.63542
1.84996
1.86567
1.86768
1.86567
1.84996
1.65964
1.67761
1.67911
1.67761
1.65964
0.491166
0.498316
0.498894
0.498316
0.491167
0.614295
0.631539
0.633043
0.63154
0.614296
0.673256
0.691364
0.692961
0.691364
0.673257
0.620227
0.629785
0.630623
0.629785
0.620227
20.0671
20.0671
20.0671
20.0671
20.0671
20.0698
20.0698
20.0698
20.0698
20.0698
20.0721
20.0721
20.0721
20.0721
20.0721
20.0736
20.0736
20.0736
20.0736
20.0736
20.0732
20.0733
20.0733
20.0733
20.0732
20.0705
20.0706
20.0706
20.0706
20.0705
20.0651
20.0652
20.0652
20.0652
20.0651
20.0567
20.0568
20.0568
20.0568
20.0567
20.0452
20.0453
20.0453
20.0453
20.0452
20.0303
20.0304
20.0304
20.0304
20.0303
20.0117
20.0118
20.0117
20.0118
20.0117
19.9898
19.99
19.99
19.99
19.9898
19.9634
19.9633
19.9632
19.9633
19.9634
19.9374
19.9379
19.9379
19.9379
19.9374
19.9044
19.9035
19.9035
19.9035
19.9044
19.8852
19.8858
19.8859
19.8858
19.8852
19.857
19.8558
19.8558
19.8558
19.857
19.8475
19.8472
19.8473
19.8472
19.8475
19.8463
19.8457
19.8457
19.8457
19.8463
20.0624
20.0623
20.0623
20.0623
20.0624
20.0654
20.0654
20.0654
20.0654
20.0654
20.0673
20.0672
20.0672
20.0672
20.0673
20.0683
20.0682
20.0682
20.0682
20.0683
20.0676
20.0675
20.0675
20.0675
20.0676
20.0645
20.0644
20.0644
20.0644
20.0645
20.0588
20.0587
20.0587
20.0587
20.0588
20.0502
20.05
20.05
20.05
20.0502
20.0383
20.0381
20.0381
20.0381
20.0383
20.0229
20.0228
20.0228
20.0228
20.0229
20.0033
20.0031
20.0031
20.0031
20.0033
19.9806
19.9807
19.9807
19.9807
19.9806
19.9509
19.9504
19.9504
19.9504
19.9509
19.925
19.9259
19.9259
19.9259
19.925
19.8839
19.8827
19.8826
19.8827
19.8839
19.8737
19.8757
19.8758
19.8757
19.8737
19.8329
19.8307
19.8306
19.8307
19.8329
19.8656
19.8693
19.8693
19.8693
19.8656
19.7854
19.7837
19.7837
19.7837
19.7854
20.0599
20.0599
20.0599
20.0599
20.0599
20.0634
20.0634
20.0634
20.0634
20.0634
20.0653
20.0653
20.0653
20.0653
20.0653
20.0664
20.0664
20.0664
20.0664
20.0664
20.0655
20.0656
20.0656
20.0656
20.0655
20.0624
20.0624
20.0624
20.0624
20.0624
20.0566
20.0566
20.0566
20.0566
20.0566
20.0479
20.0479
20.0479
20.0479
20.0479
20.0358
20.0358
20.0357
20.0358
20.0358
20.0201
20.0201
20.0201
20.0201
20.0201
19.9994
19.9993
19.9993
19.9993
19.9994
19.9757
19.976
19.976
19.976
19.9757
19.9402
19.9395
19.9395
19.9395
19.9402
19.9112
19.9124
19.9124
19.9124
19.9112
19.8414
19.8395
19.8395
19.8395
19.8414
19.8202
19.8229
19.8229
19.8229
19.8202
19.6824
19.6802
19.6804
19.6802
19.6824
19.7099
19.7134
19.7129
19.7134
19.7099
19.3745
19.3731
19.3719
19.3731
19.3745
20.058
20.058
20.058
20.058
20.058
20.0617
20.0618
20.0617
20.0618
20.0617
20.0637
20.0636
20.0636
20.0636
20.0637
20.0647
20.0647
20.0647
20.0647
20.0647
20.0638
20.0638
20.0638
20.0638
20.0638
20.0606
20.0606
20.0606
20.0606
20.0606
20.0547
20.0547
20.0547
20.0547
20.0547
20.0459
20.0459
20.0459
20.0459
20.0459
20.0336
20.0336
20.0336
20.0336
20.0336
20.0178
20.0178
20.0178
20.0178
20.0178
19.9962
19.996
19.996
19.996
19.9962
19.972
19.9723
19.9723
19.9723
19.972
19.9318
19.931
19.931
19.931
19.9318
19.9013
19.9025
19.9026
19.9025
19.9013
19.8088
19.8067
19.8068
19.8067
19.8088
19.7816
19.785
19.785
19.785
19.7816
19.5044
19.5016
19.5019
19.5016
19.5044
19.5492
19.56
19.5599
19.56
19.5492
18.0087
18.0084
18.0064
18.0084
18.0087
)
;

boundaryField
{
    empty
    {
        type            empty;
    }
    top
    {
        type            fixedValue;
        value           uniform 20.1;
    }
    fixedwall
    {
        type            zeroGradient;
    }
    outlet
    {
        type            fixedValue;
        value           uniform 0;
    }
}


// ************************************************************************* //
