/*--------------------------------*- C++ -*----------------------------------*\
  =========                 |
  \\      /  F ield         | OpenFOAM: The Open Source CFD Toolbox
   \\    /   O peration     | Website:  https://openfoam.org
    \\  /    A nd           | Version:  9
     \\/     M anipulation  |
\*---------------------------------------------------------------------------*/
FoamFile
{
    format      ascii;
    class       volScalarField;
    location    "1.5";
    object      epsilon;
}
// * * * * * * * * * * * * * * * * * * * * * * * * * * * * * * * * * * * * * //

dimensions      [0 2 -3 0 0 0 0];

internalField   nonuniform List<scalar> 
4545
(
0.00561164
0.0256687
0.0055734
0.0256659
0.00561145
0.306737
1.01662
0.370875
1.01657
0.306707
3.79012
5.6132
3.69063
5.61304
3.78993
11.0169
11.3512
8.91572
11.351
11.0167
16.829
16.1258
13.3697
16.1257
16.8287
21.0529
19.8451
16.9104
19.8449
21.0526
24.1582
22.7094
19.6724
22.7092
24.158
26.4925
24.9171
21.8191
24.917
26.4923
28.2557
26.6116
23.4794
26.6115
28.2572
29.5736
27.8968
24.748
27.8979
29.5766
30.5384
28.8477
25.698
28.8505
30.5439
31.2181
29.5252
26.3865
29.5286
31.229
31.6826
29.979
26.8572
29.9808
31.6809
31.9428
30.2435
27.1454
30.2473
31.9573
32.0324
30.342
27.2752
30.3471
32.0538
32.0181
30.3242
27.2821
30.3278
32.0198
31.8956
30.2016
27.195
30.2049
31.9091
31.6659
29.9595
26.9904
29.9614
31.6808
31.3477
29.6328
26.6998
29.6327
31.3486
30.944
29.2273
26.3373
29.2235
30.935
30.4618
28.7537
25.911
28.7496
30.4524
29.9291
28.2212
25.4255
28.2184
29.9169
29.3589
27.6387
24.8882
27.635
29.3504
28.7301
27.0068
24.3114
27.0031
28.7249
28.0482
26.3297
23.7022
26.3267
28.0348
27.3263
25.6157
23.0581
25.6147
27.3221
26.5715
24.8694
22.384
24.8704
26.5823
25.8125
24.0967
21.6818
24.0944
25.803
25.0237
23.2956
20.9541
23.2911
25.0055
24.1928
22.4677
20.2047
22.4645
24.1811
23.3486
21.6191
19.4366
21.6167
23.3373
22.4825
20.7523
18.6523
20.7509
22.4818
21.6004
19.8704
17.8543
19.8696
21.5971
20.6979
18.9759
17.0441
18.9757
20.6969
19.782
18.0707
16.2222
18.0707
19.7819
18.8538
17.1551
15.3875
17.155
18.8537
17.9136
16.2262
14.5367
16.2262
17.9136
16.9602
15.2721
13.663
15.2721
16.9601
15.9734
14.2582
12.7578
14.2582
15.9733
0.399146
1.80427
0.223857
1.80414
0.399114
5.07661
6.28334
2.85651
6.28321
5.0764
12.0775
11.0705
7.39204
11.0705
12.0774
16.5085
14.6544
11.0372
14.6544
16.5085
19.4897
17.2689
13.7551
17.269
19.4897
21.5586
19.1624
15.748
19.1625
21.5587
23.0212
20.5363
17.2095
20.5364
23.0213
24.0577
21.5253
18.2787
21.5254
24.0579
24.7847
22.2265
19.0541
22.2269
24.7854
25.2762
22.7048
19.6034
22.7059
25.2771
25.5875
23.0126
19.977
23.0141
25.5791
25.746
23.1864
20.2121
23.189
25.7419
25.8019
23.2557
20.3365
23.2583
25.8031
25.7842
23.2395
20.3702
23.2432
25.7847
25.6953
23.1544
20.3317
23.1589
25.6981
25.5389
23.0085
20.231
23.0101
25.5272
25.3309
22.8139
20.078
22.815
25.3151
25.0703
22.5747
19.8785
22.5762
25.0695
24.7675
22.2967
19.639
22.2967
24.7687
24.4373
21.9842
19.3644
21.982
24.4316
24.0804
21.6422
19.06
21.6388
24.0661
23.7051
21.2759
18.7294
21.2709
23.6716
23.2975
20.8876
18.3763
20.8835
23.2744
22.855
20.4776
18.003
20.4743
22.84
22.3916
20.0486
17.6122
20.0441
22.3578
21.9108
19.604
17.2062
19.6009
21.8811
21.4102
19.1462
16.7863
19.145
21.3914
20.9091
18.6792
16.3539
18.6759
20.8765
20.3955
18.2012
15.91
18.1974
20.3684
19.8579
17.711
15.4554
17.7092
19.849
19.3152
17.2125
14.9913
17.2113
19.3008
18.7592
16.7062
14.519
16.7068
18.7575
18.1992
16.1935
14.0391
16.1948
18.205
17.6317
15.6744
13.5519
15.6755
17.6332
17.0503
15.1484
13.0569
15.1493
17.0516
16.4604
14.6144
12.5527
14.6151
16.4615
15.8618
14.0682
12.0354
14.0688
15.8626
15.2542
13.4976
11.4983
13.4979
15.2547
14.6107
12.8631
10.9342
12.8634
14.6111
1.22522
3.14653
0.675224
3.14634
1.22511
8.87733
8.58672
5.03552
8.5866
8.87706
15.2895
13.4611
9.98502
13.4611
15.2895
18.8397
16.6402
13.471
16.6403
18.8399
20.9437
18.7367
15.8542
18.7369
20.944
22.2854
20.1417
17.4879
20.1419
22.2857
23.165
21.0897
18.6145
21.0899
23.1653
23.7401
21.7239
19.3897
21.7241
23.7405
24.0978
22.1339
19.9135
22.1343
24.0985
24.297
22.3783
20.2518
22.3791
24.2982
24.3759
22.4971
20.4499
22.4984
24.3776
24.3622
22.5184
20.5396
22.5202
24.3648
24.2799
22.4662
20.5444
22.4684
24.2833
24.1371
22.3513
20.4833
22.3537
24.141
23.9473
22.1862
20.3637
22.1886
23.9516
23.7181
21.9806
20.1999
21.9827
23.7207
23.4555
21.7408
19.9978
21.7422
23.4573
23.1636
21.471
19.7626
21.4719
23.1654
22.8455
21.1751
19.4989
21.1754
22.8463
22.5037
20.8559
19.2103
20.8556
22.503
22.1407
20.5165
18.9001
20.5158
22.139
21.7597
20.1593
18.5709
20.1586
21.7568
21.3616
19.7864
18.225
19.7857
21.3593
20.9467
19.3991
17.864
19.3985
20.945
20.5169
18.999
17.4898
18.9986
20.5145
20.0739
18.5877
17.1039
18.5877
20.0724
19.6195
18.1667
16.7075
18.167
19.6192
19.1562
17.7369
16.3015
17.7371
19.155
18.6836
17.2989
15.8869
17.2993
18.6825
18.2014
16.8536
15.4643
16.8544
18.2017
17.7121
16.4021
15.0348
16.4033
17.7129
17.2164
15.9453
14.599
15.9468
17.2184
16.7158
15.4842
14.1577
15.4857
16.7183
16.2109
15.019
13.711
15.0204
16.2132
15.7019
14.5498
13.2586
14.551
15.7039
15.1894
14.0758
12.7997
14.0768
15.191
14.6735
13.5945
12.332
13.5954
14.6749
14.1557
13.0996
11.8529
13.1002
14.1569
13.6177
12.5699
11.3628
12.5705
13.6186
2.23286
4.47114
1.34131
4.47096
2.2327
11.4987
10.3364
6.85362
10.3363
11.4985
17.1488
15.0348
11.7917
15.0349
17.1489
20.2287
17.9811
15.1415
17.9813
20.229
21.9377
19.8186
17.3296
19.8189
21.9381
22.9456
20.9767
18.7591
20.977
22.9461
23.5486
21.7064
19.6948
21.7067
23.5491
23.8952
22.1542
20.3009
22.1546
23.8957
24.0691
22.4085
20.6789
22.409
24.0699
24.1187
22.524
20.8937
22.5246
24.1197
24.0794
22.5373
20.9882
22.5382
24.0809
23.9717
22.4759
20.9922
22.477
23.9736
23.8089
22.352
20.9273
22.3534
23.8112
23.6038
22.1803
20.804
22.1819
23.6064
23.364
21.97
20.6361
21.9715
23.3667
23.0954
21.7282
20.4321
21.7296
23.0977
22.8024
21.4599
20.1974
21.4611
22.8044
22.4882
21.1689
19.9366
21.1698
22.4899
22.1553
20.8582
19.6536
20.8589
22.1566
21.8051
20.5299
19.3511
20.5304
21.806
21.4395
20.1863
19.0316
20.1867
21.4401
21.0599
19.829
18.6971
19.8293
21.0604
20.6673
19.4593
18.3492
19.4597
20.6679
20.2626
19.0785
17.9894
19.079
20.2633
19.8467
18.6876
17.6188
18.6882
19.8476
19.4207
18.2876
17.2386
18.2883
19.4219
18.9855
17.8795
16.8497
17.8804
18.987
18.5422
17.4642
16.4529
17.4652
18.5437
18.0911
17.0423
16.0489
17.0434
18.0928
17.6332
16.6145
15.6385
16.6158
17.6352
17.1695
16.1816
15.2223
16.183
17.1717
16.7009
15.7444
14.8009
15.7459
16.7034
16.2286
15.3036
14.3748
15.3051
16.2311
15.7534
14.8598
13.9445
14.8612
15.7558
15.2764
14.4138
13.5103
14.4151
15.2786
14.7991
13.966
13.0725
13.9672
14.801
14.3241
13.5168
12.6312
13.5178
14.3258
13.857
13.0644
12.1872
13.0653
13.8586
13.39
12.5984
11.7461
12.5992
13.3914
3.30903
5.45127
2.08372
5.45112
3.30879
13.1805
11.587
8.20047
11.587
13.1804
18.3048
16.091
13.045
16.0912
18.3049
21.092
18.87
16.2633
18.8703
21.0924
22.5955
20.5575
18.318
20.5578
22.596
23.4352
21.5786
19.6194
21.579
23.4358
23.8958
22.1863
20.4378
22.1867
23.8964
24.1218
22.5279
20.9394
22.5283
24.1225
24.1936
22.6911
21.2266
22.6916
24.1943
24.1617
22.7304
21.364
22.731
24.1626
24.0553
22.6827
21.3936
22.6834
24.0564
23.8904
22.5674
21.3441
22.5682
23.8918
23.682
22.3999
21.2312
22.4009
23.6836
23.4402
22.1931
21.07
22.1942
23.442
23.1712
21.9545
20.8709
21.9556
23.1731
22.8797
21.6903
20.6413
21.6914
22.8815
22.5693
21.4046
20.3861
21.4056
22.571
22.2427
21.1007
20.1095
21.1017
22.2443
21.9019
20.7813
19.8147
20.7822
21.9035
21.5482
20.4481
19.5041
20.4489
21.5496
21.1828
20.1028
19.1798
20.1036
21.1842
20.8067
19.7467
18.8434
19.7475
20.8081
20.4207
19.3809
18.4963
19.3818
20.4221
20.0255
19.0063
18.1395
19.0072
20.027
19.6217
18.6238
17.774
18.6247
19.6233
19.2099
18.2339
17.4007
18.235
19.2117
18.7909
17.8375
17.0201
17.8386
18.7928
18.3651
17.435
16.633
17.4362
18.3671
17.9331
17.0269
16.2398
17.0282
17.9352
17.4953
16.6138
15.8409
16.6151
17.4976
17.0525
16.1959
15.4367
16.1974
17.0549
16.6054
15.774
15.0277
15.7755
16.6079
16.1548
15.3487
14.6144
15.3502
16.1573
15.7017
14.9209
14.1975
14.9223
15.7041
15.2475
14.4916
13.7777
14.4929
15.2498
14.7946
14.0625
13.3562
14.0638
14.7968
14.3468
13.6356
12.935
13.6368
14.3489
13.913
13.2125
12.5173
13.2136
13.9149
13.4913
12.789
12.1109
12.79
13.493
4.44997
6.21699
2.81015
6.21688
4.44972
14.2221
12.4435
9.14646
12.4436
14.2221
19.0509
16.8089
13.9084
16.8092
19.0512
21.6562
19.4711
17.0227
19.4715
21.6567
23.0418
21.065
18.9852
21.0654
23.0425
23.7903
22.0063
20.2054
22.0068
23.791
24.1736
22.5438
20.9514
22.5442
24.1744
24.333
22.8235
21.3888
22.824
24.3337
24.3472
22.9328
21.6199
22.9334
24.3481
24.2697
22.9268
21.7091
22.9274
24.2706
24.121
22.8411
21.6981
22.8418
24.1221
23.9227
22.6923
21.6137
22.693
23.9238
23.687
22.498
21.4707
22.4987
23.6883
23.4232
22.2694
21.2856
22.2702
23.4246
23.137
22.0135
21.067
22.0143
23.1385
22.8324
21.7358
20.8217
21.7367
22.834
22.5129
21.4403
20.5546
21.4412
22.5144
22.1806
21.1299
20.2693
21.1308
22.1822
21.8376
20.807
19.969
20.8079
21.8392
21.4849
20.4732
19.6557
20.4741
21.4865
21.1235
20.13
19.3315
20.131
21.1251
20.7544
19.7786
18.9976
19.7796
20.756
20.3781
19.4198
18.6553
19.4208
20.3798
19.9952
19.0544
18.3054
19.0554
19.997
19.6061
18.683
17.9489
18.6841
19.608
19.2113
18.3061
17.5863
18.3072
19.2132
18.811
17.9241
17.218
17.9253
18.813
18.4054
17.5373
16.8444
17.5385
18.4076
17.9949
17.1459
16.4657
17.1472
17.9971
17.5796
16.7501
16.0821
16.7515
17.5819
17.1597
16.3501
15.6937
16.3516
17.1621
16.7355
15.9462
15.3007
15.9477
16.738
16.3076
15.5389
14.9033
15.5403
16.3101
15.8768
15.1288
14.5023
15.1302
15.8793
15.4447
14.7175
14.0987
14.7189
15.4472
15.0144
14.3072
13.6943
14.3086
15.0168
14.5915
13.901
13.2919
13.9024
14.5939
14.1861
13.5022
12.8957
13.5035
14.1884
13.7991
13.1085
12.5144
13.1097
13.8013
5.36023
6.77822
3.38388
6.77814
5.35998
14.8881
13.0105
9.79127
13.0106
14.8881
19.5312
17.284
14.4877
17.2844
19.5315
22.0237
19.8698
17.5285
19.8703
22.0243
23.3403
21.4062
19.4303
21.4066
23.3411
24.0382
22.301
20.6002
22.3015
24.039
24.3793
22.7985
21.3027
22.799
24.3801
24.5015
23.0428
21.7018
23.0433
24.5024
24.4845
23.121
21.8992
23.1215
24.4854
24.3796
23.0893
21.9595
23.0898
24.3805
24.2071
22.9796
21.9239
22.9802
24.2081
23.989
22.8111
21.8171
22.8118
23.99
23.7372
22.6008
21.6565
22.6015
23.7383
23.4609
22.3594
21.4569
22.3602
23.4621
23.1653
22.0938
21.2269
22.0945
23.1666
22.8544
21.8092
20.9732
21.81
22.8558
22.5314
21.5094
20.7003
21.5102
22.5328
22.1986
21.1973
20.4119
21.1982
22.2
21.8577
20.8752
20.1109
20.8761
21.8592
21.5099
20.5447
19.7994
20.5456
21.5114
21.1562
20.2073
19.4794
20.2082
21.1578
20.7975
19.864
19.1521
19.865
20.7991
20.4344
19.5157
18.8187
19.5167
20.4361
20.0673
19.1631
18.48
19.1642
20.0691
19.6968
18.8068
18.1368
18.8079
19.6987
19.323
18.4471
17.7896
18.4483
19.325
18.9463
18.0843
17.4386
18.0855
18.9483
18.5664
17.7183
17.0839
17.7196
18.5686
18.1833
17.3492
16.7254
17.3505
18.1856
17.7968
16.9767
16.3631
16.9781
17.7991
17.4064
16.6006
15.9965
16.6021
17.4089
17.012
16.2207
15.6254
16.2222
17.0146
16.6135
15.837
15.2498
15.8385
16.6161
16.2112
15.4499
14.87
15.4514
16.2138
15.8065
15.0607
14.4869
15.0622
15.8092
15.4024
14.6717
14.1023
14.6733
15.4051
15.0046
14.2863
13.7193
14.2879
15.0073
14.6242
13.9083
13.3424
13.9098
14.6268
14.263
13.5366
12.9802
13.5381
14.2656
5.96548
7.14974
3.77349
7.14967
5.96524
15.2912
13.3603
10.1973
13.3605
15.2913
19.823
17.578
14.8504
17.5783
19.8234
22.2502
20.1187
17.8461
20.1192
22.2508
23.5287
21.6223
19.7118
21.6229
23.5294
24.1996
22.4919
20.8529
22.4924
24.2005
24.5186
22.9679
21.531
22.9684
24.5195
24.6213
23.1931
21.9087
23.1937
24.6222
24.5883
23.2546
22.0873
23.2552
24.5891
24.468
23.2087
22.1312
23.2092
24.4689
24.2827
23.0856
22.0818
23.0862
24.2836
24.0539
22.9064
21.9623
22.9071
24.0549
23.7939
22.6876
21.792
22.6882
23.7949
23.5114
22.4398
21.5849
22.4405
23.5125
23.2119
22.1698
21.3495
22.1705
23.2131
22.8995
21.883
21.0924
21.8837
22.9007
22.5772
21.583
20.8183
21.5838
22.5785
22.2474
21.2729
20.5309
21.2737
22.2488
21.9121
20.955
20.233
20.9558
21.9135
21.5724
20.6309
19.9269
20.6318
21.5739
21.2295
20.3023
19.6145
20.3032
21.2311
20.8845
19.9702
19.2972
19.9712
20.8861
20.538
19.6357
18.9763
19.6367
20.5397
20.1906
19.2995
18.6526
19.3006
20.1924
19.8428
18.9621
18.3269
18.9632
19.8447
19.4948
18.6239
17.9995
18.6251
19.4967
19.1466
18.2851
17.6708
18.2863
19.1486
18.7981
17.9454
17.3405
17.9466
18.8002
18.4487
17.6045
17.0085
17.6058
18.451
18.0977
17.2618
16.674
17.2632
18.1001
17.7444
16.9166
16.3363
16.9181
17.7469
17.3876
16.5681
15.9947
16.5696
17.3902
17.0265
16.2156
15.6483
16.2171
17.0292
16.6607
15.8589
15.297
15.8605
16.6635
16.2908
15.4986
14.941
15.5002
16.2937
15.9192
15.1365
14.5817
15.1382
15.9222
15.5513
14.7756
14.2217
14.7773
15.5543
15.198
14.4196
13.8652
14.4213
15.201
14.8617
14.0675
13.5202
14.0692
14.8646
6.26802
7.3374
3.97428
7.33734
6.26779
15.49
13.5346
10.4037
13.5348
15.4901
19.9702
17.7278
15.0381
17.7282
19.9706
22.368
20.2492
18.0139
20.2496
22.3687
23.6299
21.7389
19.8637
21.7394
23.6308
24.2894
22.5976
20.992
22.5982
24.2903
24.5989
23.0644
21.6591
23.0649
24.5999
24.6931
23.2812
22.0271
23.2818
24.694
24.6529
23.3352
22.197
23.3358
24.6538
24.5257
23.2829
22.2334
23.2834
24.5266
24.3348
23.1539
22.1775
23.1545
24.3357
24.1017
22.9702
22.0525
22.9707
24.1026
23.8386
22.7481
21.8783
22.7487
23.8396
23.5546
22.4985
21.6687
22.4991
23.5557
23.2552
22.2281
21.4323
22.2287
23.2563
22.9446
21.9423
21.1757
21.943
22.9457
22.626
21.6452
20.9038
21.646
22.6272
22.3019
21.3397
20.6202
21.3405
22.3032
21.9744
21.0284
20.3282
21.0292
21.9758
21.6451
20.713
20.03
20.7138
21.6465
21.3152
20.3954
19.7278
20.3963
21.3167
20.9862
20.0769
19.4231
20.0779
20.9877
20.6588
19.7587
19.1174
19.7597
20.6604
20.3339
19.4416
18.8117
19.4426
20.3356
20.0121
19.1263
18.5068
19.1274
20.0139
19.6937
18.8134
18.2032
18.8145
19.6956
19.3789
18.5029
17.9013
18.5041
19.3809
19.0674
18.1948
17.6009
18.196
19.0696
18.7586
17.8883
17.3014
17.8897
18.7608
18.4512
17.5827
17.002
17.5841
18.4536
18.144
17.2766
16.7013
17.2781
18.1465
17.835
16.9685
16.3979
16.9701
17.8377
17.5224
16.6569
16.0903
16.6586
17.5252
17.2046
16.3406
15.7772
16.3423
17.2076
16.8809
16.019
15.4577
16.0208
16.884
16.5524
15.6928
15.1322
15.6946
16.5556
16.2234
15.3639
14.8021
15.3657
16.2267
15.9042
15.0351
14.4708
15.0369
15.9075
15.5964
14.7046
14.1452
14.7064
15.5996
6.28705
7.35215
3.99306
7.35209
6.28681
15.5144
13.5566
10.4335
13.5568
15.5145
19.9956
17.7542
15.0738
17.7546
19.996
22.3943
20.2783
18.0528
20.2788
22.395
23.6569
21.7695
19.9041
21.7701
23.6577
24.3163
22.6287
21.0326
22.6293
24.3172
24.6252
23.0952
21.6992
23.0957
24.6261
24.7184
23.3113
22.0661
23.3119
24.7193
24.6773
23.3645
22.235
23.365
24.6782
24.5492
23.3114
22.2705
23.3119
24.5501
24.3579
23.182
22.214
23.1825
24.3588
24.1249
22.9984
22.0888
22.9989
24.1259
23.8628
22.7771
21.9153
22.7777
23.8638
23.5807
22.529
21.707
22.5297
23.5817
23.2843
22.2612
21.4729
22.2618
23.2853
22.9779
21.9791
21.2197
21.9798
22.9789
22.6649
21.6869
20.9524
21.6876
22.6661
22.3482
21.3878
20.6749
21.3885
22.3494
22.03
21.0846
20.3906
21.0853
22.0313
21.7122
20.7793
20.102
20.78
21.7135
21.3966
20.474
19.8115
20.4748
21.3979
21.0846
20.1703
19.5209
20.1712
21.0861
20.7778
19.8698
19.2321
19.8707
20.7793
20.4771
19.5735
18.9462
19.5745
20.4787
20.1835
19.2825
18.6644
19.2836
20.1852
19.8977
18.9976
18.3876
18.9987
19.8995
19.6201
18.7191
18.1161
18.7202
19.622
19.3508
18.447
17.8501
18.4483
19.3529
19.089
18.1809
17.5891
18.1823
19.0913
18.8337
17.9197
17.332
17.9211
18.8361
18.5828
17.6617
17.077
17.6632
18.5853
18.3338
17.4047
16.8222
17.4063
18.3365
18.0838
17.1462
16.5649
17.1478
18.0866
17.8294
16.8834
16.3025
16.8852
17.8324
17.5681
16.6143
16.0327
16.6161
17.5713
17.2989
16.3373
15.7537
16.3392
17.3022
17.0238
16.0527
15.4652
16.0546
17.0273
16.7512
15.7612
15.1686
15.7632
16.7548
16.4812
15.4595
14.869
15.4615
16.4847
6.0345
7.20047
3.8361
7.20039
6.03426
15.373
13.4333
10.2941
13.4334
15.3731
19.9059
17.6632
14.9647
17.6635
19.9062
22.3342
20.2113
17.9691
20.2118
22.3349
23.6132
21.7184
19.8383
21.7189
23.6141
24.2828
22.5883
20.9791
22.5888
24.2837
24.5988
23.0623
21.6546
23.0629
24.5997
24.6975
23.2844
22.0285
23.285
24.6984
24.6608
23.3426
22.2031
23.3431
24.6617
24.5371
23.2938
22.2436
23.2943
24.538
24.3499
23.1688
22.1917
23.1693
24.3508
24.121
22.9893
22.0712
22.9899
24.1219
23.8632
22.7723
21.9021
22.7729
23.8641
23.5858
22.5288
21.6986
22.5294
23.5867
23.2946
22.266
21.4696
22.2666
23.2956
22.9943
21.9895
21.2221
21.9902
22.9953
22.6884
21.7039
20.9614
21.7045
22.6895
22.3801
21.4124
20.6915
21.413
22.3812
22.0719
21.118
20.416
21.1187
22.0731
21.766
20.8233
20.1378
20.8241
21.7672
21.4646
20.5306
19.8596
20.5314
21.4658
21.1697
20.2419
19.5836
20.2427
21.171
20.8831
19.9591
19.312
19.96
20.8846
20.6066
19.6838
19.0464
19.6848
20.6081
20.3416
19.4176
18.7885
19.4186
20.3432
20.0896
19.1618
18.5397
19.1629
20.0913
19.8515
18.9173
18.301
18.9184
19.8534
19.6281
18.6847
18.0728
18.6859
19.6301
19.4191
18.4638
17.855
18.4651
19.4212
19.2237
18.2539
17.6469
18.2553
19.226
19.0401
18.0533
17.4468
18.0548
19.0426
18.8653
17.8594
17.252
17.8609
18.8679
18.6951
17.6685
17.059
17.6702
18.698
18.5246
17.4765
16.8637
17.4783
18.5277
18.3487
17.2788
16.6613
17.2806
18.352
18.1629
17.0711
16.4476
17.073
18.1663
17.9655
16.8501
16.2187
16.8522
17.9692
17.7615
16.6133
15.9729
16.6154
17.7652
17.5474
16.3541
15.712
16.3563
17.5512
5.51477
6.88481
3.50785
6.88472
5.51449
15.0556
13.157
9.97852
13.1571
15.0556
19.6931
17.448
14.7033
17.4484
19.6934
22.182
20.0427
17.7563
20.0432
22.1826
23.4947
21.581
19.6605
21.5815
23.4955
24.1857
22.4726
20.8265
22.4731
24.1865
24.5174
22.963
21.5212
22.9636
24.5183
24.6292
23.1986
21.9107
23.1992
24.6301
24.6028
23.2682
22.0985
23.2688
24.6037
24.4895
23.2294
22.1504
23.2299
24.4903
24.3113
23.114
22.1087
23.1145
24.3122
24.0908
22.9431
21.9981
22.9437
24.0917
23.8409
22.734
21.8376
22.7346
23.8418
23.571
22.4981
21.6423
22.4987
23.5719
23.2873
22.2426
21.4214
22.2432
23.2883
22.9946
21.9737
21.1819
21.9743
22.9956
22.697
21.6959
20.9294
21.6965
22.698
22.3975
21.4127
20.6682
21.4134
22.3986
22.0994
21.1277
20.4022
21.1283
22.1004
21.8049
20.8433
20.1345
20.8441
21.806
21.5168
20.5625
19.8684
20.5633
21.518
21.2375
20.2877
19.6063
20.2885
21.2388
20.9696
20.0213
19.3509
20.0221
20.9709
20.7153
19.7656
19.1046
19.7665
20.7167
20.4773
19.5228
18.8697
19.5238
20.4788
20.2578
19.2952
18.6483
19.2962
20.2594
20.0589
19.0845
18.4423
19.0856
20.0607
19.8825
18.8923
18.2531
18.8934
19.8845
19.7298
18.7195
18.0816
18.7208
19.7319
19.6009
18.5663
17.9279
18.5677
19.6032
19.4951
18.4318
17.7909
18.4332
19.4975
19.4096
18.3136
17.6682
18.3151
19.4123
19.3403
18.2077
17.5559
18.2094
19.3431
19.2807
18.1085
17.4484
18.1103
19.2838
19.2226
18.0088
17.3384
18.0106
19.2259
19.157
17.9001
17.2176
17.902
19.1604
19.076
17.7737
17.0772
17.7758
19.0797
18.9778
17.621
16.9093
17.6232
18.9817
18.8525
17.4287
16.7094
17.4309
18.8564
4.7355
6.40532
3.01604
6.40519
4.7352
14.5288
12.7038
9.46483
12.7039
14.5288
19.3328
17.0881
14.267
17.0884
19.333
21.9198
19.7553
17.3935
19.7557
21.9204
23.2879
21.3432
19.3524
21.3437
23.2886
24.0154
22.2705
20.5592
22.271
24.0161
24.3751
22.7892
21.2862
22.7897
24.376
24.5107
23.0487
21.7027
23.0492
24.5115
24.5036
23.1389
21.9136
23.1394
24.5045
24.4087
23.1175
21.9855
23.118
24.4095
24.2464
23.0188
21.9611
23.0193
24.2472
24.04
22.8622
21.8669
22.8627
24.0408
23.8024
22.6657
21.7203
22.6663
23.8033
23.5438
22.4411
21.5375
22.4417
23.5447
23.2703
22.196
21.3279
22.1966
23.2712
22.9872
21.9366
21.099
21.9372
22.9882
22.6987
21.6679
20.8565
21.6685
22.6997
22.4084
21.3938
20.6052
21.3944
22.4094
22.1198
21.1179
20.3491
21.1185
22.1208
21.8355
20.8432
20.0918
20.8439
21.8366
21.5588
20.5729
19.8367
20.5736
21.5599
21.2926
20.31
19.587
20.3107
21.2937
21.04
20.0574
19.3458
20.0582
21.0413
20.8044
19.8181
19.1162
19.819
20.8058
20.5893
19.5954
18.9014
19.5963
20.5908
20.3983
19.3924
18.7046
19.3934
20.3999
20.2351
19.2124
18.5288
19.2135
20.2368
20.1034
19.0585
18.3769
19.0597
20.1053
20.0065
18.9334
18.2517
18.9346
20.0086
19.9472
18.8393
18.1548
18.8406
19.9494
19.9272
18.7771
18.0871
18.7785
19.9295
19.9458
18.7463
18.0478
18.7478
19.9484
20.001
18.7449
18.0345
18.7465
20.0038
20.0872
18.7659
18.0406
18.7676
20.0901
20.1933
18.8012
18.0573
18.803
20.1964
20.3049
18.8367
18.0711
18.8387
20.3083
20.4051
18.8556
18.0656
18.8577
20.4088
20.4795
18.8386
18.0233
18.8408
20.4833
20.5029
18.7597
17.9264
18.7619
20.5068
3.74391
5.76073
2.38377
5.76056
3.74362
13.7235
12.028
8.71338
12.028
13.7234
18.7788
16.546
13.6145
16.5462
18.7789
21.5145
19.3174
16.8423
19.3177
21.5149
22.9687
20.9789
18.8796
20.9793
22.9693
23.756
21.9623
20.1477
21.9628
23.7567
24.1637
22.5275
20.9257
22.528
24.1644
24.3403
22.8271
21.3859
22.8276
24.3411
24.3683
22.9522
21.6346
22.9527
24.3692
24.3025
22.9598
21.739
22.9603
24.3033
24.1671
22.8876
21.7422
22.8881
24.1679
23.9833
22.7537
21.6735
22.7543
23.9842
23.7651
22.5767
21.5482
22.5772
23.7659
23.5229
22.3688
21.3839
22.3693
23.5238
23.2636
22.1381
21.1904
22.1386
23.2645
22.9928
21.8913
20.9756
21.8919
22.9937
22.7152
21.6337
20.7458
21.6343
22.7161
22.4347
21.3695
20.5058
21.3701
22.4356
22.1551
21.1027
20.2603
21.1034
22.156
21.8796
20.8368
20.0131
20.8374
21.8805
21.6116
20.5753
19.768
20.5759
21.6126
21.355
20.3215
19.5287
20.3222
21.356
21.1133
20.079
19.2988
20.0798
21.1145
20.8907
19.8517
19.0822
19.8526
20.8921
20.692
19.6435
18.8829
19.6445
20.6936
20.5222
19.4591
18.7053
19.4602
20.524
20.3871
19.3033
18.5541
19.3045
20.389
20.2928
19.1813
18.4342
19.1826
20.2949
20.2462
19.0986
18.3507
19.0999
20.2483
20.2534
19.0605
18.3085
19.0619
20.2557
20.3192
19.0716
18.3119
19.073
20.3216
20.4534
19.1355
18.3628
19.1369
20.4559
20.6579
19.2573
18.4665
19.2588
20.6606
20.9314
19.4323
18.6175
19.4339
20.9342
21.2661
19.6526
18.8073
19.6544
21.2691
21.645
19.9018
19.0193
19.9036
21.6483
22.0405
20.1527
19.2273
20.1547
22.044
22.417
20.367
19.3954
20.3691
22.4207
22.7169
20.4909
19.4829
20.493
22.7207
2.69969
4.92546
1.67505
4.92525
2.69945
12.4977
11.0538
7.65896
11.0537
12.4975
17.9509
15.7619
12.6803
15.762
17.951
20.9087
18.6763
16.0378
18.6766
20.909
22.4975
20.4454
18.1826
20.4458
22.498
23.3849
21.5176
19.5421
21.518
23.3855
23.8757
22.1594
20.3994
22.1598
23.8763
24.1233
22.5256
20.9291
22.526
24.124
24.2123
22.7083
21.2381
22.7088
24.213
24.1947
22.7645
21.3941
22.7649
24.1955
24.104
22.7326
21.4412
22.7331
24.1048
23.956
22.6352
21.4095
22.6357
23.9568
23.7676
22.4877
21.3176
22.4882
23.7683
23.5502
22.3046
21.1803
22.305
23.5509
23.3116
22.0946
21.01
22.0951
23.3122
23.0578
21.8652
20.815
21.8657
23.0585
22.7942
21.6221
20.602
21.6226
22.7949
22.525
21.3699
20.3763
21.3704
22.5258
22.2547
21.1132
20.1431
21.1137
22.2555
21.9869
20.8556
19.9065
20.8561
21.9877
21.7254
20.6012
19.6708
20.6017
21.7262
21.4744
20.3537
19.4401
20.3543
21.4754
21.2382
20.1172
19.2186
20.1181
21.2396
21.0219
19.8963
19.0108
19.8974
21.0236
20.831
19.6959
18.8215
19.6972
20.8332
20.6723
19.5217
18.6564
19.5231
20.6748
20.5535
19.3803
18.5216
19.3818
20.5562
20.4838
19.2793
18.4243
19.2809
20.4865
20.4741
19.2276
18.3728
19.2291
20.4767
20.5325
19.2344
18.3763
19.2358
20.5352
20.6778
19.3086
18.4417
19.3101
20.6803
20.9274
19.4688
18.5861
19.4702
20.9299
21.2961
19.7248
18.8182
19.7262
21.2987
21.7988
20.0853
19.1442
20.0868
21.8014
22.4443
20.5533
19.565
20.5549
22.4471
23.228
21.119
20.0688
21.1207
23.2311
24.1211
21.7503
20.6231
21.7522
24.1244
25.0615
22.3827
21.1674
22.3847
25.0649
25.9246
22.9081
21.6132
22.9101
25.9282
1.79903
3.88401
1.0357
3.88376
1.79885
10.5828
9.71184
6.21475
9.71168
10.5824
16.7132
14.6491
11.3681
14.6491
16.7132
19.9971
17.7454
14.8714
17.7455
19.9973
21.8059
19.6749
17.1605
19.6751
21.8062
22.871
20.8925
18.657
20.8927
22.8714
23.5115
21.6632
19.639
21.6635
23.512
23.885
22.1412
20.2787
22.1415
23.8856
24.0806
22.4194
20.6831
22.4197
24.0811
24.1489
22.5554
20.9201
22.5558
24.1495
24.1268
22.5882
21.0353
22.5885
24.1273
24.0389
22.5462
21.0602
22.5465
24.0394
23.898
22.4452
21.0178
22.4454
23.8984
23.7195
22.2998
20.9218
22.2999
23.7197
23.5126
22.1208
20.7856
22.1209
23.5126
23.2845
21.9168
20.6193
21.9169
23.2845
23.041
21.6941
20.4303
21.6942
23.0411
22.7872
21.458
20.2244
21.4583
22.7876
22.5284
21.2138
20.0074
21.2141
22.529
22.2688
20.9657
19.7839
20.966
22.2693
22.0125
20.718
19.5588
20.7183
22.0131
21.7641
20.4749
19.3364
20.4755
21.7654
21.5285
20.2409
19.1216
20.2422
21.5309
21.3115
20.0212
18.9193
20.0231
21.3151
21.1195
19.8215
18.7351
19.824
21.1243
20.9605
19.6485
18.5756
19.6513
20.9659
20.844
19.5101
18.4483
19.5129
20.8493
20.7816
19.4162
18.3626
19.4188
20.7866
20.7875
19.3786
18.3298
19.381
20.7921
20.8742
19.4093
18.3611
19.4114
20.8781
21.0734
19.5285
18.4745
19.5302
21.0767
21.4165
19.7666
18.6984
19.768
21.4193
21.9404
20.1496
19.0553
20.1509
21.9429
22.6934
20.712
19.5749
20.7133
22.6959
23.7318
21.4905
20.2869
21.4919
23.7344
25.1094
22.5131
21.2109
22.5147
25.1121
26.8529
23.7769
22.3357
23.7786
26.8559
28.9148
25.2073
23.5863
25.2091
28.9179
31.0683
26.5976
24.7861
26.5994
31.0716
0.910425
2.55816
0.474234
2.55793
0.910317
7.86052
7.94104
4.40141
7.94086
7.86017
14.7701
13.025
9.51858
13.0249
14.7701
18.5376
16.3517
13.1529
16.3518
18.5377
20.7565
18.5482
15.6437
18.5483
20.7566
22.1699
20.023
17.3533
20.0231
22.1701
23.0983
21.0213
18.5343
21.0214
23.0985
23.7099
21.6933
19.3498
21.6934
23.7102
24.096
22.1331
19.9052
22.1332
24.0963
24.3193
22.403
20.2702
22.4031
24.3192
24.4211
22.5455
20.4927
22.5456
24.4204
24.4299
22.5907
20.6068
22.5908
24.429
24.3721
22.5628
20.6377
22.5627
24.371
24.2584
22.4781
20.6055
22.4776
24.2563
24.1052
22.3483
20.5224
22.3475
24.1028
23.921
22.1842
20.3999
22.1834
23.9179
23.7111
21.9931
20.2472
21.9925
23.7082
23.4808
21.7813
20.0709
21.7812
23.4804
23.2392
21.5555
19.8778
21.5557
23.2402
22.9921
21.3209
19.6734
21.3209
22.9928
22.7426
21.0819
19.4629
21.0821
22.7438
22.4961
20.8433
19.2517
20.8445
22.4999
22.2589
20.6105
19.0449
20.6131
22.266
22.0368
20.3888
18.8481
20.3934
22.0477
21.8374
20.1848
18.6673
20.1912
21.8521
21.6696
20.006
18.5097
20.013
21.6856
21.5444
19.8615
18.384
19.868
21.5588
21.4753
19.7622
18.3012
19.7681
21.487
21.4775
19.7221
18.275
19.7274
21.4874
21.5646
19.7555
18.3184
19.7598
21.5726
21.7792
19.8897
18.4583
19.8925
21.7843
22.1687
20.169
18.7355
20.1708
22.172
22.7956
20.641
19.1922
20.6423
22.7985
23.7571
21.3778
19.8934
21.3789
23.7595
25.2021
22.4854
20.93
22.4864
25.2042
27.3454
24.1045
22.4185
24.1057
27.3475
30.4721
26.3922
24.4798
26.3935
30.4745
34.872
29.4457
27.1645
29.4471
34.8746
40.458
33.0011
30.2172
33.0026
40.4608
0.282434
1.42135
0.148543
1.4212
0.282403
4.23362
5.74092
2.38329
5.74074
4.23333
11.4433
10.5685
6.88241
10.5684
11.4432
16.0713
14.28
10.6556
14.28
16.0712
19.1946
17.0066
13.487
17.0067
19.1946
21.366
18.9863
15.5665
18.9864
21.366
22.9016
20.4258
17.0927
20.4258
22.9016
23.9903
21.4642
18.2109
21.4642
23.9903
24.7606
22.2053
19.0251
22.2052
24.7604
25.2883
22.7171
19.6071
22.7167
25.281
25.6326
23.056
20.0108
23.0546
25.617
25.8284
23.2608
20.2757
23.2592
25.8107
25.9164
23.361
20.4315
23.3595
25.8963
25.9258
23.3799
20.5015
23.3766
25.9002
25.8776
23.3388
20.504
23.3353
25.8595
25.7885
23.2459
20.4551
23.2411
25.7591
25.6469
23.1089
20.359
23.1045
25.6119
25.4458
22.9354
20.2287
22.9351
25.4398
25.2262
22.7376
20.0714
22.7393
25.2332
25.0081
22.524
19.8952
22.5254
25.0068
24.769
22.2979
19.7062
22.2995
24.777
24.5207
22.0658
19.5112
22.0711
24.5486
24.2889
21.8352
19.3167
21.8453
24.3214
24.0646
21.6117
19.1288
21.6269
24.1093
23.862
21.4036
18.9546
21.4239
23.9275
23.6931
21.2195
18.8019
21.2412
23.7595
23.5685
21.0703
18.681
21.0889
23.6165
23.5181
20.9692
18.6053
20.9838
23.5407
23.5272
20.9287
18.5901
20.9405
23.5442
23.6089
20.9634
18.6485
20.9732
23.6221
23.8378
21.1106
18.8188
21.1162
23.8238
24.2483
21.428
19.1557
21.4308
24.2336
24.9212
21.9847
19.7227
21.9868
24.9245
26.0033
22.8958
20.6285
22.8972
26.0101
27.7845
24.3659
22.0555
24.3668
27.7863
30.7549
26.7516
24.3178
26.7525
30.7567
35.9253
30.6699
27.9299
30.6707
35.927
45.3486
37.1795
33.6787
37.1804
45.3503
62.0586
47.2524
42.3756
47.2534
62.0606
0.0050031
0.0162998
0.00458847
0.0162978
0.00500298
0.193902
0.731026
0.231952
0.73097
0.193878
3.04394
4.85992
3.05715
4.85977
3.04379
10.2023
10.6883
8.31044
10.6882
10.2021
16.2406
15.6335
12.9066
15.6334
16.2404
20.6609
19.4965
16.5782
19.4964
20.6607
23.899
22.4673
19.4403
22.4671
23.8987
26.3258
24.7548
21.6632
24.7546
26.3255
28.1626
26.5129
23.3844
26.5127
28.1623
29.5428
27.8534
24.7057
27.8537
29.5443
30.5662
28.8574
25.7055
28.8583
30.5603
31.3069
29.5889
26.4454
29.5912
31.2971
31.8104
30.0985
26.9719
30.1011
31.814
32.1415
30.4331
27.3265
30.4324
32.1341
32.3359
30.6245
27.541
30.622
32.323
32.4225
30.6975
27.6381
30.6952
32.4066
32.4124
30.6803
27.6458
30.6783
32.4033
32.3083
30.5855
27.5864
30.5867
32.3138
32.1405
30.4195
27.456
30.4237
32.1494
31.9324
30.2154
27.282
30.2188
31.9508
31.6925
29.9788
27.0769
29.9799
31.6988
31.4415
29.7212
26.8529
29.7262
31.4581
31.183
29.4572
26.6226
29.4684
31.2282
30.9311
29.1987
26.3975
29.2163
30.991
30.7104
28.9597
26.1902
28.9854
30.7825
30.5283
28.7578
26.0152
28.7854
30.6082
30.4173
28.614
25.8915
28.6363
30.4825
30.4059
28.5554
25.8504
28.5774
30.4569
30.4903
28.605
25.9069
28.6261
30.5201
30.7108
28.7961
26.0985
28.8142
30.746
31.1714
29.2285
26.5161
29.2413
31.2046
31.9573
30.0152
27.2603
30.0238
31.979
33.2042
31.2962
28.4618
31.2988
33.2129
35.0207
33.2995
30.3451
33.2999
35.0205
38.4858
36.4382
33.278
36.4398
38.4919
44.0541
41.4327
37.9205
41.4335
44.0563
53.1529
49.5849
45.4959
49.5849
53.1526
72.0514
64.0615
58.4204
64.061
72.0501
150.341
111.922
99.9977
111.92
150.339
12.7904
11.0712
9.80239
11.0711
12.7902
12.8816
11.3684
9.44771
11.3685
12.8818
12.5129
11.585
10.2956
11.5854
12.5136
12.5893
11.8778
10.919
11.8784
12.5904
12.8419
12.2109
11.4219
12.2118
12.8434
13.224
12.6018
11.9004
12.6029
13.226
13.7153
13.0598
12.4019
13.0611
13.7177
14.3208
13.598
12.9548
13.5995
14.3236
15.0571
14.2328
13.5818
14.2346
15.0603
15.9514
14.9865
14.3064
14.9884
15.955
17.0449
15.8904
15.1579
15.8925
17.0489
18.4088
16.9973
16.1828
16.9995
18.4131
20.1837
18.4072
17.4675
18.4095
20.188
22.6605
20.3178
19.1787
20.3201
22.6648
26.473
23.1354
21.6516
23.1376
26.4771
33.1217
27.7354
25.579
27.7374
33.1255
46.647
36.2964
32.7184
36.2982
46.6504
80.5876
55.42
48.607
55.4213
80.5904
187.778
107.525
92.0418
107.525
187.779
13.4116
11.6893
10.4429
11.6892
13.4114
12.9936
11.4599
9.65868
11.4601
12.9939
12.4309
11.5398
10.3759
11.5402
12.4316
12.4467
11.7767
10.934
11.7774
12.448
12.6786
12.0878
11.4051
12.0888
12.6802
13.0608
12.4735
11.8701
12.4746
13.0629
13.5605
12.9355
12.3689
12.9369
13.5631
14.1788
13.4831
12.926
13.4848
14.1817
14.9297
14.131
13.5619
14.1328
14.9331
15.84
14.9001
14.299
14.9022
15.8438
16.9502
15.8217
15.1665
15.8239
16.9543
18.3316
16.949
16.2123
16.9514
18.3359
20.1297
18.3864
17.5265
18.3888
20.1341
22.6475
20.3421
19.2856
20.3445
22.6519
26.5604
23.2523
21.8517
23.2546
26.5646
33.554
28.1002
26.0114
28.1023
33.5579
48.4522
37.4971
33.8556
37.4989
48.4558
86.8125
58.8475
51.4147
58.849
86.8159
194.691
110.622
93.5275
110.623
194.694
14.1391
12.4134
11.1401
12.4133
14.1389
13.3303
11.7403
9.9808
11.7405
13.3305
12.6141
11.7043
10.5913
11.7047
12.6148
12.5644
11.8826
11.0901
11.8833
12.5657
12.7666
12.165
11.5287
12.166
12.7682
13.1376
12.5382
11.9774
12.5394
13.1396
13.6362
12.9975
12.4701
12.9989
13.6387
14.2582
13.5481
13.0273
13.5497
14.2611
15.0143
14.2016
13.6669
14.2035
15.0176
15.9296
14.9779
14.4091
14.9799
15.9333
17.0436
15.9057
15.2817
15.9079
17.0476
18.4245
17.0362
16.3309
17.0384
18.4286
20.2146
18.4715
17.6444
18.4738
20.2188
22.707
20.4135
19.3938
20.4158
22.7111
26.555
23.285
21.9291
23.2872
26.559
33.3968
28.0539
26.0315
28.056
33.4006
47.9901
37.331
33.8017
37.3327
47.9935
85.8083
58.5367
51.2946
58.5381
85.8114
192.051
110.07
93.3663
110.071
192.054
14.9831
13.2522
11.8976
13.2521
14.9829
13.8829
12.1981
10.4034
12.1983
13.8832
13.0293
12.0476
10.9218
12.0481
13.0301
12.9012
12.1605
11.364
12.1612
12.9024
13.0611
12.4044
11.7678
12.4053
13.0627
13.4078
12.7563
12.1964
12.7575
13.4098
13.8951
13.2049
12.6784
13.2063
13.8975
14.5116
13.7504
13.2302
13.752
14.5144
15.2634
14.4008
13.8664
14.4026
15.2665
16.171
15.1728
14.6046
15.1747
16.1745
17.2716
16.0923
15.4696
16.0944
17.2753
18.6301
17.2064
16.5034
17.2085
18.634
20.377
18.6078
17.7854
18.61
20.3808
22.77
20.4756
19.4674
20.4777
22.7738
26.3868
23.1827
21.8577
23.1847
26.3904
32.5913
27.5529
25.6208
27.5547
32.5947
45.2843
35.796
32.5726
35.7975
45.2873
77.8968
54.5842
48.3347
54.5853
77.8992
180.578
105.772
91.5889
105.772
180.579
763.902
483.292
414.781
483.29
763.899
368.448
191.328
160.186
191.328
368.451
375.55
192.95
161.541
192.95
375.552
795.667
498.171
432.055
498.17
795.667
512.39
327.711
283.885
327.711
512.39
379.23
184.858
153.361
184.859
379.233
385.428
186.684
154.981
186.684
385.431
532.201
339.572
296.532
339.571
532.202
402.43
254.556
221.396
254.556
402.431
364.959
170.229
138.972
170.229
364.962
370.101
172.068
140.691
172.069
370.105
413.637
264.163
231.572
264.163
413.641
292.767
175.623
151.222
175.623
292.769
324.538
139.895
111.489
139.896
324.541
327.823
141.069
112.54
141.07
327.826
297.149
181.351
157.497
181.352
297.152
1.59554
1.29733
1.03931
1.29732
1.59553
5.65238
5.45397
4.49662
5.45391
5.65234
9.06239
8.7324
7.47355
8.73238
9.06232
11.524
11.1787
9.7828
11.1786
11.5239
13.3707
13.0508
11.5969
13.0508
13.3706
14.8764
14.577
13.0907
14.577
14.8764
16.2095
15.9118
14.399
15.9118
16.2095
17.4773
17.1492
15.606
17.1492
17.4774
18.7219
18.3381
16.7586
18.3382
18.722
19.9532
19.4942
17.8718
19.4942
19.9533
21.1562
20.6015
18.9307
20.6015
21.1562
22.2598
21.6001
19.8801
21.6001
22.2597
23.2096
22.3747
20.6095
22.3745
23.2093
23.976
22.6743
20.8632
22.674
23.9755
24.1825
22.273
20.5067
22.2726
24.1818
23.5616
21.1171
19.534
21.1166
23.5608
21.2448
18.6883
17.1952
18.6879
21.244
15.2444
13.3475
12.0715
13.3472
15.244
4.71377
3.97054
3.44094
3.97049
4.71372
8.59422
7.93248
6.12415
7.93242
8.59412
13.1016
11.9116
8.4953
11.9116
13.1016
14.5923
13.2555
10.2693
13.2556
14.5925
15.4438
14.108
11.4182
14.1082
15.4441
16.0632
14.7403
12.25
14.7406
16.0636
16.6394
15.299
12.9341
15.2993
16.64
17.2389
15.8442
13.5561
15.8446
17.2396
17.8983
16.4093
14.168
16.4098
17.8993
18.65
17.0278
14.8056
17.0285
18.6511
19.5217
17.7225
15.4928
17.7233
19.5229
20.54
18.5115
16.2439
18.5124
20.5414
21.7323
19.4125
17.0707
19.4134
21.7337
23.1359
20.4475
17.983
20.4484
23.1374
24.8042
21.6424
18.9842
21.6432
24.8056
26.7866
23.0228
20.0733
23.0235
26.7877
29.0488
24.5226
21.1257
24.5231
29.0496
30.6492
25.4127
21.4622
25.4129
30.6494
29.8198
25.0315
20.5663
25.0314
29.8196
27.7321
26.8737
22.549
26.8729
27.7308
11.376
9.87915
8.26169
9.87907
11.3759
13.5401
12.0468
9.23538
12.0469
13.5402
13.9288
12.6962
10.5191
12.6964
13.9292
14.2365
13.1494
11.3493
13.1497
14.2371
14.5526
13.5373
11.9602
13.5378
14.5534
14.9377
13.9373
12.4921
13.938
14.9388
15.4082
14.3795
13.0123
14.3803
15.4096
15.9798
14.885
13.5597
14.886
15.9815
16.6744
15.475
14.1624
15.4761
16.6763
17.5199
16.1718
14.8446
16.173
17.5221
18.5535
17.0021
15.6308
17.0035
18.5559
19.8322
18.0059
16.5545
18.0073
19.8347
21.4572
19.2516
17.6705
19.2531
21.4598
23.6215
20.8643
19.0756
20.8657
23.6241
26.6924
23.0638
20.9332
23.0651
26.6947
31.2882
26.1859
23.4635
26.187
31.2902
37.9651
30.47
26.8348
30.4708
37.9664
47.2136
36.8619
31.7503
36.8622
47.2142
63.3498
55.1228
47.9339
55.1217
63.3479
12.2324
10.5453
9.16575
10.5452
12.2323
13.0865
11.548
9.33785
11.5481
13.0867
12.9751
11.923
10.3524
11.9233
12.9756
13.1217
12.274
11.0522
12.2745
13.1225
13.3882
12.6249
11.5932
12.6256
13.3893
13.7611
13.0154
12.0883
13.0163
13.7626
14.2353
13.4634
12.5929
13.4644
14.2372
14.8197
13.9853
13.1399
13.9865
14.8219
15.5327
14.5997
13.7541
14.6011
15.5353
16.4022
15.329
14.4597
15.3306
16.405
17.4687
16.2037
15.2855
16.2054
17.4719
18.8
17.2727
16.2739
17.2746
18.8034
20.5246
18.6257
17.5006
18.6276
20.528
22.9022
20.436
19.1066
20.4379
22.9056
26.4736
23.0401
21.3653
23.0418
26.4768
32.382
27.0966
24.7807
27.0981
32.3848
43.0694
33.9726
30.4635
33.9738
43.0717
66.344
48.6145
42.6557
48.6152
66.3454
160.108
115.791
100.996
115.789
160.105
)
;

boundaryField
{
    empty
    {
        type            empty;
    }
    top
    {
        type            fixedValue;
        value           uniform 0.00754;
    }
    fixedwall
    {
        type            epsilonWallFunction;
        value           nonuniform List<scalar> 
585
(
0.00561164
0.0256687
0.0055734
0.0256659
0.00561145
0.306737
1.01662
0.370875
1.01657
0.306707
3.79012
5.6132
3.69063
5.61304
3.78993
11.0169
11.3512
8.91572
11.351
11.0167
16.829
16.1258
13.3697
16.1257
16.8287
21.0529
19.8451
16.9104
19.8449
21.0526
24.1582
22.7094
19.6724
22.7092
24.158
26.4925
24.9171
21.8191
24.917
26.4923
28.2557
26.6116
23.4794
26.6115
28.2572
29.5736
27.8968
24.748
27.8979
29.5766
30.5384
28.8477
25.698
28.8505
30.5439
31.2181
29.5252
26.3865
29.5286
31.229
31.6826
29.979
26.8572
29.9808
31.6809
31.9428
30.2435
27.1454
30.2473
31.9573
32.0324
30.342
27.2752
30.3471
32.0538
32.0181
30.3242
27.2821
30.3278
32.0198
31.8956
30.2016
27.195
30.2049
31.9091
31.6659
29.9595
26.9904
29.9614
31.6808
31.3477
29.6328
26.6998
29.6327
31.3486
30.944
29.2273
26.3373
29.2235
30.935
30.4618
28.7537
25.911
28.7496
30.4524
29.9291
28.2212
25.4255
28.2184
29.9169
29.3589
27.6387
24.8882
27.635
29.3504
28.7301
27.0068
24.3114
27.0031
28.7249
28.0482
26.3297
23.7022
26.3267
28.0348
27.3263
25.6157
23.0581
25.6147
27.3221
26.5715
24.8694
22.384
24.8704
26.5823
25.8125
24.0967
21.6818
24.0944
25.803
25.0237
23.2956
20.9541
23.2911
25.0055
24.1928
22.4677
20.2047
22.4645
24.1811
23.3486
21.6191
19.4366
21.6167
23.3373
22.4825
20.7523
18.6523
20.7509
22.4818
21.6004
19.8704
17.8543
19.8696
21.5971
20.6979
18.9759
17.0441
18.9757
20.6969
19.782
18.0707
16.2222
18.0707
19.7819
18.8538
17.1551
15.3875
17.155
18.8537
17.9136
16.2262
14.5367
16.2262
17.9136
16.9602
15.2721
13.663
15.2721
16.9601
15.9734
14.2582
12.7578
14.2582
15.9733
0.0050031
0.0162998
0.00458847
0.0162978
0.00500298
0.193902
0.731026
0.231952
0.73097
0.193878
3.04394
4.85992
3.05715
4.85977
3.04379
10.2023
10.6883
8.31044
10.6882
10.2021
16.2406
15.6335
12.9066
15.6334
16.2404
20.6609
19.4965
16.5782
19.4964
20.6607
23.899
22.4673
19.4403
22.4671
23.8987
26.3258
24.7548
21.6632
24.7546
26.3255
28.1626
26.5129
23.3844
26.5127
28.1623
29.5428
27.8534
24.7057
27.8537
29.5443
30.5662
28.8574
25.7055
28.8583
30.5603
31.3069
29.5889
26.4454
29.5912
31.2971
31.8104
30.0985
26.9719
30.1011
31.814
32.1415
30.4331
27.3265
30.4324
32.1341
32.3359
30.6245
27.541
30.622
32.323
32.4225
30.6975
27.6381
30.6952
32.4066
32.4124
30.6803
27.6458
30.6783
32.4033
32.3083
30.5855
27.5864
30.5867
32.3138
32.1405
30.4195
27.456
30.4237
32.1494
31.9324
30.2154
27.282
30.2188
31.9508
31.6925
29.9788
27.0769
29.9799
31.6988
31.4415
29.7212
26.8529
29.7262
31.4581
31.183
29.4572
26.6226
29.4684
31.2282
30.9311
29.1987
26.3975
29.2163
30.991
30.7104
28.9597
26.1902
28.9854
30.7825
30.5283
28.7578
26.0152
28.7854
30.6082
30.4173
28.614
25.8915
28.6363
30.4825
30.4059
28.5554
25.8504
28.5774
30.4569
30.4903
28.605
25.9069
28.6261
30.5201
30.7108
28.7961
26.0985
28.8142
30.746
31.1714
29.2285
26.5161
29.2413
31.2046
31.9573
30.0152
27.2603
30.0238
31.979
33.2042
31.2962
28.4618
31.2988
33.2129
35.0207
33.2995
30.3451
33.2999
35.0205
38.4858
36.4382
33.278
36.4398
38.4919
44.0541
41.4327
37.9205
41.4335
44.0563
53.1529
49.5849
45.4959
49.5849
53.1526
72.0514
64.0615
58.4204
64.061
72.0501
150.341
111.922
99.9977
111.92
150.339
12.7904
11.0712
9.80239
11.0711
12.7902
13.4116
11.6893
10.4429
11.6892
13.4114
14.1391
12.4134
11.1401
12.4133
14.1389
14.9831
13.2522
11.8976
13.2521
14.9829
763.902
483.292
414.781
483.29
763.899
795.667
498.171
432.055
498.17
795.667
512.39
327.711
283.885
327.711
512.39
532.201
339.572
296.532
339.571
532.202
402.43
254.556
221.396
254.556
402.431
413.637
264.163
231.572
264.163
413.641
292.767
175.623
151.222
175.623
292.769
297.149
181.351
157.497
181.352
297.152
1.59554
1.59554
1.29733
1.29733
1.03931
1.03931
1.29732
1.29732
1.59553
1.59553
5.65238
5.45397
4.49662
5.45391
5.65234
9.06239
8.7324
7.47355
8.73238
9.06232
11.524
11.1787
9.7828
11.1786
11.5239
13.3707
13.0508
11.5969
13.0508
13.3706
14.8764
14.577
13.0907
14.577
14.8764
16.2095
15.9118
14.399
15.9118
16.2095
17.4773
17.1492
15.606
17.1492
17.4774
18.7219
18.3381
16.7586
18.3382
18.722
19.9532
19.4942
17.8718
19.4942
19.9533
21.1562
20.6015
18.9307
20.6015
21.1562
22.2598
21.6001
19.8801
21.6001
22.2597
23.2096
22.3747
20.6095
22.3745
23.2093
23.976
22.6743
20.8632
22.674
23.9755
24.1825
22.273
20.5067
22.2726
24.1818
23.5616
21.1171
19.534
21.1166
23.5608
21.2448
18.6883
17.1952
18.6879
21.244
15.2444
13.3475
12.0715
13.3472
15.244
4.71377
4.71377
3.97054
3.97054
3.44094
3.44094
3.97049
3.97049
4.71372
4.71372
8.59422
7.93248
6.12415
7.93242
8.59412
27.7321
26.8737
22.549
26.8729
27.7308
11.376
9.87915
8.26169
9.87907
11.3759
63.3498
55.1228
47.9339
55.1217
63.3479
12.2324
10.5453
9.16575
10.5452
12.2323
160.108
115.791
100.996
115.789
160.105
)
;
    }
    outlet
    {
        type            zeroGradient;
    }
}


// ************************************************************************* //
