/*--------------------------------*- C++ -*----------------------------------*\
  =========                 |
  \\      /  F ield         | OpenFOAM: The Open Source CFD Toolbox
   \\    /   O peration     | Website:  https://openfoam.org
    \\  /    A nd           | Version:  9
     \\/     M anipulation  |
\*---------------------------------------------------------------------------*/
FoamFile
{
    format      ascii;
    class       volScalarField;
    location    "1.5";
    object      nut;
}
// * * * * * * * * * * * * * * * * * * * * * * * * * * * * * * * * * * * * * //

dimensions      [0 2 -1 0 0 0 0];

internalField   nonuniform List<scalar> 
4545
(
0.000435478
0.000772565
0.000443747
0.000772531
0.000435471
0.00176807
0.0025606
0.00188469
0.00256055
0.00176801
0.00388963
0.0043746
0.00383998
0.00437456
0.00388956
0.00540852
0.00544957
0.00504266
0.00544954
0.00540848
0.00618168
0.00609204
0.00573249
0.00609202
0.00618164
0.00663925
0.00651063
0.00617932
0.00651062
0.00663922
0.0069396
0.00679969
0.00648741
0.00679968
0.00693958
0.00714973
0.00700698
0.00670826
0.00700698
0.00714971
0.00730103
0.00715829
0.00686979
0.00715838
0.00730068
0.00741094
0.00726922
0.00698849
0.00726926
0.00741047
0.00749014
0.00734948
0.007075
0.00734936
0.00748662
0.00754207
0.00740565
0.00713653
0.00740565
0.00753872
0.00757562
0.0074431
0.00717823
0.00744288
0.00757519
0.0076002
0.00746493
0.00720387
0.0074651
0.00759719
0.00761201
0.00747326
0.00721563
0.00747358
0.00760888
0.00761108
0.00747217
0.00721655
0.00747195
0.00760785
0.00760215
0.00746255
0.00720939
0.00746264
0.00759517
0.00758024
0.00744313
0.00719224
0.0074436
0.00757778
0.00755166
0.0074167
0.00716719
0.00741684
0.00755206
0.00752009
0.00738378
0.00713543
0.00738372
0.00751973
0.00748568
0.00734462
0.00709757
0.00734437
0.00748345
0.00744692
0.00730026
0.00705407
0.00729956
0.00744028
0.00739976
0.00725078
0.00700515
0.00725043
0.00739513
0.00734601
0.007196
0.00695128
0.00719583
0.00734313
0.00728857
0.00713626
0.00689356
0.00713559
0.00728153
0.0072277
0.00707167
0.0068313
0.00707118
0.00722064
0.00716116
0.00700257
0.00676476
0.00700246
0.00715554
0.00709133
0.00692971
0.00669398
0.00692913
0.00708395
0.00701784
0.00685266
0.00661892
0.00685192
0.00701272
0.00693915
0.00677088
0.00653961
0.00677025
0.00693832
0.00685705
0.00668495
0.00645612
0.00668429
0.00685399
0.00676996
0.00659466
0.00636842
0.00659443
0.00676857
0.00667992
0.0065001
0.00627644
0.00649991
0.00668124
0.00658703
0.00640095
0.00618003
0.00640082
0.00658691
0.00648813
0.0062972
0.0060789
0.00629713
0.00648804
0.0063846
0.00618859
0.00597256
0.00618856
0.00638456
0.0062762
0.00607436
0.00586008
0.00607434
0.00627617
0.00616229
0.00595239
0.00573986
0.00595238
0.00616227
0.00603986
0.0058172
0.0056098
0.00581719
0.00603983
0.00116368
0.00370008
0.00145951
0.00369982
0.00116358
0.0127964
0.0156036
0.0132779
0.0156032
0.0127959
0.0283198
0.0289223
0.0274036
0.0289219
0.0283192
0.0373067
0.0377974
0.0366002
0.037797
0.0373061
0.0430203
0.0438206
0.0428561
0.0438202
0.0430197
0.0470335
0.0480913
0.0472731
0.0480909
0.0470329
0.0500122
0.0512274
0.0505156
0.051227
0.0500117
0.0522897
0.0536027
0.0529635
0.0536022
0.0522892
0.0540437
0.0554273
0.0548384
0.0554267
0.0540424
0.0554016
0.0568403
0.0562829
0.0568384
0.0553966
0.0564457
0.0579228
0.057388
0.0579179
0.0564295
0.0572262
0.0587365
0.0582206
0.0587301
0.0572076
0.0577924
0.05933
0.0588304
0.0593224
0.0577808
0.0581953
0.0597426
0.0592575
0.0597352
0.058178
0.0584408
0.0599884
0.0595174
0.0599806
0.058418
0.0585861
0.0601416
0.059673
0.0601343
0.0585691
0.058593
0.0601558
0.0597053
0.0601507
0.0585699
0.0584904
0.0600694
0.0596286
0.0600687
0.0584809
0.0583052
0.059897
0.0594654
0.0598979
0.0583065
0.058057
0.0596481
0.0592231
0.0596504
0.0580614
0.0577485
0.0593301
0.0589099
0.0593315
0.0577474
0.0573766
0.0589496
0.0585324
0.058948
0.0573629
0.0569296
0.058507
0.0580934
0.0585067
0.0569217
0.0564204
0.058004
0.0575895
0.0580042
0.0564158
0.05586
0.0574441
0.0570185
0.0574412
0.0558435
0.0552456
0.0568287
0.0563868
0.0568248
0.055225
0.0545737
0.0561618
0.0557056
0.0561582
0.0545511
0.0538468
0.0554476
0.0549735
0.0554428
0.0538238
0.0530731
0.0546874
0.0541907
0.0546816
0.053059
0.0522548
0.0538804
0.0533607
0.0538736
0.0522471
0.0513908
0.0530278
0.0524838
0.0530197
0.0513772
0.0504796
0.0521285
0.0515596
0.0521218
0.0504697
0.0495267
0.051182
0.0505866
0.0511767
0.0495238
0.0485316
0.0501865
0.0495634
0.0501823
0.0485265
0.0474874
0.0491405
0.0484877
0.0491376
0.0474834
0.046397
0.0480405
0.0473548
0.0480386
0.0463945
0.0452607
0.0468795
0.0461565
0.0468783
0.0452591
0.0440806
0.0456461
0.0448815
0.0456451
0.0440793
0.0428539
0.0443222
0.0435213
0.0443214
0.0428529
0.00350219
0.00717591
0.00401458
0.0071755
0.00350188
0.0227907
0.024345
0.0226322
0.0243444
0.0227898
0.0412247
0.0413356
0.0401961
0.0413349
0.0412237
0.0546005
0.0544865
0.0536
0.0544857
0.0545993
0.064577
0.0645341
0.0638133
0.0645331
0.0645755
0.0722102
0.0722817
0.07168
0.0722807
0.0722086
0.0781556
0.0783267
0.0778143
0.0783255
0.0781539
0.0828278
0.0830854
0.0826427
0.0830841
0.0828259
0.0865293
0.0868509
0.0864625
0.0868492
0.0865266
0.0894573
0.0898277
0.0894833
0.0898249
0.0894525
0.0917603
0.0921688
0.091859
0.0921643
0.0917524
0.0935495
0.0939905
0.0937065
0.0939845
0.0935394
0.0948947
0.0953654
0.0951125
0.0953586
0.0948843
0.0958958
0.0963851
0.0961403
0.0963777
0.0958835
0.0965897
0.0970936
0.0968676
0.0970863
0.0965764
0.0970479
0.0975693
0.0973535
0.0975635
0.0970391
0.0972452
0.0977802
0.0975829
0.0977761
0.0972374
0.0972401
0.0977875
0.0976001
0.0977852
0.097235
0.0970603
0.0976175
0.0974394
0.0976168
0.097059
0.0967268
0.0972905
0.0971201
0.0972911
0.0967283
0.0962549
0.0968226
0.0966584
0.0968234
0.0962568
0.0956539
0.0962264
0.0960675
0.0962268
0.0956556
0.0949323
0.0955113
0.0953572
0.0955116
0.0949336
0.0941013
0.0946854
0.0945349
0.0946854
0.0941018
0.0931679
0.0937555
0.0936065
0.0937545
0.0931675
0.0921355
0.0927263
0.0925782
0.0927243
0.0921325
0.0910075
0.0916027
0.091456
0.0915997
0.0910016
0.089785
0.0903883
0.0902416
0.0903849
0.0897802
0.0884743
0.0890865
0.0889374
0.0890822
0.0884699
0.087079
0.087698
0.0875461
0.0876923
0.0870723
0.0855962
0.0862223
0.0860675
0.0862155
0.0855877
0.0840253
0.0846576
0.0844996
0.0846507
0.0840155
0.0823643
0.083001
0.0828388
0.0829946
0.0823551
0.0806097
0.081248
0.0810802
0.0812425
0.0806016
0.0787557
0.0793917
0.0792166
0.0793872
0.0787489
0.0767939
0.0774223
0.0772376
0.0774187
0.0767883
0.0747125
0.0753253
0.0751286
0.0753223
0.0747078
0.0724948
0.0730794
0.0728703
0.0730768
0.0724908
0.0701092
0.070652
0.0704403
0.0706498
0.0701058
0.00649628
0.0109565
0.00747364
0.0109561
0.00649581
0.0308495
0.0316483
0.0303563
0.0316476
0.0308485
0.0506583
0.0505493
0.0495871
0.0505483
0.0506569
0.0663754
0.066035
0.0652475
0.0660338
0.0663736
0.0789134
0.0785466
0.0778627
0.0785451
0.0789112
0.088979
0.0886373
0.088027
0.0886357
0.0889766
0.097091
0.0967861
0.0962333
0.0967844
0.0970884
0.103642
0.103374
0.102868
0.103372
0.103639
0.108928
0.108697
0.10823
0.108695
0.108924
0.113186
0.112983
0.112547
0.11298
0.113182
0.11658
0.116409
0.115998
0.116405
0.116574
0.11926
0.119103
0.118725
0.119098
0.119253
0.121346
0.121205
0.120834
0.1212
0.121338
0.122922
0.122796
0.122444
0.122791
0.122914
0.124066
0.123949
0.123611
0.123944
0.124058
0.124863
0.12476
0.124431
0.124755
0.124857
0.125301
0.125207
0.124894
0.125204
0.125296
0.125452
0.125366
0.125061
0.125364
0.125448
0.125352
0.125274
0.124976
0.125272
0.12535
0.125031
0.124958
0.124668
0.124957
0.125029
0.124511
0.124444
0.12416
0.124443
0.12451
0.123813
0.123751
0.123472
0.12375
0.123812
0.122951
0.122895
0.122621
0.122894
0.122949
0.121939
0.121889
0.121619
0.121887
0.121937
0.120788
0.120743
0.120476
0.120741
0.120785
0.119504
0.119465
0.119201
0.119462
0.119499
0.118093
0.118061
0.117801
0.118057
0.118087
0.116559
0.116535
0.116279
0.116531
0.116553
0.114906
0.11489
0.114636
0.114885
0.114899
0.113133
0.113125
0.112873
0.11312
0.113125
0.111239
0.111239
0.110988
0.111233
0.11123
0.109219
0.109227
0.108976
0.10922
0.109209
0.107067
0.107082
0.106832
0.107076
0.107057
0.104773
0.104794
0.104544
0.104789
0.104764
0.102325
0.102351
0.1021
0.102346
0.102317
0.0997048
0.0997329
0.0994788
0.0997284
0.0996975
0.0968859
0.0969133
0.0966553
0.0969092
0.0968791
0.0938342
0.0938555
0.0935948
0.0938517
0.0938279
0.0904939
0.090508
0.0902529
0.0905045
0.0904881
0.0101424
0.0144772
0.0116201
0.0144767
0.0101416
0.0368257
0.0373956
0.0362108
0.0373948
0.0368246
0.0578057
0.0576208
0.0567594
0.0576196
0.0578039
0.0750141
0.0745975
0.0738684
0.0745959
0.0750117
0.0892023
0.0887217
0.0880616
0.0887198
0.0891994
0.100916
0.100421
0.0998084
0.100419
0.100913
0.110574
0.110084
0.109509
0.110082
0.110571
0.11852
0.118042
0.117499
0.11804
0.118517
0.125039
0.124573
0.124057
0.124571
0.125036
0.130343
0.1299
0.129406
0.129897
0.130339
0.134625
0.134196
0.133731
0.134193
0.13462
0.138062
0.137639
0.137185
0.137636
0.138057
0.140769
0.140357
0.139916
0.140354
0.140764
0.14285
0.142449
0.142022
0.142445
0.142845
0.144398
0.144
0.143584
0.143996
0.144393
0.145511
0.145123
0.144714
0.14512
0.145507
0.146187
0.145805
0.14541
0.145803
0.146183
0.146508
0.146132
0.145743
0.146129
0.146505
0.146519
0.146148
0.145766
0.146146
0.146516
0.146257
0.14589
0.145514
0.145888
0.146254
0.145752
0.14539
0.145019
0.145388
0.145749
0.145029
0.144672
0.144307
0.14467
0.145027
0.144111
0.143758
0.143398
0.143756
0.144107
0.143012
0.142665
0.142309
0.142663
0.143009
0.141747
0.141406
0.141054
0.141403
0.141743
0.140326
0.13999
0.139643
0.139988
0.140321
0.138755
0.138426
0.138083
0.138423
0.13875
0.137039
0.136717
0.136378
0.136714
0.137033
0.135179
0.134865
0.13453
0.134861
0.135172
0.133173
0.132869
0.132536
0.132864
0.133166
0.131018
0.130723
0.130393
0.130718
0.13101
0.128705
0.12842
0.128092
0.128415
0.128697
0.126221
0.125947
0.125621
0.125942
0.126213
0.123552
0.123289
0.122965
0.123284
0.123544
0.120675
0.120424
0.1201
0.120419
0.120667
0.117562
0.117323
0.116997
0.117318
0.117555
0.114179
0.113947
0.113619
0.113942
0.114171
0.110473
0.110243
0.109914
0.110238
0.110466
0.106368
0.106133
0.105817
0.106129
0.106361
0.0137835
0.0176166
0.0152734
0.0176161
0.0137827
0.0413236
0.0417861
0.0407251
0.0417853
0.0413223
0.0631871
0.0629742
0.0621816
0.0629728
0.063185
0.0814229
0.0809809
0.0802919
0.080979
0.08142
0.0967303
0.0962095
0.0955707
0.0962073
0.096727
0.109584
0.109032
0.108427
0.10903
0.109581
0.120342
0.11978
0.119203
0.119778
0.120339
0.12931
0.128748
0.128195
0.128746
0.129307
0.136752
0.13619
0.135657
0.136188
0.136749
0.14285
0.142316
0.141803
0.142314
0.142847
0.147845
0.147301
0.146816
0.147299
0.147842
0.151882
0.151346
0.15086
0.151344
0.151879
0.155093
0.154565
0.154096
0.154563
0.155091
0.157593
0.157072
0.156614
0.15707
0.15759
0.15948
0.158961
0.158514
0.15896
0.159477
0.16087
0.160356
0.159913
0.160355
0.160868
0.161762
0.161255
0.160824
0.161253
0.16176
0.162248
0.161744
0.161319
0.161743
0.162246
0.16238
0.161879
0.16146
0.161878
0.162378
0.1622
0.161703
0.16129
0.161702
0.162199
0.161746
0.161252
0.160844
0.161251
0.161744
0.161047
0.160557
0.160154
0.160556
0.161045
0.160128
0.159643
0.159244
0.159641
0.160126
0.15901
0.158529
0.158135
0.158528
0.159008
0.157709
0.157233
0.156843
0.157231
0.157706
0.156236
0.155766
0.155379
0.155764
0.156233
0.1546
0.154135
0.153751
0.154133
0.154596
0.152804
0.152345
0.151964
0.152342
0.1528
0.150849
0.150395
0.150017
0.150392
0.150844
0.14873
0.148281
0.147906
0.148278
0.148725
0.146439
0.145995
0.145622
0.145992
0.146433
0.143963
0.143525
0.143153
0.143521
0.143957
0.141284
0.140851
0.140481
0.140847
0.141278
0.138379
0.137952
0.137583
0.137948
0.138372
0.135216
0.134796
0.134428
0.134791
0.135208
0.131755
0.131343
0.130977
0.131338
0.131747
0.127945
0.127542
0.127178
0.127537
0.127936
0.12372
0.123328
0.12297
0.123322
0.123711
0.118992
0.118614
0.118274
0.118608
0.118983
0.0166908
0.0201507
0.0181221
0.0201501
0.01669
0.0446135
0.045012
0.0440371
0.045011
0.0446121
0.0671009
0.0668755
0.0661286
0.0668739
0.0670985
0.0860517
0.0856013
0.0849401
0.0855992
0.0860485
0.102129
0.101593
0.100972
0.101591
0.102125
0.11577
0.115197
0.114602
0.115194
0.115767
0.127301
0.12671
0.126139
0.126708
0.127297
0.137
0.136402
0.135851
0.1364
0.136997
0.145106
0.144509
0.143974
0.144507
0.145103
0.1518
0.15122
0.15071
0.151219
0.151798
0.157324
0.156735
0.156239
0.156733
0.157322
0.161819
0.161234
0.160743
0.161233
0.161818
0.165422
0.164843
0.164365
0.164842
0.165421
0.168252
0.167677
0.16721
0.167676
0.168251
0.170411
0.16984
0.169383
0.169839
0.17041
0.172029
0.171457
0.171003
0.171456
0.172028
0.173106
0.172541
0.172099
0.172541
0.173105
0.17374
0.173178
0.172741
0.173177
0.17374
0.17399
0.17343
0.172998
0.173429
0.17399
0.173903
0.173345
0.172919
0.173345
0.173903
0.17352
0.172965
0.172543
0.172964
0.17352
0.172876
0.172323
0.171906
0.172322
0.172876
0.172
0.171448
0.171036
0.171448
0.171999
0.170913
0.170364
0.169955
0.170363
0.170912
0.169634
0.169088
0.168683
0.169087
0.169633
0.168176
0.167632
0.167231
0.167631
0.168175
0.166546
0.166006
0.165607
0.166005
0.166545
0.164748
0.164211
0.163816
0.16421
0.164746
0.16278
0.162246
0.161854
0.162245
0.162778
0.160635
0.160105
0.159715
0.160103
0.160631
0.1583
0.157774
0.157387
0.157772
0.158296
0.155757
0.155237
0.154853
0.155235
0.155753
0.152984
0.15247
0.152088
0.152467
0.152979
0.14995
0.149442
0.149061
0.149438
0.149944
0.146614
0.146114
0.145735
0.14611
0.146607
0.142928
0.142437
0.14206
0.142432
0.14292
0.13883
0.138351
0.137977
0.138345
0.138821
0.134247
0.133779
0.133412
0.133773
0.134237
0.129079
0.128625
0.128277
0.128619
0.129068
0.0186826
0.021927
0.020074
0.0219264
0.0186818
0.0468192
0.0471814
0.046259
0.0471804
0.0468177
0.0697279
0.0694971
0.0687789
0.0694954
0.0697253
0.0891595
0.088707
0.0880641
0.0887047
0.089156
0.105749
0.105209
0.1046
0.105206
0.105745
0.119915
0.119333
0.118748
0.11933
0.119911
0.131962
0.13136
0.130796
0.131358
0.131959
0.142156
0.141543
0.140996
0.141541
0.142153
0.150713
0.150103
0.149572
0.150101
0.15071
0.157824
0.157223
0.156717
0.157221
0.157822
0.163718
0.163108
0.16261
0.163107
0.163717
0.168537
0.167931
0.167441
0.16793
0.168536
0.172421
0.171818
0.171341
0.171818
0.172421
0.175492
0.174893
0.174425
0.174893
0.175492
0.177856
0.17726
0.176802
0.17726
0.177856
0.179643
0.179045
0.17859
0.179045
0.179644
0.18087
0.180279
0.179835
0.180279
0.180871
0.181629
0.181039
0.1806
0.181039
0.181631
0.181985
0.181396
0.180962
0.181397
0.181987
0.18199
0.181402
0.180973
0.181403
0.181992
0.181689
0.181102
0.180678
0.181103
0.18169
0.181118
0.180533
0.180113
0.180534
0.18112
0.180311
0.179726
0.17931
0.179727
0.180312
0.179291
0.178707
0.178295
0.178708
0.179292
0.178078
0.177495
0.177086
0.177496
0.178079
0.176686
0.176104
0.175698
0.176104
0.176687
0.175122
0.174541
0.174138
0.174541
0.175123
0.17339
0.172809
0.172409
0.172809
0.17339
0.171484
0.170904
0.170507
0.170904
0.171484
0.169396
0.168817
0.168422
0.168816
0.169395
0.167108
0.166531
0.166138
0.166529
0.167106
0.164598
0.164022
0.163631
0.16402
0.164595
0.161836
0.161262
0.160873
0.16126
0.161832
0.158782
0.158213
0.157826
0.15821
0.158777
0.155391
0.154827
0.154442
0.154824
0.155385
0.151605
0.151049
0.150666
0.151045
0.151597
0.147355
0.146809
0.146429
0.146803
0.147345
0.142557
0.142021
0.141649
0.142015
0.142546
0.137105
0.136583
0.13623
0.136576
0.137094
0.019728
0.0228801
0.0211107
0.0228795
0.0197272
0.0480145
0.0483615
0.0474665
0.0483604
0.0480129
0.0711817
0.0709497
0.0702472
0.0709479
0.071179
0.0909023
0.09045
0.0898174
0.0904476
0.0908986
0.107796
0.107254
0.106654
0.107252
0.107792
0.122271
0.121686
0.121107
0.121683
0.122267
0.134623
0.134016
0.133456
0.134014
0.134619
0.145108
0.144489
0.143946
0.144487
0.145105
0.153934
0.153319
0.152791
0.153318
0.153931
0.161295
0.160684
0.160182
0.160683
0.161294
0.167412
0.166794
0.166296
0.166793
0.167411
0.17243
0.171815
0.171327
0.171814
0.17243
0.176489
0.175876
0.175401
0.175876
0.176489
0.179713
0.179103
0.178637
0.179104
0.179714
0.182211
0.181604
0.181147
0.181605
0.182212
0.184112
0.183502
0.183047
0.183503
0.184114
0.185447
0.184843
0.1844
0.184844
0.185449
0.186301
0.185698
0.185259
0.185699
0.186303
0.186745
0.186142
0.185708
0.186143
0.186747
0.186834
0.186231
0.185802
0.186233
0.186837
0.186615
0.186013
0.185588
0.186014
0.186618
0.18613
0.185527
0.185106
0.185528
0.186132
0.18541
0.184807
0.18439
0.184808
0.185413
0.184484
0.18388
0.183466
0.183881
0.184487
0.183372
0.182766
0.182356
0.182768
0.183374
0.182088
0.181481
0.181073
0.181482
0.182091
0.180641
0.180032
0.179627
0.180033
0.180643
0.179032
0.17842
0.178018
0.178421
0.179034
0.177255
0.176641
0.17624
0.176641
0.177256
0.175297
0.174681
0.174282
0.174681
0.175298
0.173138
0.172519
0.172122
0.172518
0.173138
0.17075
0.170128
0.169733
0.170127
0.170748
0.168095
0.167472
0.167078
0.16747
0.168092
0.165129
0.164506
0.164114
0.164504
0.165125
0.161797
0.161176
0.160786
0.161173
0.161791
0.158034
0.157418
0.157029
0.157413
0.158026
0.153762
0.153153
0.152768
0.153148
0.153752
0.148892
0.148291
0.147913
0.148285
0.14888
0.143311
0.142721
0.142362
0.142713
0.143298
0.019848
0.0230073
0.0212495
0.0230067
0.0198471
0.048248
0.0485987
0.0477105
0.0485977
0.0482464
0.0715299
0.0713009
0.0706032
0.0712991
0.0715272
0.0913683
0.0909178
0.0902889
0.0909154
0.0913647
0.108381
0.107841
0.107242
0.107838
0.108377
0.122974
0.122389
0.121812
0.122387
0.12297
0.13544
0.134833
0.134275
0.134831
0.135437
0.146034
0.145414
0.144872
0.145412
0.146031
0.15496
0.154344
0.153817
0.154343
0.154958
0.162414
0.161801
0.1613
0.1618
0.162413
0.168616
0.167995
0.167499
0.167995
0.168615
0.173711
0.173093
0.172606
0.173093
0.173711
0.17784
0.177225
0.17675
0.177225
0.177841
0.181129
0.180517
0.180051
0.180518
0.181131
0.183689
0.183079
0.182623
0.18308
0.183691
0.185645
0.185032
0.184578
0.185033
0.185648
0.187043
0.186435
0.185992
0.186436
0.187045
0.187958
0.18735
0.186911
0.187351
0.18796
0.188466
0.187858
0.187424
0.18786
0.188469
0.188625
0.188017
0.187588
0.188018
0.188628
0.188484
0.187875
0.18745
0.187877
0.188488
0.188086
0.187475
0.187054
0.187477
0.18809
0.187465
0.186852
0.186435
0.186854
0.187469
0.186651
0.186035
0.185621
0.186037
0.186655
0.185666
0.185046
0.184634
0.185048
0.185669
0.184524
0.1839
0.183491
0.183902
0.184527
0.183234
0.182605
0.182199
0.182607
0.183237
0.181798
0.181164
0.180759
0.181165
0.181801
0.180208
0.179567
0.179164
0.179568
0.18021
0.178448
0.1778
0.177399
0.177801
0.178449
0.176495
0.17584
0.175439
0.17584
0.176495
0.174314
0.173652
0.173253
0.173651
0.174313
0.171863
0.171195
0.170796
0.171193
0.17186
0.169089
0.168416
0.168019
0.168414
0.169085
0.165931
0.165255
0.164859
0.165252
0.165925
0.162314
0.161639
0.161245
0.161634
0.162306
0.158154
0.157482
0.157091
0.157476
0.158144
0.153355
0.152686
0.152302
0.152679
0.153342
0.147795
0.147134
0.146768
0.147126
0.147782
0.0190668
0.022328
0.0205128
0.0223274
0.019066
0.0475435
0.0479156
0.0470145
0.0479146
0.047542
0.0707999
0.0705773
0.0698741
0.0705756
0.0707973
0.0905906
0.090143
0.089511
0.0901406
0.090587
0.107544
0.107006
0.106406
0.107003
0.10754
0.122071
0.121488
0.12091
0.121486
0.122067
0.134468
0.133863
0.133303
0.13386
0.134464
0.144992
0.144374
0.143831
0.144372
0.144989
0.153853
0.153239
0.152711
0.153237
0.153851
0.161246
0.160637
0.160134
0.160636
0.161244
0.167395
0.166777
0.166281
0.166776
0.167394
0.172445
0.171831
0.171343
0.17183
0.172445
0.17654
0.175929
0.175453
0.175929
0.176541
0.179806
0.179197
0.178731
0.179198
0.179807
0.182354
0.181747
0.18129
0.181748
0.182355
0.184305
0.183696
0.183241
0.183697
0.184307
0.185716
0.185111
0.184668
0.185112
0.185718
0.186654
0.186049
0.18561
0.18605
0.186657
0.1872
0.186594
0.18616
0.186595
0.187203
0.18741
0.186803
0.186374
0.186805
0.187413
0.187336
0.186727
0.186302
0.186729
0.18734
0.187021
0.186409
0.185988
0.186411
0.187025
0.186502
0.185886
0.185468
0.185888
0.186506
0.18581
0.185189
0.184774
0.185191
0.185813
0.184967
0.184341
0.183928
0.184343
0.184971
0.183992
0.183359
0.182948
0.18336
0.183995
0.182892
0.182251
0.181842
0.182252
0.182895
0.18167
0.181019
0.180612
0.181021
0.181673
0.180318
0.179656
0.17925
0.179657
0.18032
0.178817
0.178144
0.177739
0.178145
0.178818
0.17714
0.176456
0.176052
0.176456
0.17714
0.175251
0.174554
0.17415
0.174553
0.17525
0.173099
0.172391
0.171987
0.172389
0.173097
0.170625
0.169906
0.169503
0.169903
0.170621
0.167759
0.16703
0.166629
0.167027
0.167752
0.164417
0.163683
0.163283
0.163678
0.164408
0.160507
0.15977
0.159373
0.159764
0.160496
0.155924
0.155186
0.154795
0.155178
0.155911
0.150543
0.149806
0.149432
0.149798
0.150529
0.0174103
0.0208771
0.0189219
0.0208765
0.0174094
0.0459002
0.0463115
0.0453753
0.0463106
0.0458988
0.0689806
0.0687679
0.0680478
0.0687663
0.0689782
0.0885509
0.0881075
0.0874654
0.0881053
0.0885476
0.10526
0.104726
0.104118
0.104723
0.105256
0.119529
0.11895
0.118366
0.118948
0.119525
0.131663
0.131064
0.1305
0.131062
0.13166
0.141932
0.141321
0.140775
0.141319
0.141928
0.150558
0.149948
0.149418
0.149946
0.150555
0.15773
0.157132
0.156625
0.15713
0.157727
0.163684
0.163076
0.16258
0.163075
0.163682
0.168566
0.167961
0.167472
0.167961
0.168565
0.172519
0.171919
0.171442
0.171918
0.172519
0.17567
0.175073
0.174606
0.175072
0.17567
0.178128
0.177533
0.177076
0.177534
0.178129
0.180014
0.179416
0.178961
0.179416
0.180014
0.181385
0.180792
0.180349
0.180793
0.181386
0.182307
0.181714
0.181276
0.181714
0.182308
0.182859
0.182265
0.181832
0.182266
0.182861
0.183099
0.182504
0.182075
0.182505
0.183101
0.183079
0.182481
0.182056
0.182481
0.183081
0.182841
0.182239
0.181819
0.18224
0.182843
0.182424
0.181817
0.1814
0.181818
0.182426
0.181859
0.181246
0.180831
0.181247
0.181861
0.18117
0.18055
0.180138
0.180551
0.181172
0.180377
0.179747
0.179337
0.179748
0.180379
0.179488
0.178847
0.178438
0.178848
0.17949
0.178506
0.177852
0.177445
0.177853
0.178507
0.177425
0.176756
0.176349
0.176756
0.177426
0.176232
0.175545
0.175137
0.175545
0.176232
0.174899
0.174193
0.173785
0.174192
0.174898
0.173383
0.172658
0.172249
0.172657
0.173381
0.171627
0.170884
0.170476
0.170882
0.171624
0.169563
0.168802
0.168394
0.168799
0.169558
0.167112
0.166335
0.165928
0.166331
0.167105
0.164183
0.163392
0.162987
0.163387
0.164174
0.160671
0.159871
0.159468
0.159864
0.16066
0.156464
0.155654
0.155256
0.155646
0.15645
0.151426
0.150609
0.150227
0.1506
0.151412
0.0149242
0.0187242
0.0165116
0.0187236
0.0149233
0.04329
0.0437606
0.0427613
0.0437597
0.0432887
0.0660201
0.0658208
0.0650699
0.0658194
0.066018
0.0851764
0.0847391
0.0840787
0.0847372
0.0851734
0.101431
0.100904
0.100284
0.100901
0.101427
0.115223
0.114655
0.114062
0.114653
0.11522
0.12688
0.126294
0.125723
0.126291
0.126876
0.136686
0.136092
0.135542
0.13609
0.136682
0.144889
0.144292
0.143758
0.14429
0.144886
0.151668
0.151093
0.150581
0.151091
0.151665
0.157276
0.156689
0.156197
0.156688
0.157274
0.161858
0.161276
0.160786
0.161275
0.161856
0.165558
0.164981
0.164505
0.16498
0.165556
0.168498
0.167925
0.16746
0.167925
0.168497
0.170788
0.170218
0.169763
0.170218
0.170787
0.172542
0.17197
0.171517
0.17197
0.172541
0.173819
0.173253
0.172813
0.173253
0.173819
0.174681
0.174115
0.173679
0.174114
0.174681
0.175205
0.174637
0.174207
0.174637
0.175205
0.175447
0.174878
0.174452
0.174877
0.175447
0.175457
0.174885
0.174463
0.174885
0.175457
0.175279
0.174703
0.174285
0.174703
0.175279
0.174953
0.174371
0.173956
0.17437
0.174953
0.174509
0.17392
0.173509
0.17392
0.174509
0.173977
0.173378
0.172969
0.173378
0.173977
0.173376
0.172766
0.172359
0.172766
0.173376
0.172721
0.172098
0.171692
0.172097
0.172721
0.172017
0.171377
0.170972
0.171376
0.172016
0.171255
0.170597
0.170193
0.170596
0.171254
0.170416
0.169739
0.169335
0.169737
0.170414
0.169471
0.168772
0.168368
0.16877
0.169469
0.168384
0.167656
0.167251
0.167654
0.168381
0.167107
0.166339
0.16593
0.166336
0.167102
0.165563
0.164772
0.164359
0.164768
0.165557
0.163661
0.162846
0.162436
0.162841
0.163653
0.161294
0.160456
0.16005
0.160451
0.161285
0.158348
0.157493
0.157089
0.157486
0.158336
0.154696
0.15382
0.153418
0.153812
0.154683
0.150199
0.14929
0.148908
0.149282
0.150184
0.0117391
0.0159851
0.0133501
0.0159846
0.0117382
0.0396477
0.0402022
0.039107
0.0402014
0.0396466
0.0618174
0.0616382
0.0608385
0.061637
0.0618156
0.0803273
0.0799022
0.0792133
0.0799006
0.0803248
0.095869
0.0953584
0.0947211
0.0953564
0.0958659
0.108917
0.108372
0.107768
0.10837
0.108914
0.119834
0.119277
0.118701
0.119275
0.119831
0.128934
0.128376
0.127824
0.128374
0.12893
0.136488
0.135931
0.135399
0.135929
0.136485
0.142694
0.142161
0.141649
0.142159
0.142691
0.147786
0.147247
0.146764
0.147245
0.147783
0.151926
0.151394
0.15091
0.151392
0.151923
0.155252
0.154727
0.154259
0.154725
0.155249
0.157883
0.157364
0.156909
0.157363
0.157881
0.159922
0.159408
0.158963
0.159407
0.15992
0.161478
0.160964
0.160522
0.160962
0.161476
0.162607
0.162099
0.16167
0.162097
0.162605
0.163365
0.162857
0.162434
0.162856
0.163363
0.163825
0.163316
0.162899
0.163315
0.163823
0.16404
0.16353
0.163117
0.163529
0.164038
0.164058
0.163545
0.163137
0.163544
0.164056
0.163922
0.163404
0.162999
0.163403
0.163919
0.163668
0.163144
0.162743
0.163143
0.163666
0.163332
0.1628
0.162401
0.162798
0.163329
0.162941
0.162398
0.162002
0.162396
0.162938
0.16252
0.161965
0.161571
0.161963
0.162517
0.162088
0.161517
0.161124
0.161514
0.162085
0.161655
0.161064
0.160672
0.161062
0.161652
0.161223
0.16061
0.160217
0.160608
0.16122
0.160783
0.160143
0.15975
0.16014
0.160779
0.160325
0.15964
0.159242
0.159638
0.160321
0.159755
0.159062
0.158667
0.159059
0.15975
0.15904
0.158304
0.157913
0.1583
0.159035
0.158095
0.15732
0.156926
0.157316
0.158089
0.156855
0.156025
0.155625
0.15602
0.156847
0.155216
0.154342
0.153937
0.154336
0.155206
0.15302
0.152125
0.151736
0.152118
0.153008
0.150131
0.149222
0.148841
0.149214
0.150118
0.146403
0.145449
0.145079
0.14544
0.146389
0.00823468
0.0128317
0.00959876
0.0128312
0.00823392
0.0348374
0.0355203
0.0343074
0.0355196
0.0348364
0.0562052
0.0560632
0.0551918
0.0560623
0.0562037
0.0737664
0.07337
0.0726394
0.0733687
0.0737644
0.088244
0.0877744
0.0871149
0.0877728
0.0882414
0.100188
0.0997
0.0990877
0.099698
0.100185
0.110027
0.109542
0.108968
0.10954
0.110024
0.118118
0.117645
0.117103
0.117643
0.118115
0.124758
0.124297
0.123782
0.124295
0.124754
0.130175
0.129733
0.129241
0.129731
0.130172
0.134559
0.134138
0.133672
0.134136
0.134555
0.138104
0.137687
0.137238
0.137685
0.138101
0.140931
0.140525
0.140085
0.140523
0.140928
0.143151
0.142753
0.142329
0.142752
0.143148
0.144856
0.144466
0.144055
0.144465
0.144853
0.146148
0.14576
0.145353
0.145758
0.146146
0.147075
0.146695
0.146302
0.146693
0.147072
0.147686
0.147308
0.146921
0.147306
0.147683
0.148048
0.14767
0.14729
0.147668
0.148045
0.148209
0.14783
0.147455
0.147828
0.148206
0.148211
0.14783
0.14746
0.147828
0.148208
0.148094
0.147709
0.147343
0.147706
0.14809
0.147894
0.147502
0.14714
0.147499
0.147889
0.147644
0.147243
0.146883
0.147239
0.147638
0.147374
0.146961
0.146603
0.146957
0.147366
0.147111
0.146684
0.146327
0.146679
0.147103
0.146878
0.146433
0.146077
0.146429
0.14687
0.146695
0.146228
0.145873
0.146224
0.146687
0.146571
0.146079
0.145723
0.146074
0.146564
0.146519
0.145989
0.14563
0.145985
0.146513
0.146513
0.145947
0.145586
0.145944
0.146507
0.146524
0.145914
0.145549
0.14591
0.146518
0.146492
0.145832
0.145465
0.145828
0.146485
0.146318
0.145611
0.145244
0.145606
0.146311
0.145886
0.145133
0.144771
0.145127
0.145877
0.145093
0.144278
0.143921
0.144272
0.145084
0.143881
0.142991
0.142627
0.142984
0.143869
0.142021
0.141096
0.140754
0.141088
0.142009
0.139321
0.13835
0.138037
0.138342
0.139309
0.00527071
0.00941118
0.00600194
0.00941064
0.00527021
0.0283947
0.0295057
0.0280949
0.0295051
0.0283937
0.0489052
0.0488639
0.0478802
0.0488631
0.0489041
0.0650797
0.0647612
0.0639678
0.0647602
0.0650782
0.0779552
0.0775969
0.0769104
0.0775957
0.0779534
0.0882704
0.087933
0.0873212
0.0879316
0.0882682
0.0965682
0.0962669
0.0957133
0.0962652
0.0965657
0.103262
0.102998
0.102492
0.102996
0.103259
0.108663
0.108436
0.10797
0.108435
0.10866
0.113021
0.112824
0.11239
0.112822
0.113018
0.116515
0.116347
0.115939
0.116345
0.116512
0.119291
0.119145
0.118767
0.119143
0.119289
0.121489
0.121355
0.120992
0.121354
0.121486
0.123194
0.123075
0.122727
0.123074
0.123192
0.124484
0.124378
0.124047
0.124377
0.124483
0.125449
0.125349
0.125023
0.125347
0.125447
0.126125
0.126037
0.125728
0.126035
0.126123
0.126554
0.126469
0.126167
0.126467
0.126551
0.126789
0.126707
0.126412
0.126705
0.126786
0.126871
0.126789
0.126501
0.126788
0.126869
0.126837
0.126754
0.126472
0.126753
0.126835
0.126721
0.126634
0.126356
0.126632
0.126717
0.126554
0.12646
0.126185
0.126456
0.126546
0.126365
0.126262
0.125989
0.126256
0.126354
0.126184
0.126068
0.125798
0.126061
0.12617
0.126039
0.125908
0.125638
0.1259
0.126023
0.125958
0.125808
0.125539
0.1258
0.125943
0.12597
0.125795
0.125526
0.125787
0.125957
0.126091
0.125891
0.125621
0.125885
0.126079
0.126358
0.126109
0.125834
0.126103
0.126348
0.126778
0.126481
0.126201
0.126477
0.126769
0.127324
0.126969
0.126681
0.126966
0.127317
0.12797
0.127544
0.127246
0.12754
0.127964
0.128645
0.128139
0.127832
0.128135
0.128638
0.129215
0.128636
0.128331
0.128631
0.129207
0.129519
0.128874
0.128582
0.128869
0.12951
0.129421
0.128719
0.128458
0.128713
0.129411
0.128953
0.128152
0.127899
0.128145
0.128943
0.127752
0.126935
0.126758
0.126928
0.127742
0.0026495
0.00583982
0.00301202
0.00583935
0.00264921
0.0202692
0.0221996
0.0202937
0.0221991
0.0202683
0.0395178
0.0397079
0.0385368
0.0397074
0.0395171
0.0534292
0.0533286
0.0524273
0.053328
0.0534284
0.0637625
0.063717
0.0629867
0.0637163
0.0637614
0.0716313
0.0716995
0.0710917
0.0716986
0.07163
0.077739
0.077908
0.077392
0.077907
0.0777376
0.0825255
0.0827852
0.0823411
0.0827842
0.0825239
0.0863167
0.0866436
0.0862554
0.0866425
0.0863151
0.0893207
0.0896993
0.0893568
0.0896982
0.0893186
0.091695
0.0921147
0.0918087
0.0921134
0.0916932
0.0935619
0.0940133
0.093735
0.0940119
0.0935602
0.0949951
0.0954801
0.0952294
0.0954791
0.094993
0.0960965
0.096597
0.0963637
0.0965969
0.0960967
0.0969038
0.0974253
0.0972082
0.0974257
0.0969054
0.0974876
0.0980221
0.0978145
0.0980221
0.0974891
0.0978822
0.0984312
0.0982404
0.0984305
0.0978819
0.0981054
0.0986593
0.0984777
0.0986587
0.0981033
0.0982
0.0987567
0.0985834
0.0987565
0.0981977
0.098195
0.0987522
0.0985867
0.0987528
0.0981928
0.0981182
0.0986733
0.098514
0.0986742
0.0981172
0.0979939
0.0985447
0.0983899
0.0985439
0.0979888
0.097846
0.0983891
0.0982371
0.0983848
0.0978322
0.0976971
0.0982296
0.0980794
0.098221
0.097675
0.0975702
0.0980899
0.0979414
0.0980779
0.0975415
0.0974915
0.0979953
0.0978487
0.0979821
0.0974602
0.0974895
0.0979735
0.0978288
0.0979609
0.0974605
0.0975985
0.0980552
0.0979116
0.0980433
0.0975731
0.0978356
0.0982708
0.0981244
0.0982603
0.0978143
0.0982792
0.0986435
0.0984948
0.098635
0.0982612
0.0989626
0.0992591
0.0990994
0.0992533
0.098949
0.0998886
0.100098
0.0999194
0.100095
0.0998795
0.101084
0.101175
0.100973
0.101173
0.101078
0.102521
0.102474
0.102244
0.102471
0.102516
0.104097
0.103914
0.103662
0.103911
0.104091
0.105649
0.105347
0.105105
0.105343
0.105643
0.107003
0.106632
0.106443
0.106628
0.106997
0.108041
0.107676
0.107612
0.107672
0.108034
0.108979
0.108699
0.108764
0.108695
0.108973
0.000837381
0.00292433
0.00102982
0.00292408
0.000837292
0.0106509
0.0138619
0.0112451
0.0138615
0.0106502
0.0269944
0.0276798
0.0261656
0.0276795
0.026994
0.0365548
0.0370252
0.0357997
0.0370249
0.0365544
0.0425584
0.0433309
0.0423496
0.0433306
0.042558
0.0467197
0.0477663
0.0469367
0.0477659
0.0467192
0.0497844
0.0510004
0.050283
0.051
0.0497838
0.0521219
0.0534421
0.0528009
0.0534417
0.0521213
0.0539204
0.0553157
0.0547276
0.0553153
0.0539196
0.0553147
0.0567702
0.0562156
0.0567692
0.0553084
0.0563928
0.0578916
0.0573615
0.057889
0.0563832
0.0572138
0.0587466
0.0582365
0.0587428
0.0572029
0.0578318
0.0593847
0.0588927
0.0593818
0.0578158
0.0582874
0.059852
0.0593728
0.0598501
0.0582751
0.0585883
0.0601671
0.0597091
0.0601664
0.0585849
0.0587938
0.060377
0.0599205
0.0603747
0.0587849
0.0589254
0.060511
0.0600642
0.0605075
0.0589077
0.0589593
0.0605458
0.0601114
0.0605457
0.0589519
0.0589362
0.0605217
0.0600946
0.0605234
0.0589349
0.0588797
0.0604521
0.0600327
0.0604557
0.0588725
0.0587889
0.060351
0.0599383
0.0603567
0.0587938
0.0586774
0.0602321
0.0598237
0.0602378
0.0586858
0.0585711
0.0601063
0.0597001
0.060109
0.0585608
0.0584703
0.0599848
0.05958
0.059983
0.0584504
0.0583879
0.0598817
0.059478
0.0598762
0.0583656
0.0583433
0.0598112
0.0594096
0.0598046
0.0583156
0.0583519
0.0597921
0.0593929
0.0597854
0.0583212
0.0584556
0.0598495
0.0594502
0.0598391
0.0584174
0.0586498
0.0600033
0.0595992
0.0599927
0.05862
0.0590254
0.0602822
0.0598814
0.060274
0.058995
0.0596506
0.0607745
0.0603624
0.0607692
0.059612
0.0605624
0.0614975
0.0610584
0.061496
0.0605353
0.0618589
0.0625009
0.0620238
0.0625022
0.0618527
0.0635788
0.0638322
0.0633059
0.063833
0.0635797
0.065505
0.0654927
0.0649475
0.0654917
0.0655023
0.0677952
0.0675725
0.0670339
0.0675708
0.0677923
0.0704949
0.0700784
0.0695931
0.0700766
0.0704921
0.073434
0.0729571
0.0726237
0.0729553
0.0734314
0.0773222
0.0767825
0.0767213
0.0767808
0.0773198
0.00041543
0.000657634
0.000409328
0.000657602
0.000415425
0.00152242
0.00231315
0.00162886
0.00231309
0.00152235
0.00364379
0.0041904
0.00363367
0.00419036
0.00364374
0.00528597
0.00535127
0.00493716
0.00535125
0.00528594
0.00611524
0.00603434
0.00567103
0.00603432
0.00611521
0.00660064
0.00647473
0.00614129
0.00647471
0.00660061
0.0069158
0.00677645
0.00646295
0.00677643
0.00691577
0.00713484
0.00699183
0.00669242
0.00699181
0.0071348
0.00729237
0.00714896
0.00686001
0.00714894
0.00729233
0.00740705
0.00726446
0.00698345
0.0072644
0.00740494
0.00749039
0.00734881
0.00707415
0.00734834
0.00748755
0.00754775
0.00740915
0.00713988
0.00740841
0.00754533
0.00758819
0.00745044
0.00718596
0.00745012
0.00758321
0.00761512
0.00747731
0.00721663
0.00747687
0.00760983
0.00762995
0.00749238
0.00723511
0.00749188
0.00762775
0.00763817
0.00749849
0.00724358
0.00749771
0.00763343
0.00763755
0.00749741
0.0072444
0.00749678
0.00762967
0.00762727
0.00748972
0.00723929
0.00748969
0.007625
0.00761074
0.0074762
0.00722795
0.00747636
0.00761233
0.0075977
0.00745917
0.00721286
0.00745972
0.00759496
0.00757909
0.00743955
0.00719505
0.00744016
0.00757975
0.00755586
0.00741861
0.00717559
0.0074195
0.00756045
0.00753676
0.00739705
0.00715544
0.00739854
0.00753776
0.00751722
0.00737583
0.00713562
0.00737762
0.00751906
0.00749866
0.00735644
0.00711739
0.00735829
0.00750544
0.00748494
0.00733983
0.00710202
0.00734187
0.00749116
0.00747556
0.00732795
0.00709125
0.00732987
0.00747795
0.00747798
0.00732397
0.00708799
0.00732495
0.00747666
0.00748461
0.0073288
0.00709342
0.00732905
0.00748628
0.00750364
0.00734502
0.00711126
0.00734553
0.00750344
0.00754531
0.00738198
0.00714947
0.00738244
0.00753748
0.00760812
0.00744755
0.00721583
0.00744791
0.00760162
0.0077009
0.00755161
0.00732026
0.00755208
0.00770063
0.00783556
0.00770924
0.00747781
0.00770951
0.00783719
0.00808619
0.00794295
0.00770996
0.00794306
0.00808589
0.00845562
0.008288
0.00805053
0.00828805
0.00845571
0.00899737
0.00879548
0.00855039
0.00879548
0.00899739
0.00995177
0.00957481
0.00928886
0.00957479
0.00995174
0.012705
0.0115251
0.0111038
0.011525
0.0127049
0.00560522
0.00534415
0.00513534
0.00534413
0.00560519
0.0378443
0.0389277
0.0379499
0.0389271
0.0378433
0.0593489
0.0598126
0.0595443
0.0598109
0.059346
0.074806
0.0749516
0.0747153
0.0749489
0.0748014
0.0866008
0.0866225
0.086396
0.086619
0.0865946
0.0959549
0.0959325
0.0957217
0.0959283
0.0959474
0.103577
0.103516
0.103316
0.103511
0.103569
0.109847
0.109737
0.109541
0.109732
0.109837
0.114965
0.114793
0.114593
0.114786
0.114953
0.119003
0.118754
0.118543
0.118747
0.11899
0.121937
0.121596
0.121371
0.121588
0.121923
0.123651
0.123205
0.122966
0.123196
0.123636
0.123939
0.123378
0.123128
0.12337
0.123924
0.122493
0.121815
0.121559
0.121807
0.122478
0.118839
0.118058
0.117822
0.11805
0.118826
0.112139
0.111375
0.111258
0.111369
0.112129
0.100641
0.100331
0.100539
0.100326
0.100634
0.0835692
0.083346
0.0837574
0.0833436
0.0835661
0.0528237
0.045161
0.0435099
0.0451606
0.0528231
0.00569582
0.00544285
0.0052459
0.00544284
0.00569578
0.0392095
0.0403957
0.0394707
0.0403949
0.0392085
0.0624388
0.0629252
0.0626943
0.0629233
0.0624356
0.0793601
0.0794732
0.079252
0.0794701
0.0793549
0.0923899
0.092317
0.0920832
0.092313
0.0923828
0.102717
0.102575
0.102342
0.10257
0.102708
0.111099
0.110901
0.11067
0.110895
0.111089
0.117932
0.117677
0.117444
0.11767
0.11792
0.12343
0.123109
0.12287
0.123101
0.123417
0.127677
0.127278
0.127029
0.12727
0.127662
0.13065
0.130163
0.129899
0.130154
0.130635
0.132233
0.131648
0.13137
0.131639
0.132217
0.132216
0.131527
0.131237
0.131517
0.132199
0.130276
0.129482
0.129193
0.129473
0.130261
0.125904
0.125042
0.124798
0.125033
0.12589
0.118179
0.117482
0.117416
0.117475
0.118168
0.105681
0.105512
0.105881
0.105507
0.105674
0.0909153
0.0903658
0.0910155
0.0903632
0.0909119
0.0819705
0.0744413
0.0729928
0.0744406
0.0819695
0.00579802
0.00555379
0.00536095
0.00555377
0.00579799
0.0404569
0.041734
0.0408656
0.0417333
0.040456
0.0651822
0.0656867
0.0654791
0.0656847
0.065179
0.0834007
0.0834806
0.0832529
0.0834773
0.0833953
0.0975071
0.0973602
0.0971012
0.0973559
0.0974999
0.108689
0.108451
0.108181
0.108446
0.108681
0.117722
0.117417
0.117144
0.117411
0.117712
0.125023
0.124654
0.124378
0.124648
0.125011
0.130817
0.130381
0.130097
0.130373
0.130804
0.135197
0.134685
0.134391
0.134676
0.135183
0.138144
0.137546
0.13724
0.137537
0.138129
0.139539
0.138849
0.138532
0.138839
0.139523
0.139159
0.138375
0.138052
0.138365
0.139142
0.136665
0.135786
0.135471
0.135777
0.136649
0.131485
0.13057
0.130319
0.130561
0.131472
0.122527
0.12184
0.121785
0.121833
0.122516
0.108463
0.108351
0.108739
0.108346
0.108457
0.0919644
0.0914528
0.0920616
0.0914503
0.0919612
0.0818028
0.0742696
0.0728081
0.074269
0.0818019
0.00591187
0.0056767
0.00548037
0.00567668
0.00591184
0.0416342
0.0429956
0.0421744
0.0429949
0.0416333
0.0676558
0.0681745
0.0679763
0.0681725
0.0676527
0.0869974
0.0870375
0.0868028
0.0870343
0.0869921
0.102025
0.101819
0.101537
0.101815
0.102018
0.113953
0.113631
0.11333
0.113626
0.113944
0.123539
0.123143
0.122835
0.123137
0.123528
0.131225
0.130763
0.13045
0.130756
0.131214
0.137248
0.136717
0.136396
0.136709
0.137235
0.141703
0.141098
0.140769
0.14109
0.141689
0.144575
0.143889
0.143549
0.14388
0.144561
0.145741
0.144968
0.14462
0.144959
0.145726
0.144956
0.144103
0.143753
0.144094
0.144941
0.141884
0.140934
0.140595
0.140925
0.14187
0.135792
0.134855
0.134582
0.134847
0.135779
0.125611
0.124839
0.124738
0.124832
0.125601
0.109287
0.109209
0.109494
0.109205
0.109281
0.0867644
0.0867088
0.0869818
0.0867068
0.0867617
0.0522932
0.0446216
0.043315
0.0446212
0.0522926
0.00808186
0.00694371
0.00660094
0.00694369
0.00808186
0.0409722
0.0369185
0.0362062
0.0369184
0.0409721
0.0407253
0.0369087
0.0361761
0.0369087
0.0407253
0.00818763
0.00700832
0.00668278
0.00700831
0.00818763
0.00707292
0.006098
0.00581501
0.00609799
0.00707292
0.0363076
0.0300442
0.0289224
0.0300442
0.0363076
0.0360304
0.0300022
0.0289111
0.0300022
0.0360304
0.00715886
0.00616594
0.0058939
0.00616594
0.00715887
0.00652482
0.0056052
0.00535146
0.0056052
0.00652482
0.0320167
0.0258127
0.0246871
0.0258127
0.0320167
0.0318418
0.0257375
0.0246174
0.0257375
0.0318419
0.0065801
0.00567009
0.00542641
0.0056701
0.00658012
0.00586719
0.00495136
0.00471196
0.00495136
0.0058672
0.0280788
0.0223584
0.0212046
0.0223585
0.0280789
0.0280087
0.0222851
0.0211302
0.0222852
0.0280088
0.00589191
0.00499981
0.00477102
0.00499982
0.00589194
0.0027998
0.00261446
0.00243301
0.00261446
0.0027998
0.00732873
0.00724119
0.00679503
0.00724119
0.00732876
0.00857846
0.00847437
0.00805114
0.00847423
0.00857845
0.00929718
0.00920547
0.00881073
0.00920543
0.00929715
0.00977329
0.00969699
0.00932837
0.00969697
0.00977327
0.0101312
0.010065
0.00971651
0.010065
0.0101312
0.01043
0.010367
0.0100334
0.010367
0.01043
0.0106989
0.010632
0.010309
0.010632
0.0106989
0.0109488
0.0108742
0.0105584
0.0108742
0.0109489
0.0111844
0.0110987
0.0107876
0.0110987
0.0111845
0.0114043
0.0113044
0.0109958
0.0113044
0.0114043
0.0115975
0.0114825
0.0111746
0.0114824
0.0115975
0.0117562
0.0116152
0.0113064
0.0116151
0.0117562
0.0118798
0.0116624
0.0113479
0.0116623
0.0118797
0.011908
0.0115897
0.0112795
0.0115897
0.0119079
0.011801
0.0113813
0.0110933
0.0113813
0.0118008
0.0113952
0.0109217
0.0106259
0.0109216
0.0113951
0.0101971
0.00975791
0.00943934
0.00975785
0.010197
0.00401822
0.00379604
0.003621
0.00379603
0.0040182
0.00490144
0.00477594
0.00438401
0.00477593
0.00490141
0.0282753
0.0290654
0.0277042
0.0290652
0.0282751
0.0403105
0.0404947
0.039422
0.0404943
0.0403099
0.0477887
0.0478327
0.0468834
0.0478321
0.0477878
0.0530259
0.0530702
0.052208
0.0530695
0.0530248
0.057041
0.057099
0.056305
0.0570982
0.0570398
0.0603068
0.0603802
0.0596446
0.0603792
0.0603053
0.0630725
0.0631679
0.0624624
0.0631667
0.0630708
0.0654651
0.0655583
0.064866
0.065557
0.065463
0.0675296
0.0675899
0.066893
0.0675883
0.0675272
0.0692485
0.0692457
0.0685329
0.0692439
0.0692458
0.0705305
0.0704434
0.0697072
0.0704415
0.0705275
0.0711212
0.0710019
0.0702512
0.0709998
0.071118
0.0705834
0.0706129
0.0698787
0.0706108
0.0705801
0.0684482
0.0687252
0.0679179
0.068723
0.068445
0.0638288
0.0640683
0.0631096
0.0640665
0.0638261
0.0564147
0.0565028
0.0554952
0.0565014
0.0564128
0.0430617
0.0430338
0.0419235
0.043033
0.0430606
0.00723879
0.00716291
0.00675844
0.00716285
0.00723869
0.00538619
0.00514168
0.00484759
0.00514167
0.00538616
0.0337789
0.0346665
0.0334898
0.0346661
0.0337784
0.0505426
0.0508273
0.0502356
0.0508265
0.0505414
0.0618503
0.0619928
0.0615308
0.0619915
0.0618483
0.0702209
0.0703718
0.0699883
0.0703702
0.0702184
0.0768118
0.0769939
0.0766663
0.0769919
0.0768087
0.0822135
0.0824088
0.0821259
0.0824064
0.0822098
0.0867468
0.086936
0.0866818
0.0869333
0.0867423
0.090574
0.0907341
0.0904932
0.0907309
0.0905688
0.0937526
0.0938567
0.0936145
0.093853
0.0937466
0.0962537
0.0962752
0.0960203
0.0962711
0.096247
0.0979655
0.097881
0.0976036
0.0978765
0.0979581
0.0986717
0.0984714
0.0981695
0.0984667
0.0986641
0.0980392
0.0977311
0.097408
0.0977263
0.0980316
0.0955946
0.0951651
0.0948202
0.0951606
0.0955877
0.090509
0.0899014
0.0895239
0.0898976
0.0905032
0.0809387
0.0801602
0.079716
0.0801575
0.0809347
0.060918
0.0602037
0.0596797
0.0602024
0.0609161
0.00952597
0.00909638
0.00868485
0.00909632
0.00952589
0.00552078
0.00525673
0.00502029
0.00525672
0.00552076
0.0362405
0.0372383
0.0361761
0.0372378
0.0362398
0.0557639
0.0561737
0.0558013
0.0561724
0.0557619
0.0694761
0.0696459
0.0693655
0.0696439
0.069473
0.0798203
0.0799342
0.0797012
0.0799317
0.0798161
0.088023
0.0881243
0.0879261
0.0881212
0.0880179
0.0947329
0.0948174
0.0946435
0.0948137
0.0947267
0.100306
0.100359
0.100197
0.100354
0.100299
0.104925
0.104927
0.104767
0.104923
0.104917
0.108656
0.108587
0.108417
0.108581
0.108647
0.111468
0.111307
0.111117
0.111301
0.111457
0.113244
0.112973
0.112759
0.112967
0.113233
0.113781
0.113386
0.113146
0.113379
0.113769
0.112767
0.112237
0.111989
0.11223
0.112756
0.109739
0.109076
0.108829
0.109069
0.109729
0.103903
0.103128
0.102926
0.103122
0.103895
0.0933132
0.0926532
0.0925833
0.0926494
0.0933078
0.0717556
0.0707946
0.0706333
0.0707929
0.0717533
0.0129588
0.0116391
0.011126
0.011639
0.0129587
)
;

boundaryField
{
    empty
    {
        type            empty;
    }
    top
    {
        type            fixedValue;
        value           uniform 0;
    }
    fixedwall
    {
        type            nutkWallFunction;
        Cmu             0.09;
        kappa           0.41;
        E               9.8;
        value           nonuniform List<scalar> 
585
(
5.15822e-05
8.66364e-05
5.17401e-05
8.66333e-05
5.15815e-05
0.000188907
0.000271099
0.000200323
0.000271094
0.000188902
0.000402985
0.000452688
0.000399376
0.000452684
0.000402979
0.000553939
0.000558681
0.00051954
0.000558678
0.000553935
0.000628829
0.000620686
0.000586598
0.000620685
0.000628826
0.000672528
0.000660604
0.000629465
0.000660603
0.000672526
0.000700927
0.000687941
0.000658757
0.00068794
0.000700925
0.000720661
0.000707428
0.000679616
0.000707428
0.000720659
0.000734792
0.000721593
0.000694798
0.000721594
0.000734792
0.000744978
0.000731931
0.000705909
0.000731939
0.000744984
0.000752253
0.000739377
0.000713979
0.00073939
0.000752204
0.000757218
0.000744579
0.000719701
0.000744598
0.000757202
0.000760534
0.000748024
0.00072356
0.000748029
0.000760515
0.000762511
0.00075002
0.000725907
0.000750045
0.000762521
0.000763267
0.000750765
0.000726965
0.000750801
0.000763311
0.000763168
0.00075064
0.000727027
0.000750656
0.000763104
0.000762299
0.000749729
0.000726335
0.00074975
0.000762214
0.000760548
0.000747915
0.000724696
0.000747936
0.000760573
0.000758151
0.000745448
0.00072234
0.000745451
0.000758165
0.0007552
0.000742364
0.000719371
0.000742341
0.000755141
0.000751722
0.000738717
0.000715839
0.000738687
0.000751618
0.000747829
0.00073457
0.00071177
0.000734537
0.000747607
0.000743489
0.000729964
0.0007072
0.000729933
0.000743333
0.00073861
0.000724882
0.000702204
0.000724856
0.000738514
0.000733276
0.000719343
0.00069684
0.000719308
0.000733035
0.00072755
0.000713381
0.000691059
0.000713364
0.000727364
0.000721411
0.000707019
0.000684884
0.000707023
0.000721349
0.000715076
0.000700294
0.000678312
0.000700265
0.000714847
0.000708365
0.000693164
0.000671341
0.000693116
0.00070813
0.000701145
0.000685607
0.000663979
0.00068557
0.000701049
0.000693623
0.000677657
0.00065623
0.000677625
0.000693476
0.000685688
0.000669305
0.00064809
0.000669289
0.000685651
0.000677407
0.000660552
0.000639556
0.000660542
0.000677415
0.000668729
0.000651386
0.00063061
0.000651381
0.000668719
0.000659607
0.000641793
0.000621223
0.000641791
0.000659603
0.000650052
0.00063174
0.000611342
0.00063174
0.00065005
0.000640033
0.000621152
0.000600877
0.000621152
0.000640032
0.000629491
0.000609827
0.000589674
0.000609826
0.000629489
0.000618136
0.00059724
0.000577528
0.000597239
0.000618134
4.94872e-05
7.46075e-05
4.82135e-05
7.46045e-05
4.94867e-05
0.000164048
0.000245539
0.000173728
0.000245533
0.000164041
0.00037766
0.000433794
0.000377794
0.00043379
0.000377655
0.00054151
0.000548808
0.000508839
0.000548806
0.000541507
0.00062223
0.000614995
0.00058049
0.000614994
0.000622228
0.000668776
0.000657124
0.000625755
0.000657123
0.000668774
0.000698668
0.000685737
0.000656421
0.000685735
0.000698666
0.000719291
0.000706035
0.000678148
0.000706033
0.000719288
0.000734047
0.000720775
0.000693938
0.000720773
0.000734044
0.000744717
0.000731568
0.000705524
0.000731568
0.000744678
0.00075242
0.000739423
0.000714012
0.000739418
0.000752322
0.000757843
0.000745029
0.000720148
0.000745026
0.000757734
0.000761523
0.000748874
0.000724444
0.000748882
0.000761428
0.000763934
0.000751375
0.000727303
0.000751361
0.000763773
0.00076532
0.000752792
0.000729022
0.000752767
0.000765201
0.000765974
0.000753339
0.0007298
0.000753308
0.000765781
0.000765905
0.000753219
0.000729865
0.000753193
0.000765677
0.000765111
0.000752513
0.000729391
0.000752519
0.000765089
0.000763828
0.000751273
0.000728345
0.000751301
0.000763913
0.000762403
0.000749735
0.000726948
0.000749767
0.000762441
0.000760672
0.000747947
0.000725293
0.000747967
0.000760722
0.000758768
0.000746002
0.000723478
0.000746051
0.000758964
0.000756909
0.000743997
0.0007216
0.000744095
0.000757181
0.000755068
0.000742022
0.000719754
0.000742165
0.000755442
0.000753415
0.000740193
0.000718046
0.000740384
0.000753972
0.000752083
0.000738636
0.0007166
0.000738844
0.000752673
0.000751246
0.000737523
0.000715576
0.000737697
0.000751667
0.000751237
0.000737088
0.000715243
0.000737239
0.000751494
0.000751863
0.000737489
0.000715723
0.000737619
0.000752068
0.000753531
0.000738979
0.000717333
0.000739096
0.000753723
0.00075704
0.000742335
0.000720806
0.000742419
0.000757044
0.000762776
0.000748337
0.000726884
0.000748394
0.000762746
0.00077157
0.000757872
0.000736453
0.000757897
0.00077161
0.000784059
0.000772263
0.000750892
0.000772271
0.000784095
0.000806823
0.00079362
0.000772166
0.00079363
0.000806845
0.000840503
0.00082509
0.000803304
0.000825095
0.000840514
0.000889653
0.000871193
0.000848831
0.000871193
0.000889652
0.000975514
0.00094147
0.000915598
0.000941468
0.000975509
0.00121916
0.00111495
0.00107757
0.00111495
0.00121915
0.000577756
0.00055305
0.00053308
0.000553048
0.000577753
0.000586159
0.000562268
0.000543444
0.000562266
0.000586156
0.000595653
0.000572633
0.000554228
0.000572632
0.00059565
0.000606238
0.00058412
0.000565415
0.000584119
0.000606236
0.000808627
0.000703935
0.000672094
0.000703934
0.000808627
0.000818573
0.000710301
0.000680265
0.000710301
0.000818573
0.000716356
0.000625638
0.000599021
0.000625637
0.000716356
0.000724551
0.00063231
0.000606849
0.00063231
0.000724552
0.00066573
0.000579476
0.000555473
0.000579476
0.00066573
0.000671189
0.000585914
0.000562962
0.000585914
0.000671191
0.000604463
0.000517709
0.000494759
0.000517709
0.000604464
0.000607089
0.000522662
0.000500779
0.000522663
0.000607092
0.000306797
0.000306797
0.000288051
0.000288051
0.000269299
0.000269299
0.00028805
0.00028805
0.000306797
0.000306797
0.000737631
0.000729663
0.000688294
0.000729661
0.00073763
0.000851179
0.000841688
0.000802996
0.000841684
0.000851177
0.000915601
0.00090724
0.000871397
0.000907238
0.000915599
0.000957909
0.00095095
0.000917615
0.000950949
0.000957907
0.00098951
0.000983478
0.000952046
0.000983477
0.00098951
0.00101571
0.00101005
0.000980029
0.00101005
0.00101571
0.00103927
0.00103332
0.00100432
0.00103332
0.00103927
0.00106122
0.00105459
0.0010263
0.00105459
0.00106123
0.00108195
0.00107435
0.00104653
0.00107435
0.00108195
0.00110132
0.0010925
0.00106494
0.0010925
0.00110132
0.00111841
0.00110826
0.00108083
0.00110826
0.00111841
0.00113259
0.00112011
0.00109264
0.0011201
0.00113259
0.00114372
0.00112454
0.0010966
0.00112454
0.00114371
0.00114657
0.00111839
0.0010908
0.00111838
0.00114656
0.00113746
0.00110035
0.00107473
0.00110035
0.00113745
0.00110217
0.00106019
0.00103382
0.00106019
0.00110216
0.000996497
0.000957187
0.000928519
0.000957181
0.000996488
0.000426685
0.000426685
0.000405028
0.000405028
0.000387818
0.000387818
0.000405027
0.000405027
0.000426684
0.000426684
0.000511893
0.00049968
0.000461989
0.000499679
0.000511891
0.000730254
0.000723314
0.000685889
0.000723308
0.000730244
0.000557472
0.000534178
0.00050604
0.000534177
0.00055747
0.000937988
0.000899283
0.000862023
0.000899277
0.00093798
0.00056995
0.000544908
0.000522293
0.000544907
0.000569947
0.00124233
0.00112613
0.00108049
0.00112612
0.00124232
)
;
    }
    outlet
    {
        type            zeroGradient;
    }
}


// ************************************************************************* //
