/*--------------------------------*- C++ -*----------------------------------*\
  =========                 |
  \\      /  F ield         | OpenFOAM: The Open Source CFD Toolbox
   \\    /   O peration     | Website:  https://openfoam.org
    \\  /    A nd           | Version:  9
     \\/     M anipulation  |
\*---------------------------------------------------------------------------*/
FoamFile
{
    format      ascii;
    class       volScalarField;
    location    "1.5";
    object      p;
}
// * * * * * * * * * * * * * * * * * * * * * * * * * * * * * * * * * * * * * //

dimensions      [0 2 -2 0 0 0 0];

internalField   nonuniform List<scalar> 
4545
(
20.0992
20.0935
20.0911
20.0935
20.0992
20.0803
20.1188
20.1032
20.1188
20.0803
20.0515
20.162
20.1263
20.162
20.0515
20.0086
20.2147
20.158
20.2147
20.0086
19.9548
20.2617
20.2014
20.2617
19.9548
19.9039
20.2964
20.2452
20.2964
19.9038
19.8627
20.3203
20.2827
20.3203
19.8626
19.8315
20.3365
20.3122
20.3363
19.8312
19.8089
20.3469
20.3341
20.3469
19.8075
19.7919
20.3533
20.3494
20.3532
19.7905
19.7786
20.3571
20.3603
20.3576
19.7752
19.766
20.3598
20.3678
20.3604
19.762
19.7556
20.361
20.3718
20.3603
19.7538
19.7534
20.358
20.3723
20.3587
19.7473
19.7524
20.3536
20.3702
20.3543
19.7456
19.748
20.3502
20.3677
20.3499
19.7427
19.7435
20.3462
20.3651
20.3476
19.7347
19.7367
20.3425
20.3613
20.3433
19.7304
19.7302
20.3381
20.3564
20.3374
19.7282
19.7259
20.3328
20.351
20.3323
19.7242
19.7262
20.3252
20.344
20.3253
19.7232
19.7266
20.318
20.3369
20.3183
19.722
19.7247
20.3121
20.3302
20.3126
19.7191
19.7223
20.3064
20.3234
20.3068
19.7166
19.7215
20.3005
20.3162
20.3009
19.7149
19.7229
20.2941
20.3087
20.295
19.7155
19.7244
20.2884
20.3015
20.2896
19.7173
19.7261
20.2838
20.2946
20.2846
19.72
19.7287
20.2802
20.2886
20.2805
19.7247
19.7325
20.2772
20.2834
20.2767
19.732
19.7378
20.2753
20.2791
20.2752
19.7362
19.7442
20.2746
20.2758
20.275
19.7427
19.753
20.2749
20.2731
20.2746
19.7541
19.7659
20.2754
20.2709
20.2752
19.7661
19.7799
20.2769
20.2694
20.2769
19.7801
19.7959
20.2794
20.2689
20.2794
19.796
19.8138
20.2827
20.2693
20.2827
19.8139
19.8336
20.2865
20.271
20.2866
19.8336
19.855
20.2907
20.2743
20.2908
19.8551
20.1214
20.0619
20.0897
20.0619
20.1214
20.2044
19.9844
20.0671
19.9844
20.2044
20.2875
19.977
20.0422
19.977
20.2875
20.2891
20.0037
20.0412
20.0037
20.2891
20.2529
20.0282
20.0625
20.0282
20.2529
20.2161
20.0454
20.0916
20.0453
20.2161
20.1864
20.0563
20.1178
20.0563
20.1864
20.1637
20.063
20.1385
20.0629
20.1635
20.1464
20.0668
20.1536
20.0667
20.1461
20.1332
20.0688
20.1636
20.0687
20.1329
20.123
20.0695
20.1705
20.0695
20.1229
20.1152
20.0693
20.175
20.0694
20.1151
20.1089
20.0685
20.1774
20.0682
20.1082
20.1027
20.0664
20.1779
20.0663
20.1022
20.0972
20.0638
20.177
20.0636
20.0965
20.0923
20.0612
20.1756
20.0608
20.0917
20.0877
20.0586
20.174
20.0585
20.0873
20.0835
20.0562
20.1719
20.0557
20.0827
20.0794
20.0536
20.1692
20.053
20.0785
20.0753
20.0508
20.1665
20.0505
20.0746
20.0711
20.0478
20.1633
20.0476
20.0707
20.0673
20.0451
20.1603
20.045
20.0672
20.0643
20.0432
20.1582
20.0431
20.0638
20.062
20.042
20.1567
20.0419
20.0612
20.0601
20.0412
20.1559
20.0411
20.0598
20.059
20.0409
20.1565
20.041
20.0587
20.059
20.0415
20.1579
20.0417
20.0586
20.0599
20.0432
20.1586
20.0432
20.0598
20.0621
20.0459
20.1592
20.0458
20.0619
20.0656
20.0495
20.161
20.0494
20.0653
20.0706
20.0544
20.1639
20.0543
20.0705
20.0771
20.0603
20.1676
20.0603
20.077
20.0852
20.0672
20.1719
20.0671
20.085
20.0947
20.0749
20.1767
20.0748
20.0946
20.1058
20.0834
20.1821
20.0833
20.1058
20.1181
20.0926
20.1879
20.0926
20.1181
20.1313
20.1026
20.1943
20.1026
20.1313
20.1452
20.1132
20.2013
20.1132
20.1452
20.1615
20.1221
20.209
20.1221
20.1615
20.1472
20.0235
20.0744
20.0235
20.1472
20.2984
19.9215
20.0038
19.9215
20.2984
20.4159
19.9244
19.9356
19.9244
20.4159
20.4315
19.9426
19.9121
19.9426
20.4315
20.4147
19.9564
19.9176
19.9564
20.4147
20.3962
19.9647
19.9317
19.9647
20.3962
20.3814
19.9683
19.9447
19.9683
20.3814
20.3702
19.9691
19.9546
19.969
20.3702
20.3617
19.9684
19.9613
19.9681
20.3619
20.3554
19.9667
19.9654
19.9665
20.3552
20.3507
19.9642
19.9674
19.9642
20.3504
20.3469
19.9615
19.968
19.9613
20.3468
20.3438
19.9583
19.9675
19.9583
20.3436
20.3396
19.9559
19.9665
19.955
20.3408
20.3356
19.9534
19.9652
19.9525
20.3369
20.3328
19.9502
19.9635
19.9501
20.333
20.33
19.9471
19.9613
19.9464
20.3312
20.3276
19.9441
19.9591
19.9431
20.3288
20.3253
19.9413
19.9573
19.941
20.3254
20.3235
19.9384
19.9554
19.9382
20.3231
20.3209
19.9366
19.9541
19.9366
20.3202
20.319
19.935
19.9532
19.9355
20.3177
20.3177
19.9338
19.9523
19.9336
20.3173
20.3168
19.9335
19.9522
19.9331
20.3166
20.3162
19.9342
19.9527
19.9344
20.3151
20.3159
19.9358
19.9533
19.9357
20.3151
20.3165
19.9382
19.9559
19.9379
20.3159
20.3187
19.9416
19.9607
19.9419
20.3174
20.3222
19.9468
19.9676
19.947
20.3212
20.3266
19.9527
19.9744
19.953
20.3257
20.3325
19.9593
19.9814
19.9596
20.3319
20.3395
19.9667
19.9887
19.9665
20.3397
20.3479
19.9748
19.9966
19.9748
20.3478
20.3566
19.9839
20.005
19.984
20.3566
20.366
19.9938
20.0137
19.9938
20.366
20.3759
20.004
20.0223
20.0041
20.3759
20.3857
20.0149
20.0309
20.0149
20.3857
20.3966
20.0252
20.0389
20.0252
20.3966
20.4144
20.0285
20.0442
20.0285
20.4144
20.1766
20.0026
20.058
20.0026
20.1766
20.3505
19.9094
19.9628
19.9094
20.3505
20.4393
19.943
19.8988
19.943
20.4393
20.4295
19.9753
19.8822
19.9753
20.4295
20.406
19.9948
19.8938
19.9949
20.406
20.3867
20.0061
19.9106
20.0061
20.3867
20.3723
20.0116
19.924
20.0115
20.3723
20.3619
20.0135
19.9332
20.0135
20.3619
20.3545
20.0134
19.9387
20.0133
20.3545
20.349
20.012
19.9417
20.0119
20.349
20.3448
20.0099
19.9428
20.0098
20.3448
20.3414
20.0075
19.9427
20.0074
20.3414
20.3386
20.0047
19.9418
20.0047
20.3386
20.3357
20.002
19.9404
20.0019
20.336
20.333
19.9992
19.9388
19.9992
20.3334
20.3306
19.9964
19.937
19.9965
20.3307
20.3282
19.9937
19.9351
19.9937
20.3285
20.326
19.9913
19.9335
19.9911
20.3263
20.3239
19.9891
19.9322
19.989
20.3239
20.3219
19.9873
19.9312
19.9872
20.3217
20.32
19.986
19.9308
19.9859
20.3196
20.3186
19.9851
19.9309
19.9852
20.3181
20.3177
19.9849
19.9316
19.9848
20.3173
20.3173
19.9855
19.9332
19.9853
20.317
20.3175
19.9869
19.9362
19.9869
20.3169
20.3182
19.9895
19.9399
19.9894
20.3178
20.3199
19.9931
19.9422
19.993
20.3195
20.3227
19.9969
19.9461
19.9968
20.3222
20.3264
20.0003
19.951
20.0004
20.3259
20.331
20.0052
19.9568
20.0053
20.3307
20.3369
20.011
19.9631
20.0111
20.3366
20.3437
20.0176
19.9697
20.0177
20.3436
20.3515
20.0248
19.9766
20.0249
20.3515
20.3601
20.0325
19.9835
20.0325
20.3601
20.3695
20.0403
19.9901
20.0403
20.3695
20.3793
20.0483
19.9961
20.0483
20.3793
20.3892
20.0565
20.0013
20.0565
20.3891
20.4006
20.0635
20.005
20.0635
20.4005
20.4204
20.0617
20.0049
20.0617
20.4204
20.2012
19.9906
20.0351
19.9906
20.2013
20.3779
19.9051
19.9291
19.9051
20.378
20.4401
19.9574
19.8813
19.9575
20.4402
20.4087
19.9979
19.8816
19.9979
20.4088
20.3748
20.0213
19.9066
20.0213
20.3749
20.3497
20.0357
19.9304
20.0357
20.3497
20.3316
20.0438
19.9473
20.0438
20.3316
20.3189
20.0479
19.9582
20.0478
20.3189
20.3101
20.0494
19.9647
20.0494
20.31
20.3037
20.0494
19.968
20.0494
20.3036
20.2988
20.0484
19.9694
20.0484
20.2988
20.2951
20.0469
19.9694
20.0469
20.2951
20.292
20.0449
19.9685
20.0449
20.2921
20.2893
20.0428
19.9671
20.0428
20.2894
20.2868
20.0405
19.9654
20.0406
20.287
20.2846
20.0382
19.9636
20.0382
20.2848
20.2826
20.036
19.9617
20.036
20.2827
20.2806
20.0339
19.96
20.034
20.2807
20.2789
20.0321
19.9586
20.0321
20.2789
20.2774
20.0306
19.9574
20.0306
20.2773
20.2761
20.0295
19.9567
20.0295
20.276
20.2753
20.0288
19.9564
20.0287
20.2751
20.275
20.0286
19.9566
20.0285
20.2748
20.2752
20.0289
19.9573
20.0288
20.275
20.2759
20.0298
19.9587
20.0298
20.2757
20.2774
20.0314
19.9606
20.0314
20.2772
20.2797
20.0338
19.963
20.0337
20.2795
20.2829
20.0367
19.966
20.0366
20.2828
20.2872
20.0402
19.9697
20.0402
20.287
20.2923
20.0444
19.9738
20.0444
20.2922
20.2985
20.0491
19.9781
20.0491
20.2985
20.3057
20.0542
19.9826
20.0542
20.3057
20.3139
20.0595
19.9868
20.0595
20.3139
20.3231
20.0649
19.9907
20.0649
20.3231
20.3333
20.0702
19.9939
20.0702
20.3333
20.3443
20.0752
19.996
20.0752
20.3443
20.3558
20.0802
19.9968
20.0803
20.3558
20.3699
20.0838
19.9951
20.0838
20.3699
20.3946
20.0777
19.9871
20.0777
20.3946
20.2213
19.9872
20.0186
19.9872
20.2213
20.3948
19.9068
19.9087
19.9068
20.3949
20.4365
19.9683
19.8749
19.9684
20.4367
20.392
20.0113
19.8915
20.0114
20.3921
20.3511
20.0373
19.926
20.0373
20.3511
20.3214
20.054
19.9549
20.054
20.3214
20.3004
20.064
19.9752
20.064
20.3003
20.2857
20.0696
19.9885
20.0696
20.2857
20.2754
20.0724
19.9967
20.0724
20.2754
20.268
20.0734
20.0014
20.0734
20.268
20.2626
20.0734
20.0037
20.0734
20.2626
20.2584
20.0726
20.0045
20.0726
20.2585
20.2551
20.0713
20.0043
20.0713
20.2552
20.2523
20.0697
20.0034
20.0698
20.2524
20.2498
20.068
20.0021
20.0681
20.25
20.2477
20.0662
20.0006
20.0663
20.2478
20.2458
20.0644
19.9991
20.0645
20.2459
20.244
20.0628
19.9976
20.0628
20.2441
20.2425
20.0613
19.9962
20.0613
20.2425
20.2412
20.06
19.995
20.06
20.2412
20.2402
20.0589
19.9941
20.0589
20.2402
20.2396
20.0582
19.9935
20.0582
20.2396
20.2394
20.0579
19.9933
20.0579
20.2394
20.2397
20.0579
19.9934
20.0579
20.2397
20.2406
20.0584
19.9938
20.0584
20.2405
20.242
20.0593
19.9947
20.0593
20.2419
20.2441
20.0607
19.9959
20.0607
20.244
20.247
20.0625
19.9975
20.0625
20.2469
20.2507
20.0648
19.9993
20.0648
20.2507
20.2554
20.0674
20.0012
20.0675
20.2554
20.261
20.0704
20.0032
20.0704
20.261
20.2676
20.0735
20.005
20.0735
20.2676
20.2753
20.0766
20.0063
20.0767
20.2753
20.2842
20.0796
20.0069
20.0797
20.2843
20.2944
20.0823
20.0064
20.0824
20.2945
20.3058
20.0847
20.0045
20.0847
20.3059
20.3184
20.087
20.0009
20.087
20.3184
20.3343
20.0878
19.9943
20.0878
20.3343
20.3625
20.0785
19.9804
20.0785
20.3625
20.2343
19.9868
20.0068
19.9868
20.2344
20.4049
19.9093
19.8963
19.9094
20.405
20.432
19.9757
19.8741
19.9758
20.4321
20.3798
20.02
19.9018
20.02
20.3799
20.3348
20.0477
19.9419
20.0477
20.3348
20.3024
20.0659
19.9744
20.0659
20.3024
20.2794
20.0771
19.9974
20.0771
20.2793
20.2633
20.0837
20.0127
20.0837
20.2633
20.2521
20.0875
20.0224
20.0875
20.2521
20.2441
20.0893
20.0284
20.0893
20.2441
20.2382
20.09
20.0318
20.09
20.2382
20.2338
20.0898
20.0334
20.0898
20.2338
20.2303
20.0891
20.0339
20.0891
20.2303
20.2273
20.0881
20.0337
20.0881
20.2274
20.2249
20.0869
20.0329
20.0869
20.225
20.2228
20.0855
20.0319
20.0855
20.2229
20.2209
20.0841
20.0307
20.0841
20.221
20.2192
20.0827
20.0295
20.0828
20.2193
20.2177
20.0814
20.0283
20.0815
20.2178
20.2164
20.0802
20.0272
20.0802
20.2165
20.2154
20.0792
20.0261
20.0792
20.2154
20.2146
20.0783
20.0252
20.0783
20.2146
20.2142
20.0776
20.0245
20.0776
20.2142
20.2141
20.0772
20.024
20.0772
20.2141
20.2143
20.0769
20.0236
20.0769
20.2144
20.2151
20.0769
20.0233
20.0769
20.2151
20.2163
20.0771
20.0231
20.0771
20.2163
20.2181
20.0775
20.0229
20.0775
20.2182
20.2207
20.0781
20.0228
20.0781
20.2207
20.224
20.0788
20.0225
20.0789
20.224
20.2282
20.0797
20.0219
20.0797
20.2282
20.2334
20.0805
20.0209
20.0805
20.2335
20.2397
20.0812
20.0191
20.0812
20.2398
20.2475
20.0816
20.0164
20.0817
20.2476
20.2568
20.0817
20.0123
20.0818
20.2569
20.2679
20.0814
20.0066
20.0815
20.2679
20.2805
20.0812
19.999
20.0812
20.2806
20.2975
20.0795
19.9882
20.0795
20.2975
20.328
20.0676
19.9697
20.0676
20.3279
20.2413
19.9872
19.9999
19.9872
20.2413
20.4104
19.9113
19.8896
19.9114
20.4105
20.4283
19.9804
19.8753
19.9805
20.4285
20.3718
20.0255
19.9096
20.0256
20.3719
20.3245
20.0543
19.9531
20.0543
20.3245
20.2905
20.0734
19.9879
20.0734
20.2905
20.2664
20.0854
20.0127
20.0854
20.2663
20.2496
20.0928
20.0295
20.0928
20.2496
20.2378
20.0972
20.0404
20.0972
20.2378
20.2295
20.0997
20.0473
20.0997
20.2295
20.2234
20.1009
20.0515
20.1009
20.2235
20.2189
20.1013
20.0539
20.1013
20.219
20.2154
20.1011
20.0551
20.1011
20.2154
20.2125
20.1005
20.0555
20.1006
20.2125
20.2101
20.0997
20.0553
20.0998
20.2102
20.208
20.0987
20.0547
20.0988
20.2081
20.2062
20.0976
20.0539
20.0977
20.2063
20.2045
20.0965
20.053
20.0966
20.2046
20.203
20.0954
20.052
20.0955
20.2031
20.2016
20.0943
20.0509
20.0943
20.2017
20.2004
20.0931
20.0497
20.0932
20.2005
20.1993
20.092
20.0486
20.092
20.1994
20.1984
20.0909
20.0474
20.0909
20.1985
20.1976
20.0898
20.0462
20.0899
20.1977
20.197
20.0887
20.0448
20.0887
20.1971
20.1967
20.0875
20.0433
20.0876
20.1968
20.1966
20.0863
20.0416
20.0864
20.1967
20.1969
20.0851
20.0397
20.0851
20.197
20.1977
20.0837
20.0374
20.0838
20.1978
20.1991
20.0823
20.0347
20.0824
20.1992
20.2012
20.0807
20.0314
20.0808
20.2013
20.2043
20.0789
20.0274
20.0789
20.2044
20.2086
20.0768
20.0225
20.0768
20.2087
20.2143
20.0743
20.0163
20.0744
20.2144
20.222
20.0715
20.0087
20.0716
20.2221
20.2317
20.0684
19.9993
20.0685
20.2317
20.2436
20.0655
19.988
20.0655
20.2436
20.2606
20.0613
19.9734
20.0613
20.2606
20.2922
20.047
19.9512
20.047
20.2922
20.2441
19.9876
19.9968
19.9877
20.2442
20.4128
19.9125
19.8866
19.9126
20.413
20.4263
19.983
19.8765
19.9831
20.4264
20.3676
20.0286
19.9143
20.0287
20.3677
20.3192
20.0581
19.9597
20.0581
20.3192
20.2844
20.0778
19.9959
20.0778
20.2844
20.2598
20.0904
20.0218
20.0904
20.2598
20.2427
20.0983
20.0395
20.0983
20.2427
20.2308
20.1032
20.0512
20.1032
20.2308
20.2224
20.1061
20.0589
20.1061
20.2224
20.2164
20.1078
20.0637
20.1078
20.2164
20.2119
20.1086
20.0667
20.1087
20.212
20.2085
20.1089
20.0684
20.1089
20.2086
20.2058
20.1087
20.0693
20.1088
20.2059
20.2035
20.1083
20.0696
20.1084
20.2036
20.2017
20.1077
20.0695
20.1078
20.2018
20.2
20.1069
20.069
20.107
20.2001
20.1984
20.1061
20.0684
20.1061
20.1985
20.1969
20.1051
20.0676
20.1052
20.197
20.1954
20.104
20.0666
20.104
20.1955
20.194
20.1027
20.0654
20.1028
20.1941
20.1925
20.1013
20.064
20.1014
20.1927
20.191
20.0998
20.0623
20.0999
20.1912
20.1895
20.098
20.0604
20.0981
20.1897
20.188
20.096
20.0581
20.0961
20.1881
20.1864
20.0936
20.0554
20.0937
20.1865
20.1847
20.0909
20.0521
20.091
20.1849
20.1832
20.0878
20.0483
20.0879
20.1834
20.1819
20.0843
20.0438
20.0844
20.182
20.1808
20.0803
20.0385
20.0804
20.181
20.1803
20.0759
20.0323
20.076
20.1805
20.1805
20.071
20.025
20.0711
20.1807
20.1819
20.0657
20.0166
20.0658
20.182
20.1848
20.0599
20.0067
20.0599
20.1849
20.1897
20.0536
19.9952
20.0537
20.1898
20.197
20.0472
19.982
20.0473
20.1971
20.2071
20.0412
19.9669
20.0412
20.2072
20.223
20.0342
19.9486
20.0343
20.223
20.2545
20.0175
19.923
20.0175
20.2546
20.2442
19.9879
19.9965
19.9879
20.2443
20.4132
19.9128
19.8864
19.9129
20.4133
20.4262
19.9838
19.8773
19.9839
20.4264
20.367
20.0298
19.916
20.0299
20.3671
20.3183
20.0596
19.9621
20.0597
20.3184
20.2834
20.0797
19.999
20.0797
20.2834
20.2587
20.0926
20.0254
20.0926
20.2587
20.2416
20.1009
20.0436
20.1009
20.2416
20.2298
20.1062
20.0558
20.1062
20.2298
20.2216
20.1095
20.0639
20.1095
20.2216
20.2158
20.1116
20.0692
20.1116
20.2158
20.2116
20.1128
20.0726
20.1128
20.2116
20.2084
20.1134
20.0748
20.1134
20.2085
20.206
20.1137
20.0761
20.1137
20.2061
20.204
20.1136
20.0768
20.1137
20.2041
20.2024
20.1133
20.077
20.1134
20.2025
20.201
20.1129
20.0769
20.113
20.2011
20.1996
20.1123
20.0766
20.1123
20.1997
20.1981
20.1115
20.076
20.1116
20.1983
20.1967
20.1104
20.0751
20.1105
20.1969
20.1951
20.1092
20.0738
20.1093
20.1953
20.1934
20.1076
20.0723
20.1077
20.1936
20.1914
20.1057
20.0703
20.1058
20.1917
20.1892
20.1033
20.0678
20.1034
20.1894
20.1867
20.1004
20.0646
20.1005
20.1869
20.1838
20.0968
20.0607
20.0969
20.184
20.1805
20.0925
20.0559
20.0927
20.1808
20.177
20.0875
20.0502
20.0876
20.1772
20.1732
20.0816
20.0433
20.0818
20.1734
20.1693
20.0749
20.0352
20.075
20.1696
20.1656
20.0673
20.0258
20.0674
20.1658
20.1623
20.0589
20.0149
20.059
20.1625
20.1598
20.0496
20.0025
20.0497
20.16
20.1587
20.0397
19.9884
20.0397
20.1589
20.1597
20.0292
19.9725
20.0293
20.1598
20.1633
20.0186
19.9548
20.0187
20.1634
20.1701
20.0086
19.9354
20.0087
20.1702
20.1834
19.9982
19.9132
19.9983
20.1834
20.2133
19.9788
19.8842
19.9788
20.2133
20.2419
19.9877
19.9989
19.9878
20.2419
20.4116
19.9122
19.8888
19.9123
20.4117
20.428
19.9828
19.8773
19.9829
20.4282
20.3698
20.0291
19.9146
20.0292
20.37
20.3215
20.0591
19.9604
20.0591
20.3216
20.2869
20.0794
19.9973
20.0794
20.2869
20.2626
20.0925
20.0237
20.0925
20.2625
20.2458
20.1009
20.042
20.1009
20.2458
20.2344
20.1064
20.0544
20.1064
20.2344
20.2265
20.11
20.0627
20.1101
20.2265
20.2211
20.1124
20.0683
20.1124
20.2211
20.2173
20.1139
20.072
20.114
20.2174
20.2146
20.1149
20.0745
20.1149
20.2146
20.2126
20.1155
20.0761
20.1156
20.2126
20.211
20.1159
20.0772
20.1159
20.2111
20.2098
20.1159
20.0777
20.116
20.2099
20.2087
20.1158
20.078
20.1159
20.2088
20.2076
20.1155
20.0779
20.1156
20.2078
20.2065
20.115
20.0776
20.1151
20.2066
20.2052
20.1141
20.0768
20.1142
20.2054
20.2037
20.1129
20.0757
20.1131
20.2039
20.2018
20.1113
20.0741
20.1114
20.2021
20.1996
20.1091
20.0719
20.1093
20.1998
20.1968
20.1063
20.069
20.1065
20.1971
20.1935
20.1027
20.0651
20.1028
20.1938
20.1894
20.0981
20.0602
20.0982
20.1897
20.1846
20.0924
20.0541
20.0926
20.1849
20.1791
20.0855
20.0465
20.0856
20.1793
20.1727
20.0773
20.0373
20.0774
20.173
20.1657
20.0676
20.0263
20.0677
20.1659
20.1582
20.0564
20.0134
20.0565
20.1584
20.1506
20.0438
19.9984
20.0439
20.1508
20.1432
20.0299
19.9813
20.03
20.1434
20.1367
20.0148
19.9621
20.0149
20.1369
20.1321
19.9989
19.9408
19.9989
20.1323
20.1301
19.9828
19.9176
19.9829
20.1302
20.1317
19.9675
19.8929
19.9676
20.1318
20.1404
19.9524
19.8659
19.9525
20.1405
20.1669
19.9295
19.833
19.9296
20.167
20.2365
19.9874
20.0042
19.9875
20.2365
20.4076
19.9107
19.8942
19.9108
20.4078
20.4315
19.9801
19.877
19.9802
20.4316
20.3761
20.0264
19.9103
20.0265
20.3762
20.329
20.0563
19.9546
20.0563
20.329
20.2953
20.0765
19.9905
20.0765
20.2953
20.2717
20.0896
20.0165
20.0896
20.2717
20.2557
20.0981
20.0344
20.0981
20.2556
20.2448
20.1037
20.0466
20.1037
20.2448
20.2376
20.1074
20.0549
20.1074
20.2376
20.2327
20.11
20.0605
20.11
20.2327
20.2296
20.1118
20.0643
20.1118
20.2295
20.2274
20.113
20.067
20.113
20.2274
20.2259
20.114
20.0689
20.114
20.2259
20.2249
20.1147
20.0702
20.1147
20.225
20.2242
20.1151
20.0711
20.1152
20.2243
20.2237
20.1154
20.0717
20.1155
20.2238
20.2231
20.1155
20.072
20.1155
20.2232
20.2223
20.1153
20.072
20.1154
20.2225
20.2214
20.1148
20.0716
20.1149
20.2216
20.2202
20.1138
20.0708
20.114
20.2205
20.2185
20.1124
20.0693
20.1125
20.2188
20.2163
20.1102
20.0672
20.1104
20.2166
20.2134
20.1073
20.0641
20.1074
20.2137
20.2096
20.1032
20.0599
20.1034
20.2099
20.2047
20.0979
20.0543
20.0981
20.205
20.1987
20.0912
20.0471
20.0913
20.199
20.1913
20.0826
20.0379
20.0828
20.1916
20.1825
20.0722
20.0266
20.0723
20.1827
20.1722
20.0595
20.0127
20.0596
20.1724
20.1606
20.0446
19.9961
20.0447
20.1608
20.1478
20.0273
19.9766
20.0273
20.148
20.1342
20.0077
19.9541
20.0077
20.1344
20.1207
19.986
19.9286
19.9861
20.1209
20.1082
19.9629
19.9003
19.963
20.1084
20.0979
19.9393
19.8698
19.9393
20.0981
20.0913
19.9165
19.8378
19.9165
20.0914
20.0925
19.8946
19.8042
19.8947
20.0926
20.1132
19.8665
19.7662
19.8666
20.1133
20.2267
19.9874
20.0131
19.9874
20.2267
20.4003
19.9086
19.9035
19.9087
20.4004
20.436
19.9753
19.8772
19.9754
20.4362
20.3858
20.0214
19.9032
20.0215
20.3859
20.3412
20.0507
19.9442
20.0507
20.3413
20.3093
20.0704
19.9783
20.0704
20.3093
20.2871
20.0832
20.0029
20.0832
20.2871
20.2722
20.0915
20.02
20.0915
20.2722
20.2624
20.097
20.0316
20.0969
20.2623
20.256
20.1007
20.0395
20.1006
20.2559
20.2519
20.1033
20.0449
20.1033
20.2519
20.2495
20.1052
20.0487
20.1052
20.2494
20.2481
20.1067
20.0514
20.1067
20.248
20.2473
20.1079
20.0534
20.1079
20.2472
20.247
20.109
20.055
20.109
20.247
20.247
20.1098
20.0562
20.1098
20.247
20.2471
20.1105
20.0572
20.1106
20.2472
20.2471
20.1111
20.0579
20.1111
20.2473
20.2471
20.1114
20.0584
20.1115
20.2472
20.2468
20.1114
20.0585
20.1115
20.247
20.2461
20.111
20.0582
20.1111
20.2464
20.245
20.11
20.0572
20.1101
20.2453
20.2432
20.1082
20.0555
20.1084
20.2435
20.2405
20.1055
20.0527
20.1057
20.2409
20.2368
20.1016
20.0487
20.1018
20.2372
20.2318
20.0962
20.043
20.0963
20.2321
20.2251
20.0888
20.0353
20.089
20.2254
20.2165
20.0792
20.0251
20.0793
20.2168
20.2057
20.067
20.0121
20.067
20.2059
20.1924
20.0516
19.9956
20.0517
20.1926
20.1765
20.0329
19.9754
20.0329
20.1767
20.158
20.0104
19.951
20.0105
20.1581
20.137
19.9843
19.9221
19.9843
20.1371
20.1142
19.9545
19.8888
19.9545
20.1144
20.0908
19.9217
19.8512
19.9217
20.0909
20.0681
19.887
19.8103
19.8871
20.0682
20.0484
19.8528
19.7675
19.8528
20.0485
20.0368
19.8201
19.7237
19.8201
20.0369
20.0471
19.7835
19.6775
19.7835
20.0472
20.2115
19.9889
20.0267
19.9889
20.2115
20.3884
19.9068
19.9188
19.9068
20.3885
20.4404
19.968
19.88
19.9681
20.4405
20.3991
20.0133
19.8939
20.0134
20.3992
20.359
20.0412
19.9292
20.0412
20.3591
20.3302
20.0599
19.96
20.0599
20.3302
20.3102
20.0719
19.9824
20.0719
20.3102
20.297
20.0796
19.998
20.0795
20.297
20.2886
20.0846
20.0085
20.0846
20.2885
20.2834
20.0881
20.0157
20.088
20.2832
20.2804
20.0906
20.0207
20.0905
20.2802
20.2788
20.0926
20.0243
20.0924
20.2786
20.2783
20.0942
20.027
20.094
20.2781
20.2784
20.0956
20.0291
20.0955
20.2782
20.2789
20.0969
20.0309
20.0969
20.2787
20.2797
20.0982
20.0325
20.0981
20.2796
20.2807
20.0994
20.0339
20.0993
20.2806
20.2815
20.1004
20.0352
20.1005
20.2816
20.2823
20.1014
20.0363
20.1014
20.2824
20.2828
20.1021
20.0372
20.1022
20.283
20.283
20.1024
20.0377
20.1025
20.2833
20.2828
20.1023
20.0376
20.1024
20.2831
20.2819
20.1014
20.0368
20.1015
20.2823
20.2801
20.0996
20.035
20.0997
20.2805
20.2772
20.0965
20.0318
20.0965
20.2776
20.2729
20.0917
20.0269
20.0917
20.2732
20.2665
20.0847
20.0197
20.0848
20.2668
20.2578
20.075
20.0095
20.075
20.258
20.2461
20.0619
19.9957
20.0619
20.2462
20.2308
20.0447
19.9776
20.0447
20.2309
20.2113
20.0226
19.9542
20.0226
20.2114
20.187
19.995
19.9248
19.995
20.1871
20.1577
19.9614
19.8888
19.9614
20.1577
20.1234
19.9216
19.8458
19.9216
20.1235
20.085
19.8759
19.7959
19.8759
20.085
20.0439
19.8255
19.7399
19.8255
20.044
20.003
19.7731
19.6799
19.7732
20.0031
19.9691
19.7217
19.6183
19.7217
19.9692
19.9588
19.6685
19.5565
19.6685
19.9589
20.1916
19.9946
20.0443
19.9946
20.1916
20.3695
19.9073
19.942
19.9074
20.3695
20.4422
19.9576
19.8891
19.9577
20.4423
20.4161
20.0003
19.8856
20.0004
20.4162
20.3838
20.0261
19.911
20.0261
20.3838
20.3598
20.0428
19.9367
20.0428
20.3598
20.3432
20.0532
19.9561
20.0532
20.3432
20.3324
20.0598
19.9695
20.0597
20.3323
20.3258
20.064
19.9788
20.0639
20.3256
20.3221
20.0669
19.9851
20.0668
20.3218
20.3202
20.0691
19.9896
20.0689
20.3199
20.3197
20.0709
19.9931
20.0707
20.3193
20.3201
20.0725
19.9958
20.0723
20.3197
20.3211
20.0741
19.9982
20.0739
20.3207
20.3225
20.0757
20.0004
20.0755
20.3221
20.3242
20.0772
20.0024
20.0771
20.3239
20.3261
20.0789
20.0044
20.0788
20.3258
20.3278
20.0806
20.0064
20.0805
20.3277
20.3294
20.0823
20.0084
20.0822
20.3295
20.3309
20.0838
20.0104
20.0838
20.3311
20.3322
20.0852
20.0121
20.0852
20.3324
20.3331
20.0863
20.0135
20.0862
20.3335
20.3336
20.0867
20.0142
20.0867
20.3341
20.3334
20.0864
20.0141
20.0863
20.3339
20.3322
20.0849
20.0128
20.0848
20.3326
20.3295
20.0818
20.0097
20.0817
20.3299
20.3248
20.0765
20.0043
20.0764
20.3251
20.3177
20.0683
19.9957
20.0681
20.3178
20.3069
20.056
19.9829
20.0558
20.3068
20.2915
20.0386
19.9647
20.0384
20.2914
20.2704
20.0147
19.9395
20.0145
20.2702
20.2418
19.9828
19.9059
19.9826
20.2417
20.2045
19.9415
19.8623
19.9413
20.2044
20.1571
19.8896
19.8074
19.8894
20.157
20.0989
19.8264
19.7404
19.8263
20.0989
20.0305
19.7525
19.6614
19.7524
20.0305
19.9543
19.67
19.572
19.67
19.9543
19.8785
19.5831
19.4761
19.5831
19.8785
19.8236
19.4935
19.3788
19.4935
19.8237
20.1688
20.0102
20.0663
20.0102
20.1688
20.3385
19.9155
19.977
19.9155
20.3385
20.4378
19.9448
19.9081
19.9449
20.4378
20.4362
19.9783
19.8883
19.9783
20.4362
20.4153
20.0004
19.8997
20.0004
20.4154
20.3977
20.0142
19.9182
20.0142
20.3977
20.3852
20.0223
19.934
20.0223
20.3851
20.377
20.027
19.946
20.027
20.3769
20.3723
20.0299
19.9546
20.0297
20.3721
20.37
20.0318
19.9609
20.0316
20.3696
20.3694
20.0333
19.9658
20.0331
20.3686
20.3698
20.0347
19.9697
20.0346
20.3687
20.3709
20.0363
19.9731
20.0361
20.37
20.3726
20.038
19.9761
20.0378
20.3717
20.3747
20.0398
19.9791
20.0396
20.3738
20.3774
20.0416
19.9819
20.0415
20.3766
20.3802
20.0436
19.9848
20.0435
20.3796
20.3828
20.046
19.9879
20.0458
20.3825
20.3854
20.0485
19.9912
20.0483
20.3851
20.3877
20.0513
19.9947
20.0509
20.3878
20.3899
20.0541
19.9982
20.0537
20.3902
20.3924
20.0566
20.0015
20.0562
20.3928
20.3947
20.0589
20.0044
20.0583
20.3955
20.3966
20.0607
20.0069
20.06
20.3975
20.3981
20.0617
20.0085
20.061
20.3987
20.3986
20.0615
20.0086
20.0608
20.3991
20.3974
20.0593
20.0067
20.0587
20.3978
20.3937
20.0542
20.0018
20.0538
20.3935
20.3861
20.0452
19.9925
20.045
20.3853
20.3744
20.0309
19.9773
20.0305
20.3734
20.3572
20.0089
19.9538
20.0085
20.3565
20.33
19.9766
19.9194
19.9761
20.3294
20.2897
19.9308
19.871
19.9303
20.2893
20.2329
19.8683
19.8051
19.8679
20.2325
20.1548
19.786
19.7184
19.7858
20.1545
20.0514
19.6813
19.6076
19.6811
20.0512
19.9203
19.5526
19.471
19.5525
19.9201
19.766
19.4015
19.31
19.4014
19.7659
19.6096
19.2305
19.131
19.2305
19.6095
20.1416
20.0324
20.0804
20.0324
20.1416
20.2833
19.9326
20.0189
19.9326
20.2833
20.4105
19.9284
19.9463
19.9285
20.4105
20.4371
19.9467
19.9193
19.9467
20.4372
20.4243
19.9626
19.9243
19.9626
20.4243
20.4079
19.9735
19.9398
19.9735
20.4079
20.3952
19.9799
19.9554
19.9799
20.3951
20.3864
19.9836
19.9682
19.9835
20.3863
20.3811
19.9858
19.9781
19.9857
20.3808
20.3783
19.9876
19.9858
19.9874
20.3778
20.3775
19.9891
19.9922
19.9897
20.3755
20.3779
19.9907
19.9975
19.992
20.3749
20.3786
19.993
20.002
19.9933
20.3769
20.3804
19.9953
20.0062
19.9956
20.3787
20.3828
19.9979
20.0103
19.9983
20.3806
20.3863
20
20.0138
20.0006
20.3842
20.3902
20.0024
20.0173
20.0024
20.3892
20.3939
20.0056
20.0213
20.0053
20.3934
20.3983
20.0087
20.0257
20.0089
20.3971
20.401
20.0134
20.0305
20.0127
20.4013
20.4042
20.0184
20.0358
20.0176
20.4048
20.409
20.0227
20.0408
20.0218
20.4096
20.414
20.0271
20.0457
20.0253
20.4161
20.4192
20.0317
20.0507
20.0296
20.4217
20.4255
20.0355
20.0555
20.0344
20.4265
20.4314
20.0391
20.0595
20.0381
20.4321
20.4367
20.0417
20.0622
20.0402
20.438
20.4424
20.0414
20.0626
20.0412
20.4417
20.4462
20.0379
20.0595
20.0394
20.4428
20.4436
20.0306
20.0509
20.0314
20.4409
20.4343
20.0144
20.0331
20.0145
20.4326
20.4163
19.9852
20.0018
19.9851
20.415
20.3826
19.9367
19.9507
19.9362
20.3818
20.3255
19.861
19.8718
19.8604
20.3249
20.2296
19.7496
19.7552
19.7492
20.2291
20.0812
19.5897
19.5877
19.5894
20.0809
19.8633
19.3687
19.3559
19.3685
19.8631
19.5606
19.0799
19.0524
19.0798
19.5604
19.157
18.7034
18.662
18.7033
19.1569
20.1174
20.0685
20.0925
20.0685
20.1174
20.1937
19.9966
20.0742
19.9966
20.1937
20.2843
19.9811
20.0497
19.9811
20.2843
20.2965
20.007
20.0473
20.007
20.2965
20.2644
20.0336
20.0678
20.0336
20.2644
20.2294
20.0535
20.0987
20.0535
20.2294
20.2014
20.0674
20.1275
20.0674
20.2013
20.1806
20.0772
20.1515
20.0771
20.1805
20.1659
20.0844
20.1704
20.0843
20.1656
20.1559
20.0903
20.1845
20.0903
20.1557
20.1494
20.0951
20.1957
20.0951
20.1493
20.1458
20.0996
20.2048
20.0995
20.1457
20.1442
20.1037
20.2126
20.1038
20.1441
20.144
20.1076
20.2193
20.1072
20.1437
20.1449
20.1112
20.2252
20.1109
20.1443
20.1462
20.1153
20.2309
20.1157
20.1461
20.1487
20.1199
20.2368
20.1207
20.1489
20.1522
20.1251
20.2426
20.1256
20.1519
20.1564
20.131
20.2484
20.1308
20.1557
20.1605
20.1364
20.2543
20.1364
20.1602
20.1656
20.1425
20.2605
20.1419
20.1649
20.1716
20.1495
20.2675
20.1487
20.1704
20.1779
20.1569
20.2753
20.1566
20.1769
20.1849
20.165
20.2835
20.1647
20.1839
20.1929
20.1738
20.2922
20.1733
20.1915
20.2016
20.1832
20.3016
20.1828
20.2002
20.2112
20.1931
20.3116
20.193
20.2101
20.2208
20.2032
20.3215
20.203
20.2202
20.2309
20.2128
20.3307
20.2122
20.2301
20.2407
20.2206
20.3381
20.2203
20.2397
20.2478
20.2246
20.3417
20.225
20.2476
20.2508
20.2221
20.3377
20.2224
20.2506
20.2469
20.2081
20.3209
20.208
20.2463
20.2272
20.1742
20.2825
20.1738
20.226
20.1669
20.1065
20.2085
20.1061
20.1662
20.067
19.9884
20.0807
19.9881
20.0664
19.9112
19.8079
19.8827
19.8076
19.9107
19.6135
19.4995
19.5537
19.4993
19.6132
18.6831
18.5423
18.5913
18.5422
18.683
20.1013
20.0929
20.0931
20.0929
20.1013
20.0836
20.1211
20.1062
20.1211
20.0836
20.0568
20.1632
20.1293
20.1632
20.0568
20.0181
20.2157
20.1602
20.2157
20.0181
19.9672
20.2651
20.2048
20.2651
19.9672
19.9179
20.303
20.2509
20.3029
19.9178
19.8779
20.33
20.2913
20.33
19.8778
19.8484
20.3494
20.3242
20.3493
19.8481
19.8275
20.3636
20.3499
20.3635
19.8268
19.8132
20.3741
20.3699
20.3746
19.8109
19.8036
20.3822
20.385
20.3823
19.8027
19.7965
20.3894
20.3969
20.3889
19.7974
19.795
20.3948
20.4068
20.3958
19.7911
19.7956
20.3994
20.4143
20.4003
19.7914
19.7978
20.4034
20.42
20.4032
19.7963
19.8011
20.4076
20.4259
20.4076
19.7981
19.804
20.4126
20.4322
20.4139
19.7976
19.8061
20.4181
20.438
20.4183
19.8028
19.8085
20.4242
20.4436
20.4231
19.8091
19.8187
20.4277
20.4484
20.4285
19.815
19.828
20.4326
20.4533
20.4322
19.8259
19.8341
20.4404
20.4601
20.4388
19.8343
19.8438
20.4477
20.4682
20.4483
19.8398
19.8545
20.456
20.4768
20.4568
19.8504
19.8647
20.4665
20.4862
20.4649
19.8658
19.8785
20.4776
20.4973
20.4765
19.8791
19.895
20.4903
20.5103
20.4914
19.8913
19.9124
20.5054
20.5247
20.5058
19.9102
19.9313
20.5231
20.5405
20.5208
19.9337
19.9556
20.5408
20.5579
20.5403
19.9555
19.982
20.5596
20.5763
20.5622
19.9772
20.0063
20.579
20.5933
20.581
20.0023
20.0264
20.5955
20.6049
20.5955
20.0228
20.0336
20.5996
20.6026
20.5989
20.0317
20.0183
20.5727
20.5678
20.5724
20.0174
19.9461
20.484
20.4655
20.4836
19.9452
19.7442
20.2512
20.2108
20.2509
19.7437
19.3031
19.7273
19.646
19.7271
19.3028
18.1495
18.3939
18.3011
18.3937
18.1492
19.9314
20.3151
20.3037
20.3151
19.9314
20.2251
20.1451
20.2433
20.1451
20.2252
20.4706
20.0299
20.0719
20.03
20.4706
20.4935
20.0382
20.0149
20.0383
20.4935
20.4918
20.036
19.9782
20.036
20.4918
20.4813
20.0262
19.9541
20.0262
20.4812
20.4646
20.0077
19.9306
20.0077
20.4645
20.4424
19.9811
19.9023
19.9811
20.4423
20.4139
19.9461
19.866
19.9461
20.4138
20.378
19.9021
19.8203
19.9022
20.378
20.3342
19.8487
19.7641
19.8487
20.3342
20.2817
19.7847
19.6964
19.7848
20.2817
20.2179
19.7069
19.6141
19.7069
20.2179
20.1356
19.6067
19.5106
19.6068
20.1356
20.0048
19.4524
19.358
19.4525
20.0048
19.7651
19.1936
19.118
19.1936
19.7652
19.1531
18.5713
18.5436
18.5713
19.1531
17.8263
17.4343
17.5009
17.4343
17.8263
13.9229
13.7362
13.863
13.7362
13.923
19.9137
20.3074
20.2936
20.3074
19.9137
20.2098
20.1414
20.2348
20.1415
20.2098
20.4646
20.0276
20.0609
20.0276
20.4646
20.4828
20.0422
20.0062
20.0423
20.4827
20.4757
20.0442
19.9705
20.0442
20.4757
20.4593
20.0367
19.9481
20.0367
20.4592
20.4373
20.0196
19.9263
20.0196
20.4372
20.4108
19.994
19.8991
19.994
20.4107
20.3788
19.9597
19.8638
19.9597
20.3787
20.34
19.9163
19.8188
19.9163
20.34
20.2934
19.8626
19.7624
19.8626
20.2934
20.2372
19.7961
19.6921
19.7962
20.2372
20.1661
19.7109
19.6024
19.711
20.1661
20.0676
19.5937
19.4814
19.5937
20.0677
19.9001
19.4018
19.2902
19.4019
19.9001
19.5738
19.0611
18.9663
19.0611
19.5738
18.7603
18.2561
18.2083
18.2562
18.7603
16.9024
16.478
16.5272
16.478
16.9024
12.6333
12.3332
12.556
12.3332
12.6333
19.8952
20.3006
20.2854
20.3006
19.8952
20.1942
20.1357
20.2263
20.1358
20.1942
20.4541
20.025
20.0527
20.025
20.454
20.4672
20.0458
20.0021
20.0458
20.4672
20.4543
20.0523
19.9699
20.0523
20.4542
20.4322
20.0473
19.9514
20.0473
20.4321
20.4053
20.0319
19.9324
20.0319
20.4052
20.3749
20.0075
19.9075
20.0075
20.3748
20.3401
19.9744
19.874
19.9744
20.3401
20.2995
19.9324
19.8305
19.9325
20.2995
20.2517
19.8796
19.775
19.8797
20.2518
20.1941
19.8124
19.7039
19.8125
20.1941
20.12
19.7237
19.6105
19.7238
20.12
20.015
19.598
19.4805
19.5981
20.015
19.8338
19.3898
19.2718
19.3898
19.8339
19.4823
19.0216
18.919
19.0217
19.4824
18.6281
18.1751
18.1199
18.1751
18.6281
16.7466
16.3757
16.4192
16.3756
16.7466
12.4883
12.202
12.4088
12.202
12.4883
19.876
20.2952
20.2791
20.2952
19.876
20.1785
20.1291
20.218
20.1291
20.1785
20.4381
20.0244
20.0473
20.0244
20.4381
20.447
20.0514
20.002
20.0514
20.4469
20.4279
20.0624
19.9756
20.0624
20.4279
20.4006
20.0601
19.9623
20.0601
20.4006
20.3696
20.0467
19.9471
20.0467
20.3695
20.3361
20.024
19.925
20.024
20.3361
20.2995
19.9924
19.8939
19.9925
20.2995
20.2582
19.952
19.8525
19.9521
20.2583
20.2105
19.9007
19.7987
19.9008
20.2106
20.1536
19.8347
19.7288
19.8348
20.1537
20.0814
19.7469
19.6358
19.747
20.0814
19.9802
19.6223
19.5061
19.6224
19.9802
19.811
19.4208
19.3031
19.4208
19.811
19.5018
19.0834
18.9807
19.0834
19.5019
18.7841
18.3476
18.295
18.3475
18.7841
17.3966
17.1591
17.2063
17.159
17.3965
13.4632
13.3085
13.4064
13.3084
13.4632
0.382319
0.29971
0.222668
0.299641
0.382203
3.0069
2.85228
2.92363
2.85227
3.0069
3.04615
2.90198
3.00071
2.90201
3.04619
0.438451
0.505779
0.488042
0.505789
0.438459
-2.21582
-2.27434
-2.34133
-2.2744
-2.21594
-0.315059
-0.292735
-0.270223
-0.292756
-0.315081
-0.310661
-0.287896
-0.251853
-0.287891
-0.310649
-2.30395
-2.24821
-2.28854
-2.24822
-2.30395
-1.22623
-1.32608
-1.38937
-1.32613
-1.22634
-0.319183
-0.317203
-0.325342
-0.317229
-0.319222
-0.329428
-0.3229
-0.324367
-0.322905
-0.329439
-1.33704
-1.35778
-1.41087
-1.35779
-1.33704
-0.130827
-0.169199
-0.194985
-0.16922
-0.130869
0.01805
0.0191442
0.0138596
0.0191331
0.0180304
0.0173547
0.0179956
0.0145574
0.0179929
0.0173505
-0.18015
-0.187344
-0.209406
-0.187343
-0.18014
20.014
20.3769
20.405
20.3771
20.0144
20.0562
20.3616
20.4033
20.3621
20.0566
20.1004
20.3581
20.4003
20.3602
20.1017
20.1132
20.3962
20.4254
20.3967
20.1137
20.1202
20.429
20.4516
20.4291
20.1203
20.1229
20.4556
20.4771
20.4556
20.1229
20.1205
20.4726
20.4959
20.4726
20.1205
20.1122
20.4783
20.5042
20.4783
20.1123
20.0964
20.4718
20.5001
20.4718
20.0965
20.0723
20.4526
20.4825
20.4526
20.0724
20.0406
20.4215
20.4518
20.4215
20.0406
20.0045
20.3815
20.411
20.3815
20.0045
19.9728
20.3403
20.3681
20.3403
19.9728
19.9621
20.3134
20.3397
20.3134
19.9621
19.9933
20.3241
20.3512
20.3241
19.9934
20.093
20.4
20.4338
20.4
20.093
20.2556
20.5408
20.5867
20.5408
20.2556
20.4062
20.7309
20.7739
20.7309
20.4063
20.5035
20.8797
20.9101
20.8798
20.5035
19.9769
20.3653
20.3686
20.3654
19.9771
20.1813
20.2062
20.3069
20.2064
20.1815
20.3102
20.1413
20.226
20.1417
20.3107
20.3309
20.1552
20.2107
20.1555
20.3313
20.3324
20.1663
20.209
20.1663
20.3325
20.33
20.1711
20.2112
20.1711
20.3301
20.3226
20.1678
20.2094
20.1678
20.3226
20.3071
20.1552
20.1992
20.1552
20.3071
20.2847
20.1328
20.1786
20.1328
20.2847
20.2554
20.1002
20.1466
20.1003
20.2554
20.2203
20.0587
20.1042
20.0587
20.2204
20.184
20.0119
20.0551
20.0119
20.184
20.1529
19.9683
20.0081
19.9684
20.153
20.1405
19.9441
19.9804
19.9441
20.1405
20.1796
19.9654
20.0005
19.9654
20.1797
20.3051
20.0728
20.1165
20.0728
20.3051
20.4975
20.2326
20.3029
20.2326
20.4975
20.6604
20.6168
20.7066
20.6168
20.6605
20.636
21.1064
21.0921
21.1065
20.636
19.9664
20.3366
20.3335
20.3367
19.9665
20.2433
20.1553
20.2625
20.1554
20.2434
20.4311
20.0605
20.1236
20.0606
20.4313
20.4569
20.0628
20.0758
20.0629
20.457
20.4583
20.0609
20.0497
20.061
20.4583
20.455
20.053
20.0329
20.053
20.455
20.4463
20.0377
20.0151
20.0377
20.4463
20.4309
20.0144
19.9912
20.0144
20.4309
20.4084
19.9825
19.9587
19.9825
20.4084
20.3783
19.9416
19.9166
19.9416
20.3783
20.3412
19.8926
19.8655
19.8927
20.3412
20.2999
19.8383
19.8081
19.8383
20.2999
20.2591
19.7836
19.7496
19.7836
20.2591
20.2269
19.7365
19.6994
19.7366
20.227
20.2119
19.7031
19.6664
19.7031
20.2119
20.2297
19.6968
19.677
19.6968
20.2297
20.2213
19.64
19.6665
19.64
20.2213
20.4021
20.1548
20.2291
20.1548
20.4022
20.2508
20.5921
20.5234
20.5921
20.2508
19.9484
20.3241
20.3159
20.3241
19.9484
20.2379
20.149
20.2515
20.1491
20.238
20.4631
20.0396
20.0894
20.0396
20.4632
20.4888
20.0434
20.0332
20.0434
20.4889
20.49
20.0394
19.9987
20.0395
20.49
20.484
20.0288
19.9759
20.0288
20.4839
20.4718
20.0103
19.9532
20.0103
20.4718
20.4536
19.984
19.9254
19.984
20.4536
20.4285
19.9493
19.8896
19.9493
20.4285
20.3957
19.9058
19.8444
19.9058
20.3957
20.3552
19.8537
19.7898
19.8538
20.3552
20.3078
19.7937
19.7261
19.7937
20.3078
20.2543
19.7259
19.6543
19.7259
20.2544
20.1947
19.6492
19.5745
19.6492
20.1947
20.1165
19.5484
19.4753
19.5484
20.1165
20.0002
19.4059
19.352
19.4059
20.0002
19.6792
19.0392
19.0371
19.0392
19.6792
19.2664
18.9205
18.9949
18.9206
19.2664
18.808
18.9813
18.9127
18.9813
18.808
)
;

boundaryField
{
    empty
    {
        type            empty;
    }
    top
    {
        type            fixedValue;
        value           uniform 20.1;
    }
    fixedwall
    {
        type            zeroGradient;
    }
    outlet
    {
        type            fixedValue;
        value           uniform 0;
    }
}


// ************************************************************************* //
