/*--------------------------------*- C++ -*----------------------------------*\
  =========                 |
  \\      /  F ield         | OpenFOAM: The Open Source CFD Toolbox
   \\    /   O peration     | Website:  https://openfoam.org
    \\  /    A nd           | Version:  9
     \\/     M anipulation  |
\*---------------------------------------------------------------------------*/
FoamFile
{
    format      ascii;
    class       volScalarField;
    location    "0.5";
    object      epsilon;
}
// * * * * * * * * * * * * * * * * * * * * * * * * * * * * * * * * * * * * * //

dimensions      [0 2 -3 0 0 0 0];

internalField   nonuniform List<scalar> 
4545
(
0.00453779
0.00369334
0.00345214
0.00369333
0.00453788
0.0202643
0.0167279
0.00397683
0.0167279
0.0202694
0.204282
0.13785
0.0104268
0.137572
0.20422
0.667525
0.378578
0.0383896
0.377209
0.66558
0.993401
0.56081
0.0704627
0.558793
0.989842
1.13948
0.650128
0.0884331
0.649017
1.13649
1.16881
0.669814
0.0934427
0.670128
1.16742
1.16143
0.666042
0.0932217
0.667462
1.16208
1.13444
0.650848
0.0905187
0.65355
1.13774
1.10412
0.631264
0.086662
0.637735
1.1133
1.0709
0.608512
0.0820644
0.615693
1.08095
1.03592
0.584166
0.0768961
0.589854
1.04399
1.00383
0.562397
0.0723099
0.563604
1.00676
0.978365
0.546741
0.0687677
0.541678
0.974
0.956371
0.531666
0.065682
0.524568
0.947438
0.925277
0.508903
0.0619592
0.506151
0.919816
0.894182
0.487601
0.0582296
0.486054
0.890463
0.870138
0.471613
0.0555385
0.470828
0.868992
0.847861
0.457144
0.0529714
0.45196
0.843107
0.823234
0.440016
0.0500552
0.433672
0.814956
0.797355
0.421347
0.0476978
0.422731
0.798131
0.776356
0.4067
0.0453958
0.404437
0.773992
0.755829
0.391733
0.0430505
0.386664
0.747643
0.725822
0.369853
0.040719
0.374906
0.730344
0.699609
0.352897
0.0384793
0.357276
0.706748
0.679134
0.339483
0.0365806
0.340687
0.681611
0.654411
0.323025
0.0346463
0.327954
0.661198
0.632521
0.309775
0.0328649
0.315511
0.641703
0.614088
0.298423
0.0314371
0.304375
0.623394
0.595635
0.287812
0.0302633
0.294908
0.606548
0.578921
0.279327
0.0291183
0.285621
0.589464
0.561459
0.270906
0.0278081
0.275872
0.571049
0.545557
0.263839
0.026619
0.267541
0.552781
0.529996
0.256778
0.0256015
0.26055
0.536795
0.514936
0.249843
0.0245963
0.253703
0.521955
0.50232
0.244493
0.0237212
0.246909
0.507217
0.490874
0.239266
0.022922
0.240082
0.492524
0.477825
0.233089
0.022031
0.232319
0.476753
0.462083
0.224905
0.0210447
0.223569
0.459969
0.0860114
0.142826
0.00785017
0.142826
0.0860291
1.0111
1.29814
0.0795364
1.29875
1.01138
3.87111
3.37453
0.48316
3.37202
3.87035
5.9202
4.56419
1.0184
4.55535
5.91167
6.84463
5.15529
1.33573
5.14117
6.82821
7.16964
5.36685
1.47219
5.35845
7.15902
7.17349
5.35775
1.49455
5.35544
7.16921
7.05575
5.27154
1.48318
5.2838
7.07446
6.94961
5.20969
1.45475
5.22075
6.97242
6.89646
5.16251
1.42395
5.16676
6.89874
6.76818
5.05596
1.38722
5.0955
6.8094
6.6384
4.9617
1.34618
5.00294
6.68365
6.51872
4.87852
1.30534
4.92142
6.57099
6.44365
4.8328
1.27407
4.85141
6.48322
6.38417
4.7903
1.24671
4.7633
6.37146
6.28807
4.71502
1.21301
4.66707
6.23548
6.16378
4.63089
1.18027
4.58401
6.09822
6.07757
4.58103
1.1568
4.56085
6.04683
5.99584
4.53124
1.13083
4.49745
5.95696
5.90809
4.48253
1.10457
4.44002
5.85157
5.84043
4.44539
1.08411
4.43498
5.82015
5.76132
4.3982
1.06028
4.3959
5.76871
5.69267
4.36143
1.03567
4.29694
5.61597
5.58242
4.27885
1.01005
4.27933
5.54968
5.42296
4.18297
0.982674
4.24516
5.48595
5.32713
4.1476
0.95866
4.18674
5.3832
5.26693
4.12586
0.936801
4.16261
5.32114
5.21404
4.09867
0.917286
4.11284
5.23726
5.12854
4.0405
0.897682
4.0652
5.15279
4.99366
3.95762
0.877883
3.99593
5.02787
4.89699
3.91663
0.860546
3.97224
4.9592
4.82921
3.88751
0.841074
3.93595
4.90326
4.77269
3.86314
0.822793
3.85141
4.76865
4.7107
3.83026
0.806354
3.83841
4.71096
4.6363
3.78507
0.789862
3.81323
4.66505
4.5663
3.7485
0.774828
3.7571
4.57663
4.49762
3.70993
0.759728
3.71707
4.50416
4.42472
3.6618
0.741621
3.65979
4.42164
4.32284
3.57551
0.717906
3.57183
4.3169
0.0957807
0.137191
0.00783957
0.137198
0.0958015
1.19429
1.34296
0.0879715
1.34329
1.1946
4.56919
3.79898
0.604668
3.79831
4.56953
6.96925
5.23417
1.33683
5.22887
6.96374
8.05377
5.95291
1.7735
5.94262
8.04227
8.46467
6.23425
1.96392
6.2169
8.44533
8.51046
6.25475
1.99979
6.23145
8.48228
8.42731
6.1852
1.98596
6.16868
8.40399
8.24682
6.04943
1.93817
6.0552
8.25381
8.10676
5.94485
1.88698
5.954
8.11453
7.97357
5.84493
1.8427
5.88257
8.01311
7.8341
5.74721
1.79065
5.79174
7.90503
7.72965
5.67145
1.7347
5.65123
7.73435
7.62736
5.59246
1.68465
5.51442
7.53896
7.52414
5.51212
1.64164
5.44138
7.41951
7.38279
5.40517
1.60008
5.37504
7.32826
7.22498
5.3053
1.55972
5.29054
7.2013
7.1398
5.25329
1.52802
5.25977
7.13956
7.03395
5.17617
1.49395
5.2064
7.06572
6.91537
5.10361
1.45564
5.12029
6.94619
6.84578
5.06201
1.42346
5.04332
6.81996
6.74864
4.99709
1.39896
5.00991
6.74639
6.63056
4.93624
1.37612
4.97377
6.67844
6.56847
4.91346
1.34583
4.91678
6.59231
6.49844
4.85976
1.3135
4.84066
6.47165
6.32139
4.74058
1.28297
4.78656
6.36691
6.24411
4.71571
1.2571
4.74059
6.28807
6.18628
4.67416
1.22894
4.65431
6.16046
6.03633
4.57582
1.20101
4.59311
6.04681
5.93508
4.53877
1.18162
4.5473
5.96161
5.85375
4.49655
1.15956
4.47307
5.83397
5.76345
4.45069
1.13915
4.44884
5.75642
5.70014
4.42542
1.12407
4.44564
5.71861
5.62508
4.38299
1.10473
4.41788
5.66335
5.54003
4.33425
1.08651
4.37786
5.58883
5.446
4.28263
1.06948
4.3331
5.50585
5.36822
4.24369
1.05172
4.28157
5.4187
5.29049
4.1967
1.03206
4.22103
5.32407
5.17326
4.10515
1.00437
4.12299
5.20307
0.0937034
0.147889
0.00797614
0.147889
0.0936872
1.19443
1.40894
0.0945955
1.40846
1.19426
4.68609
3.92776
0.643115
3.92976
4.68721
7.25506
5.44072
1.43536
5.44465
7.25887
8.42757
6.21273
1.91805
6.21628
8.43197
8.87309
6.51349
2.12991
6.52049
8.88197
8.93394
6.54006
2.17261
6.54858
8.9404
8.84756
6.46615
2.15806
6.49555
8.88079
8.65428
6.3198
2.10173
6.35728
8.72149
8.49698
6.20548
2.0343
6.16934
8.4614
8.35984
6.10928
1.98354
6.10419
8.34986
8.27927
6.04829
1.93281
6.02213
8.26164
8.17384
5.95159
1.87325
5.85892
8.05106
7.99707
5.8196
1.82436
5.78823
7.92681
7.85229
5.72555
1.78294
5.74327
7.86415
7.7286
5.63741
1.73573
5.66681
7.76563
7.60993
5.54939
1.69191
5.5821
7.63241
7.47861
5.45966
1.65441
5.54663
7.57274
7.36434
5.39671
1.61499
5.45916
7.46735
7.28909
5.35264
1.57497
5.35793
7.30951
7.20133
5.2847
1.53699
5.31098
7.22932
7.07972
5.20652
1.50383
5.2203
7.11424
6.98339
5.1643
1.47789
5.13461
6.96518
6.92956
5.13807
1.44869
5.09237
6.86982
6.83881
5.07055
1.41549
5.04174
6.78439
6.69546
4.97958
1.38179
4.98313
6.69924
6.57676
4.91043
1.34905
4.89605
6.57675
6.46431
4.83894
1.3204
4.81525
6.42695
6.33392
4.76301
1.29369
4.77859
6.34476
6.23264
4.71379
1.26714
4.70375
6.23051
6.1616
4.68357
1.24912
4.65463
6.12912
6.07094
4.63733
1.2308
4.62186
6.05398
5.9864
4.59531
1.21267
4.59441
5.98886
5.91994
4.5608
1.19359
4.55881
5.91326
5.84341
4.51717
1.17609
4.52129
5.83877
5.7277
4.44878
1.15668
4.47749
5.76244
5.62265
4.38896
1.1363
4.4093
5.65557
5.54584
4.34726
1.12009
4.34983
5.55003
5.44487
4.26446
1.09554
4.27167
5.44296
0.0927965
0.143947
0.00792394
0.143946
0.0927811
1.18189
1.39077
0.0926837
1.39065
1.18165
4.67868
3.93531
0.642643
3.9356
4.67831
7.29882
5.47188
1.4495
5.47492
7.30198
8.50389
6.26209
1.94572
6.26703
8.5095
8.96934
6.57122
2.16802
6.58442
8.98146
9.01496
6.583
2.21398
6.6175
9.05797
8.91007
6.49887
2.1967
6.53727
8.97006
8.75181
6.38111
2.13983
6.36329
8.73456
8.58877
6.25536
2.07545
6.26654
8.58009
8.42459
6.13792
2.01581
6.19521
8.50034
8.3176
6.05714
1.94958
6.04308
8.32556
8.21171
5.96485
1.89147
5.90364
8.12955
8.05279
5.84519
1.84693
5.83804
8.01904
7.89813
5.75071
1.80171
5.78936
7.95377
7.82936
5.70491
1.75691
5.71031
7.84812
7.73586
5.62035
1.71493
5.64772
7.75118
7.58751
5.51663
1.6743
5.58408
7.67065
7.47321
5.44673
1.63175
5.48229
7.52803
7.36888
5.38016
1.59244
5.41064
7.4094
7.2878
5.32475
1.55745
5.3464
7.32265
7.15264
5.23295
1.51932
5.24046
7.17119
7.04372
5.1773
1.48846
5.18596
7.05884
6.99919
5.15539
1.45721
5.13463
6.97078
6.91662
5.0893
1.42464
5.07255
6.88331
6.766
4.99274
1.39502
4.99449
6.76503
6.63625
4.92787
1.36629
4.92507
6.64089
6.55791
4.88674
1.33839
4.8677
6.53697
6.44122
4.81556
1.31066
4.80808
6.44014
6.34031
4.76477
1.28817
4.74815
6.32803
6.27102
4.73289
1.27026
4.71484
6.25113
6.19945
4.695
1.2492
4.6511
6.14591
6.1116
4.63653
1.2288
4.61204
6.065
5.96034
4.54461
1.2089
4.56605
5.9748
5.87407
4.51257
1.18846
4.52582
5.89122
5.80535
4.47532
1.17038
4.49195
5.82097
5.70471
4.41353
1.15325
4.44635
5.73729
5.59937
4.35195
1.13864
4.40066
5.65656
5.49592
4.27334
1.11518
4.31472
5.54939
0.0918623
0.144985
0.0079329
0.144979
0.0918595
1.1705
1.39273
0.0927297
1.39276
1.17042
4.66271
3.93834
0.642444
3.9373
4.66169
7.31019
5.4843
1.45294
5.48326
7.30911
8.53136
6.28215
1.95299
6.28105
8.53056
9.01062
6.60212
2.17952
6.59631
9.00574
9.07228
6.62846
2.22459
6.6196
9.06535
8.99981
6.56509
2.20782
6.551
8.98906
8.83375
6.43075
2.14926
6.40561
8.80679
8.64085
6.2773
2.07955
6.25805
8.61209
8.42984
6.11944
2.01182
6.13256
8.43619
8.28682
6.01937
1.95303
6.03708
8.3053
8.17904
5.93394
1.89899
5.93294
8.17628
8.01544
5.8045
1.8433
5.82826
8.0305
7.8543
5.69721
1.79083
5.75116
7.91478
7.76322
5.64274
1.74778
5.6929
7.83485
7.70468
5.59805
1.7112
5.63892
7.75923
7.61903
5.52865
1.67663
5.58547
7.68902
7.4843
5.43474
1.63479
5.48895
7.5581
7.36386
5.3596
1.59487
5.41339
7.43347
7.28634
5.30978
1.56337
5.36784
7.3621
7.18614
5.24614
1.53031
5.28267
7.23917
7.10072
5.18794
1.49323
5.21897
7.13476
6.98171
5.10363
1.45954
5.15596
7.03936
6.86419
5.03946
1.42985
5.08793
6.9418
6.78422
5.00239
1.40166
4.99975
6.80691
6.70313
4.95383
1.37289
4.93248
6.69261
6.62442
4.90551
1.34308
4.84497
6.5451
6.53052
4.84458
1.31556
4.80406
6.4591
6.4044
4.76527
1.29169
4.76544
6.39385
6.29302
4.70703
1.27251
4.70866
6.30174
6.19498
4.65465
1.24766
4.63762
6.18888
6.09223
4.59212
1.22459
4.5638
6.05404
5.97595
4.53177
1.20737
4.53413
5.97542
5.90898
4.49725
1.18431
4.47695
5.88168
5.78904
4.42364
1.16663
4.46041
5.82327
5.72772
4.408
1.15584
4.44457
5.77926
5.67222
4.37789
1.14205
4.40361
5.70999
5.57917
4.30457
1.11787
4.3144
5.60055
0.0910275
0.143387
0.00790954
0.143321
0.0910404
1.15882
1.38083
0.0914178
1.38032
1.15871
4.64189
3.92893
0.638158
3.92649
4.64019
7.30738
5.48179
1.4498
5.4776
7.30299
8.53626
6.28215
1.95068
6.27889
8.53307
9.02004
6.60709
2.18048
6.6007
9.01888
9.11514
6.65497
2.22944
6.62208
9.08479
9.04834
6.58882
2.21301
6.53273
8.98193
8.83061
6.41459
2.14868
6.37724
8.77614
8.64447
6.28215
2.08077
6.25512
8.60684
8.50116
6.16714
2.02048
6.14791
8.46491
8.31673
6.0241
1.95602
6.03922
8.33009
8.16699
5.91829
1.89941
5.92495
8.17766
8.04415
5.83058
1.85065
5.84824
8.06209
7.94331
5.75339
1.80333
5.78411
7.97559
7.82133
5.66032
1.75925
5.71529
7.88813
7.71078
5.58892
1.71834
5.63524
7.78053
7.65459
5.54892
1.68379
5.56879
7.68889
7.53092
5.44926
1.63816
5.47829
7.56723
7.39307
5.35795
1.59268
5.38224
7.41719
7.31243
5.30709
1.56118
5.35716
7.36529
7.21474
5.23241
1.52197
5.29579
7.29439
7.05894
5.12443
1.47979
5.19038
7.15788
6.95284
5.07418
1.44989
5.11011
7.0283
6.92642
5.06954
1.42756
5.04876
6.92541
6.8828
5.03894
1.40112
4.97934
6.80316
6.78995
4.96627
1.37296
4.95534
6.74285
6.63658
4.86695
1.34474
4.91372
6.69245
6.54639
4.82663
1.31787
4.80016
6.54432
6.46501
4.78676
1.29412
4.71986
6.39677
6.37161
4.73248
1.26958
4.6724
6.30021
6.27316
4.67224
1.24496
4.62927
6.21131
6.16646
4.61116
1.2217
4.58815
6.13498
6.07401
4.55996
1.20328
4.53744
6.05345
5.97233
4.49298
1.18193
4.46656
5.93093
5.84558
4.42687
1.16496
4.43216
5.85207
5.76441
4.38562
1.14843
4.41015
5.79286
5.68913
4.33876
1.13248
4.38365
5.73973
5.59298
4.26519
1.11027
4.3123
5.65556
0.0903232
0.142362
0.00789339
0.142368
0.0903069
1.1489
1.37102
0.0903428
1.37088
1.14869
4.62235
3.91803
0.634235
3.91873
4.62223
7.29819
5.47308
1.44621
5.47657
7.30159
8.53168
6.27405
1.94785
6.28201
8.54093
9.01605
6.59654
2.17731
6.6042
9.02966
9.10533
6.64021
2.22685
6.62816
9.09599
9.04181
6.58156
2.21319
6.55576
9.01697
8.88822
6.45213
2.1562
6.38391
8.79938
8.6609
6.28483
2.087
6.25063
8.59692
8.5096
6.18093
2.02644
6.19211
8.5091
8.38811
6.07798
1.96593
6.12055
8.43635
8.23657
5.95819
1.91339
6.01817
8.31895
8.11127
5.86694
1.86443
5.90482
8.16412
7.97934
5.77523
1.81446
5.81729
8.03638
7.90832
5.72316
1.7688
5.7453
7.94711
7.80665
5.63664
1.72594
5.65508
7.84364
7.69573
5.56218
1.68938
5.54753
7.69116
7.62426
5.51585
1.65201
5.47567
7.57663
7.53567
5.43682
1.60903
5.40014
7.48503
7.36313
5.30755
1.56075
5.28432
7.31623
7.2252
5.22127
1.51856
5.24445
7.22981
7.12427
5.16271
1.48877
5.22497
7.21195
7.07844
5.13453
1.46307
5.14645
7.12638
6.99883
5.06904
1.4282
5.03614
6.98093
6.87134
4.9862
1.39347
4.93011
6.79841
6.79963
4.94627
1.36915
4.9163
6.7424
6.72135
4.88071
1.34304
4.8796
6.7022
6.56593
4.79201
1.31482
4.76916
6.55873
6.50429
4.77437
1.29243
4.71009
6.44637
6.44007
4.72435
1.26795
4.64382
6.32613
6.32351
4.6587
1.24518
4.61154
6.25064
6.25353
4.62899
1.2224
4.56244
6.18032
6.19322
4.58504
1.20211
4.50564
6.08496
6.04988
4.49798
1.18108
4.45614
5.98926
5.96653
4.46449
1.16474
4.3971
5.87574
5.88579
4.42253
1.15051
4.38878
5.82897
5.80362
4.38102
1.13622
4.36888
5.79698
5.6968
4.29751
1.11132
4.28721
5.70993
0.0896228
0.140955
0.00787233
0.140966
0.0896168
1.13866
1.35837
0.08899
1.3585
1.13862
4.60245
3.9057
0.62901
3.90596
4.60235
7.29433
5.46898
1.44321
5.47154
7.29758
8.53946
6.27696
1.948
6.28072
8.54405
9.03083
6.60299
2.17907
6.60456
9.03711
9.11152
6.63838
2.22723
6.62612
9.10177
9.03966
6.56986
2.21258
6.55653
9.02237
8.86632
6.42243
2.15502
6.40534
8.83282
8.63096
6.25187
2.08477
6.25676
8.63538
8.4876
6.15856
2.02469
6.14161
8.47976
8.38794
6.06822
1.96364
6.0407
8.33476
8.22176
5.9363
1.90787
5.9921
8.27212
8.10897
5.85982
1.85744
5.90795
8.19281
8.01365
5.77765
1.80217
5.76074
8.00588
7.89756
5.68516
1.75803
5.68732
7.89541
7.78445
5.60435
1.72195
5.61617
7.80217
7.69994
5.54644
1.68639
5.53468
7.68558
7.61337
5.48313
1.6501
5.481
7.61049
7.49664
5.4031
1.6073
5.40341
7.51345
7.42686
5.35555
1.56501
5.32665
7.39701
7.36926
5.30055
1.53196
5.28088
7.32992
7.25193
5.21283
1.50084
5.23254
7.28115
7.15501
5.14058
1.46361
5.14261
7.17079
7.03442
5.05207
1.42506
5.0329
7.01235
6.92617
4.98302
1.39331
4.96085
6.89005
6.85833
4.92814
1.36589
4.89653
6.78944
6.71085
4.82554
1.33636
4.86028
6.73083
6.59464
4.7657
1.30991
4.80039
6.65113
6.54172
4.73073
1.2859
4.71441
6.53766
6.44602
4.67796
1.26585
4.63669
6.39474
6.38876
4.65045
1.24525
4.61787
6.34326
6.31568
4.59196
1.22008
4.54736
6.24571
6.19649
4.5188
1.20069
4.51225
6.15464
6.09847
4.47382
1.18213
4.49627
6.11432
6.02286
4.43228
1.16414
4.44658
6.03469
5.94126
4.39851
1.15028
4.40544
5.95521
5.9262
4.3998
1.13683
4.36944
5.89618
5.85763
4.33959
1.11409
4.2843
5.7996
0.0889791
0.13955
0.00785103
0.139551
0.0889743
1.129
1.3457
0.0875989
1.3457
1.12891
4.58294
3.89258
0.62346
3.89223
4.58228
7.28848
5.46239
1.43896
5.46518
7.29179
8.54367
6.27663
1.94657
6.27841
8.54608
9.0434
6.60658
2.1786
6.60109
9.03999
9.1134
6.63428
2.22631
6.61962
9.10148
9.04718
6.57141
2.21132
6.54867
9.02014
8.86667
6.41744
2.15425
6.40582
8.83921
8.63695
6.25117
2.08502
6.26377
8.64887
8.50581
6.16107
2.02342
6.15748
8.49617
8.39524
6.06255
1.96636
6.09886
8.41289
8.23335
5.93646
1.91192
6.04405
8.35924
8.11706
5.85276
1.85668
5.9391
8.25471
8.02582
5.77161
1.79956
5.78809
8.07174
7.90609
5.67025
1.74969
5.664
7.89087
7.78356
5.58921
1.71315
5.6069
7.80367
7.72823
5.5589
1.68249
5.54261
7.73363
7.68129
5.51539
1.64641
5.44934
7.61702
7.56928
5.42035
1.6023
5.36613
7.493
7.48164
5.34778
1.56331
5.3133
7.41563
7.3714
5.26108
1.52866
5.26029
7.35943
7.26831
5.18714
1.49356
5.17936
7.26102
7.16701
5.09903
1.45622
5.10796
7.15852
7.01186
4.98742
1.42122
5.04701
7.07053
6.90724
4.92671
1.3907
4.9887
7.00078
6.84546
4.89075
1.36443
4.902
6.88295
6.78485
4.85505
1.33909
4.84462
6.79222
6.74441
4.81373
1.31434
4.79254
6.71232
6.61941
4.72153
1.28877
4.73748
6.63959
6.53037
4.68052
1.26955
4.6715
6.53379
6.47909
4.64279
1.24993
4.63922
6.47996
6.3927
4.57741
1.22372
4.57499
6.38002
6.28564
4.51615
1.20108
4.53241
6.29836
6.20874
4.47856
1.18211
4.49168
6.23606
6.15777
4.44915
1.16548
4.44927
6.16073
6.09449
4.41133
1.15257
4.40779
6.07997
6.02243
4.37076
1.13888
4.37224
6.02672
5.96826
4.32296
1.11863
4.29687
5.92897
0.0883993
0.138102
0.00782963
0.138106
0.0884105
1.11998
1.33271
0.0862017
1.33286
1.12014
4.56441
3.87919
0.618114
3.87853
4.56424
7.28399
5.45705
1.43399
5.45521
7.28243
8.55015
6.27881
1.94482
6.27275
8.54412
9.05598
6.61053
2.17806
6.59678
9.04106
9.11922
6.62957
2.22385
6.61089
9.10223
9.02853
6.55037
2.20644
6.51601
8.97927
8.84147
6.40603
2.15096
6.42588
8.84356
8.6863
6.29437
2.09209
6.34445
8.75772
8.58384
6.21459
2.03217
6.19392
8.58186
8.46756
6.10788
1.9703
6.08036
8.4368
8.29862
5.9717
1.91106
5.96307
8.28605
8.18127
5.88762
1.85929
5.86656
8.16248
8.08708
5.80388
1.80575
5.7596
8.04046
7.93661
5.68461
1.75345
5.63583
7.8691
7.8522
5.62344
1.71718
5.59557
7.79239
7.75714
5.53951
1.68203
5.57164
7.76704
7.63531
5.4494
1.64464
5.53318
7.74465
7.57137
5.3981
1.60494
5.42784
7.6387
7.48177
5.313
1.56438
5.30896
7.46547
7.36491
5.22429
1.52763
5.26797
7.40702
7.24798
5.14473
1.48746
5.1761
7.3221
7.19886
5.11052
1.45137
5.05617
7.16672
7.16302
5.06355
1.41985
4.98318
7.05438
7.04172
4.96529
1.38854
4.93322
6.98946
6.95769
4.91865
1.36298
4.87816
6.91539
6.93569
4.88498
1.33775
4.83197
6.84718
6.84001
4.80557
1.314
4.81596
6.8195
6.74497
4.7489
1.29138
4.78427
6.80239
6.71047
4.72245
1.27218
4.71746
6.72862
6.64849
4.67225
1.25123
4.65204
6.63314
6.56136
4.61283
1.22694
4.57773
6.51669
6.47159
4.55207
1.20779
4.54596
6.45575
6.41999
4.51163
1.19229
4.49534
6.37777
6.31377
4.44697
1.1726
4.46417
6.31812
6.22713
4.41682
1.15707
4.42312
6.25733
6.1743
4.39182
1.14039
4.35111
6.14956
6.12495
4.34207
1.1221
4.28697
6.05153
0.0879096
0.136723
0.0078091
0.136732
0.0879274
1.11204
1.32018
0.0848473
1.32061
1.11226
4.54816
3.86619
0.612618
3.86418
4.54683
7.27786
5.44987
1.4287
5.4454
7.27354
8.54891
6.27412
1.94156
6.26862
8.5429
9.052
6.60531
2.17693
6.59982
9.04724
9.12262
6.6339
2.22453
6.62454
9.1163
9.06166
6.57229
2.2089
6.55777
9.04014
8.88638
6.41964
2.14995
6.41855
8.87229
8.65379
6.25003
2.08282
6.27371
8.68859
8.52897
6.17376
2.02551
6.14332
8.51501
8.47372
6.12243
1.97308
6.05179
8.39007
8.37659
6.03096
1.92352
5.98808
8.31411
8.26322
5.93696
1.87262
5.89554
8.2046
8.13635
5.83661
1.81727
5.80103
8.08483
8.02772
5.74216
1.76252
5.72442
7.99659
7.91527
5.63693
1.71547
5.63946
7.91409
7.76568
5.52267
1.6764
5.53798
7.79092
7.67644
5.46622
1.6416
5.45854
7.67381
7.63297
5.42942
1.60523
5.40059
7.61438
7.57964
5.36288
1.56684
5.30551
7.50781
7.47109
5.26065
1.52564
5.23115
7.41465
7.33323
5.1442
1.48197
5.15504
7.337
7.21513
5.05291
1.44549
5.05175
7.21052
7.13334
4.99665
1.42151
4.99702
7.11223
7.0886
4.95607
1.39727
4.99381
7.12651
7.03129
4.89021
1.366
4.91572
7.08588
6.95722
4.82655
1.33891
4.8109
6.92129
6.91126
4.77516
1.31542
4.82011
6.92554
6.81306
4.68774
1.28804
4.77588
6.91909
6.73274
4.65049
1.26851
4.6992
6.82648
6.72748
4.65288
1.25285
4.6623
6.78208
6.74138
4.64119
1.23609
4.58298
6.6711
6.70901
4.58894
1.21679
4.56573
6.63303
6.56647
4.48212
1.19702
4.52829
6.58248
6.47121
4.47092
1.18392
4.49087
6.53258
6.49
4.49639
1.1732
4.44249
6.43905
6.48024
4.48009
1.1599
4.4169
6.37008
6.41931
4.41979
1.142
4.36423
6.33442
0.08753
0.135199
0.00778755
0.135203
0.0875127
1.10552
1.30722
0.0834712
1.30744
1.10508
4.53446
3.85252
0.607233
3.85019
4.53116
7.26968
5.44007
1.42471
5.4417
7.27129
8.54039
6.26339
1.93891
6.27245
8.55089
9.04598
6.59807
2.17666
6.60789
9.05873
9.12829
6.63173
2.22509
6.64115
9.13468
9.04532
6.55375
2.20883
6.58236
9.07184
8.87298
6.41259
2.14949
6.44503
8.90795
8.67466
6.26056
2.07988
6.29877
8.72017
8.51337
6.15057
2.02053
6.19475
8.58549
8.45639
6.10567
1.97049
6.10165
8.47938
8.39292
6.03069
1.9127
5.97582
8.32295
8.24292
5.89529
1.85291
5.88438
8.21292
8.10042
5.78629
1.80103
5.77933
8.09986
7.98891
5.70044
1.75242
5.66189
7.94973
7.89671
5.62749
1.70988
5.59255
7.85326
7.83674
5.56558
1.66977
5.53044
7.7787
7.73926
5.4715
1.63223
5.48232
7.73748
7.64938
5.4024
1.60197
5.41192
7.67701
7.60393
5.35866
1.57548
5.3359
7.57903
7.53062
5.28202
1.54202
5.28504
7.51798
7.42772
5.18517
1.49725
5.20075
7.45106
7.33145
5.10203
1.45453
5.07791
7.32435
7.2441
5.02602
1.41929
4.97271
7.17938
7.2012
4.9774
1.39339
4.93761
7.12074
7.16745
4.91956
1.37298
4.94085
7.15087
7.07969
4.82452
1.34251
4.90136
7.1697
6.97752
4.73269
1.31079
4.81091
7.08457
6.88678
4.6711
1.28692
4.76187
7.02963
6.89799
4.68222
1.27016
4.68948
6.97657
6.98189
4.70328
1.2583
4.63789
6.89454
7.00304
4.67519
1.24802
4.64715
6.91133
6.95568
4.60883
1.22884
4.63257
6.95431
6.81026
4.52322
1.21098
4.60529
6.91395
6.80896
4.54256
1.20616
4.61263
6.89654
6.89499
4.57907
1.20136
4.60319
6.87184
6.89541
4.55805
1.19468
4.60925
6.89544
6.85144
4.49981
1.17922
4.54916
6.86322
0.0872497
0.134218
0.00777228
0.134225
0.0872405
1.10069
1.29636
0.082315
1.2966
1.1004
4.52267
3.8393
0.602119
3.83747
4.52015
7.26418
5.4331
1.42023
5.43405
7.26537
8.54233
6.26283
1.93777
6.26872
8.54922
9.04714
6.59527
2.17569
6.60731
9.06302
9.11366
6.62103
2.22378
6.63411
9.13595
9.04726
6.556
2.20721
6.55921
9.05112
8.875
6.4105
2.14732
6.41694
8.87715
8.67294
6.25324
2.07566
6.27406
8.69277
8.516
6.13455
2.01259
6.17407
8.56576
8.40458
6.03982
1.95382
6.07097
8.45581
8.28882
5.93793
1.89391
5.93027
8.28638
8.168
5.83499
1.83967
5.82974
8.15638
8.03772
5.73578
1.78999
5.73834
8.04544
7.96173
5.67993
1.74464
5.65591
7.95093
7.93843
5.63934
1.70477
5.57269
7.84757
7.85465
5.54914
1.66839
5.52991
7.79091
7.74838
5.4614
1.63452
5.50493
7.79954
7.67122
5.40314
1.60124
5.39173
7.68921
7.64493
5.36885
1.57216
5.3356
7.59691
7.60285
5.30123
1.54151
5.32301
7.6154
7.50363
5.20631
1.5018
5.22621
7.56444
7.44105
5.14036
1.46268
5.08964
7.39269
7.37243
5.06573
1.42874
5.02676
7.30356
7.33826
5.01988
1.40259
4.98473
7.29077
7.34201
4.98454
1.38195
4.9322
7.28997
7.28531
4.89895
1.35362
4.84381
7.19293
7.19635
4.79817
1.32489
4.84014
7.19026
7.15257
4.72464
1.3001
4.81393
7.26153
7.09773
4.66041
1.27447
4.68294
7.14162
7.12141
4.65798
1.26158
4.66623
7.11517
7.14258
4.63796
1.25234
4.6537
7.18362
7.13014
4.61205
1.23339
4.58359
7.13377
7.15057
4.59677
1.2221
4.58134
7.0805
7.14857
4.57632
1.22349
4.67403
7.20345
7.21581
4.59724
1.22444
4.75695
7.40893
7.28443
4.60457
1.22318
4.76561
7.50064
7.29814
4.56024
1.21474
4.72046
7.48594
0.0873501
0.131716
0.00774041
0.131718
0.0873473
1.09929
1.27964
0.0806134
1.27965
1.09924
4.51265
3.81746
0.594866
3.81737
4.51236
7.25009
5.41548
1.41185
5.41551
7.25008
8.52965
6.24965
1.93129
6.25052
8.53066
9.02869
6.57771
2.16642
6.58585
9.03946
9.08829
6.59604
2.21212
6.60453
9.09846
8.99318
6.51157
2.19378
6.52888
9.01465
8.81401
6.3706
2.13331
6.3856
8.82989
8.64484
6.24242
2.06632
6.27337
8.682
8.52131
6.14818
2.00475
6.17879
8.58146
8.43743
6.07503
1.94877
6.04591
8.42176
8.36377
6.00422
1.89952
5.95477
8.28881
8.27981
5.91948
1.85252
5.90834
8.24729
8.13564
5.79968
1.79815
5.79336
8.13716
8.04111
5.7258
1.74963
5.6787
7.98695
7.99296
5.67271
1.7092
5.62119
7.92014
7.938
5.60668
1.67267
5.55116
7.86804
7.85155
5.52339
1.63749
5.46097
7.76896
7.77597
5.44825
1.60471
5.41424
7.71175
7.70293
5.36604
1.57105
5.376
7.69528
7.62398
5.27284
1.53422
5.30571
7.65937
7.53497
5.17375
1.4981
5.20477
7.55582
7.41253
5.07771
1.46586
5.14688
7.5045
7.40728
5.05397
1.43785
5.07588
7.47008
7.4171
5.0039
1.41049
4.99125
7.3941
7.38747
4.9521
1.39219
4.95977
7.36552
7.39589
4.92124
1.37459
4.97777
7.41371
7.40717
4.8608
1.3532
4.99511
7.56207
7.37553
4.78186
1.32586
4.94352
7.60876
7.32016
4.70292
1.29353
4.84977
7.56112
7.37566
4.70575
1.2798
4.82686
7.5868
7.4773
4.73098
1.27583
4.7984
7.62809
7.66945
4.79606
1.27212
4.77752
7.64226
7.85369
4.84101
1.27419
4.79813
7.73579
7.95875
4.83091
1.28015
4.86733
7.99153
8.03265
4.80721
1.27976
4.91514
8.22487
8.10339
4.77808
1.27745
4.91726
8.35299
8.17299
4.74267
1.27084
4.87724
8.39026
0.0871625
0.133107
0.00775397
0.133108
0.0871629
1.09714
1.27702
0.080427
1.27706
1.09714
4.49694
3.79643
0.589069
3.79623
4.49678
7.20398
5.38059
1.39373
5.37951
7.20258
8.46179
6.20249
1.90264
6.20099
8.46073
8.95554
6.52843
2.12967
6.52358
8.95131
9.01041
6.54345
2.17375
6.53507
8.99614
8.91566
6.46647
2.15781
6.46723
8.91882
8.74784
6.33369
2.09922
6.33105
8.75407
8.59294
6.20785
2.02724
6.18415
8.57358
8.45206
6.09048
1.9637
6.05987
8.41399
8.33964
5.98789
1.90845
5.9657
8.28931
8.20923
5.86804
1.8588
5.90625
8.22482
8.05223
5.74833
1.80991
5.82429
8.14493
7.97359
5.69017
1.76414
5.72874
8.04908
7.93877
5.64277
1.72221
5.61976
7.93152
7.85805
5.56519
1.68234
5.52882
7.82299
7.8047
5.51642
1.64785
5.46891
7.75696
7.78598
5.47363
1.61593
5.41431
7.69928
7.73183
5.4031
1.58701
5.39627
7.69979
7.67524
5.33333
1.5571
5.3586
7.6866
7.62847
5.26443
1.52707
5.32417
7.68802
7.56358
5.18898
1.4952
5.23835
7.64164
7.54088
5.13104
1.46713
5.17062
7.57905
7.47072
5.04287
1.44065
5.13822
7.59369
7.45906
5.01152
1.41664
5.0654
7.56404
7.52463
4.99311
1.39573
5.03223
7.56974
7.501
4.91221
1.37214
5.01589
7.66009
7.54321
4.9095
1.35556
4.95806
7.72791
7.65933
4.92067
1.33431
4.85672
7.68444
7.81936
4.90429
1.31138
4.79073
7.6545
7.96331
4.84684
1.30372
4.81812
7.77878
7.93423
4.75902
1.30599
4.87414
7.96648
7.99296
4.79865
1.32355
5.01188
8.30557
8.41715
5.00683
1.35467
5.11249
8.70999
8.977
5.14962
1.38153
5.17657
9.08365
9.35115
5.19398
1.39072
5.22324
9.41657
9.61573
5.21826
1.40267
5.25883
9.69875
9.89553
5.20753
1.40507
5.24772
9.99902
0.0887963
0.123202
0.00763263
0.12321
0.0888058
1.09356
1.21127
0.0741111
1.21146
1.09369
4.381
3.66411
0.551238
3.66351
4.38059
6.92622
5.1782
1.30034
5.17579
6.92376
8.10459
5.95269
1.76731
5.94816
8.10008
8.55699
6.25246
1.97418
6.24842
8.55633
8.599
6.26352
2.01244
6.25042
8.58918
8.52431
6.19231
1.99617
6.17127
8.49665
8.32634
6.02838
1.94097
6.03975
8.32256
8.1351
5.88521
1.87688
5.93312
8.18953
8.01558
5.78967
1.81962
5.82667
8.07234
7.92349
5.70712
1.77347
5.72993
7.94985
7.84294
5.63096
1.73243
5.68694
7.89803
7.7572
5.55792
1.69516
5.63488
7.85778
7.72966
5.53032
1.65977
5.56466
7.79157
7.72191
5.49459
1.62573
5.50391
7.74903
7.64513
5.40854
1.5892
5.40444
7.65376
7.57125
5.3376
1.55594
5.32632
7.55566
7.52637
5.27788
1.5281
5.28257
7.515
7.45561
5.21005
1.49736
5.22755
7.48926
7.432
5.16682
1.4698
5.16843
7.46102
7.42064
5.11763
1.44651
5.09952
7.40998
7.40259
5.05858
1.42041
5.03255
7.36278
7.36291
4.98671
1.39616
4.98086
7.33989
7.32388
4.9281
1.37562
4.95211
7.34211
7.36094
4.90772
1.35801
4.94705
7.42192
7.43459
4.8698
1.33827
4.89865
7.4841
7.40397
4.78112
1.31538
4.81815
7.46296
7.4295
4.78435
1.29783
4.78818
7.5158
7.6467
4.85126
1.28847
4.76363
7.61942
7.8988
4.87603
1.2852
4.7486
7.7991
8.16389
4.90484
1.28742
4.72543
7.93791
8.38505
4.91722
1.29842
4.75434
8.04895
8.73539
4.98955
1.3291
4.95727
8.52592
9.38746
5.17795
1.38836
5.1933
9.35988
10.2124
5.37464
1.45023
5.37962
10.2169
11.1477
5.59983
1.55172
5.59512
11.1421
12.1841
5.75277
1.60372
5.74338
12.1742
13.5082
5.98118
1.68125
5.97785
13.5047
0.0802001
0.127847
0.00763165
0.127836
0.080202
0.922071
1.16503
0.0671152
1.16487
0.921911
3.69348
3.25484
0.439558
3.25397
3.69217
5.87206
4.50976
0.992459
4.5123
5.87641
6.90009
5.16588
1.34031
5.16499
6.90111
7.28409
5.40847
1.49366
5.41205
7.28577
7.30932
5.40947
1.52252
5.42377
7.32852
7.24582
5.34751
1.5113
5.3625
7.26702
7.09798
5.2241
1.47006
5.22756
7.10652
6.95754
5.117
1.42351
5.11048
6.95141
6.87576
5.05078
1.38781
5.04421
6.86974
6.81321
4.98692
1.35569
4.98116
6.79735
6.73308
4.91873
1.32705
4.94062
6.75476
6.71702
4.89906
1.30537
4.89884
6.72228
6.71761
4.87699
1.28382
4.84859
6.68626
6.69206
4.83269
1.25968
4.78297
6.63561
6.62502
4.75363
1.2331
4.70146
6.54415
6.54919
4.68418
1.2067
4.67443
6.51823
6.52731
4.64694
1.1872
4.6552
6.53614
6.5091
4.599
1.1688
4.60637
6.53328
6.49262
4.54317
1.14552
4.52598
6.47642
6.44301
4.46741
1.12627
4.49185
6.44889
6.42533
4.43161
1.11307
4.48471
6.48812
6.4736
4.42629
1.1008
4.4574
6.52568
6.51689
4.41035
1.0914
4.4415
6.55654
6.57781
4.40238
1.08741
4.45052
6.63181
6.70228
4.39405
1.08392
4.45168
6.77229
6.73997
4.32408
1.0748
4.41494
6.88114
6.74616
4.28053
1.05983
4.31682
6.91006
6.89426
4.30699
1.0598
4.24078
6.87628
7.09
4.3391
1.0692
4.27807
6.99268
7.403
4.43022
1.09147
4.35361
7.29332
7.90666
4.59414
1.13463
4.47641
7.69796
8.53454
4.72825
1.18629
4.69127
8.36317
9.32666
4.95353
1.27397
4.95958
9.27419
10.3361
5.2248
1.37033
5.22645
10.3305
11.8977
5.64392
1.53025
5.63794
11.8867
15.1289
6.55057
1.8724
6.53219
15.0968
23.4042
9.0756
2.91203
9.03337
23.318
0.00448394
0.00366028
0.00346199
0.00366027
0.00448393
0.0180136
0.0143662
0.00389555
0.014363
0.0180022
0.177897
0.122179
0.00942526
0.122091
0.177792
0.643415
0.366018
0.0358337
0.366507
0.644427
0.998211
0.56627
0.0709221
0.566228
0.998919
1.16672
0.66934
0.0917149
0.669393
1.16652
1.2043
0.696098
0.0980594
0.69854
1.20775
1.19944
0.694076
0.0979472
0.697209
1.2033
1.17035
0.677503
0.0947058
0.679793
1.17205
1.13162
0.654224
0.0897055
0.657548
1.13312
1.09795
0.634387
0.0857094
0.643113
1.10597
1.06841
0.617451
0.0821279
0.62883
1.08169
1.044
0.604533
0.0788986
0.615067
1.05946
1.03021
0.598838
0.0763327
0.602599
1.03894
1.01732
0.591929
0.0737167
0.591014
1.01771
1.0031
0.584006
0.0716724
0.580596
0.99827
0.98736
0.575103
0.0701521
0.571527
0.980399
0.96754
0.56419
0.0689783
0.564671
0.96531
0.951939
0.557261
0.0686103
0.563412
0.959051
0.944972
0.554845
0.0686952
0.562936
0.954557
0.9374
0.550467
0.0687772
0.560578
0.94815
0.930565
0.548503
0.069241
0.561527
0.947275
0.933938
0.552164
0.0704841
0.565324
0.95283
0.954704
0.562442
0.0729196
0.570601
0.972379
0.992408
0.575639
0.0751372
0.579489
1.00448
1.04024
0.59834
0.0804035
0.598985
1.04241
1.09351
0.614945
0.0839963
0.617531
1.09735
1.17336
0.647639
0.0929863
0.653738
1.177
1.23465
0.663804
0.0980439
0.674134
1.24868
1.33248
0.712631
0.112316
0.731721
1.36772
1.44076
0.759824
0.122636
0.775688
1.47485
1.6667
0.867855
0.148621
0.876185
1.67487
1.87291
0.965205
0.169418
0.973748
1.87832
2.26191
1.1612
0.219537
1.17288
2.27824
2.78544
1.39259
0.269324
1.40533
2.81098
3.50347
1.7259
0.360493
1.73137
3.52814
4.69078
2.30098
0.511476
2.29539
4.69332
6.8986
3.05673
0.716344
3.04369
6.8844
24.6428
6.09932
1.33105
6.06895
24.5772
0.405616
0.196925
0.0176228
0.19555
0.403277
3.93687
3.31555
0.641056
3.28971
3.9088
4.74476
3.84329
0.920605
3.82491
4.7207
5.00933
4.01017
1.01327
4.01987
5.01691
5.07578
4.03312
1.0339
4.04066
5.08646
5.14483
4.05496
1.03469
4.03545
5.12558
5.22225
4.06941
1.03281
4.03453
5.1789
5.27655
4.05411
1.03076
4.02203
5.23058
5.36987
4.05644
1.0327
4.02994
5.32359
5.47466
4.06132
1.03674
4.05018
5.46702
5.67258
4.11364
1.04462
4.04393
5.58053
5.90101
4.14697
1.06037
4.11968
5.84469
6.22206
4.22429
1.08323
4.19903
6.17934
6.70428
4.33548
1.11772
4.30577
6.67284
7.40281
4.51108
1.19398
4.49528
7.38398
8.92692
4.82113
1.29711
4.80563
8.91269
13.682
5.96884
1.74808
5.95343
13.6633
36.086
11.9307
4.26127
11.9115
36.0558
113.875
32.8034
13.7399
32.777
113.824
0.410634
0.198812
0.0180178
0.197661
0.40845
3.94164
3.30356
0.644485
3.29411
3.93398
4.74716
3.82565
0.918074
3.82095
4.74236
5.01071
3.99525
1.00805
3.98152
4.99706
5.08316
4.01886
1.02691
3.99813
5.05732
5.14145
4.02967
1.02853
4.01385
5.12069
5.20247
4.0346
1.02487
4.00073
5.16485
5.2656
4.02679
1.02242
3.99096
5.22529
5.38678
4.04535
1.025
3.98311
5.29867
5.49608
4.05005
1.03144
4.02124
5.47365
5.66293
4.08134
1.0395
4.00962
5.60082
5.93253
4.13389
1.05708
4.08829
5.84359
6.27877
4.20326
1.08516
4.20555
6.26154
6.71128
4.29136
1.12069
4.31598
6.79151
7.52895
4.48395
1.19521
4.49875
7.59167
9.34457
4.8388
1.31185
4.83815
9.37279
15.3575
6.25452
1.8441
6.23787
15.3453
44.2546
14.2155
5.51044
14.1805
44.2005
145.38
55.9733
35.793
55.8961
145.294
0.422504
0.204563
0.0187607
0.203079
0.419633
4.00527
3.33856
0.658733
3.33419
4.00178
4.81849
3.85934
0.930789
3.84565
4.79952
5.04357
3.99864
1.01928
4.01277
5.06852
5.11283
4.02448
1.03744
4.02209
5.12525
5.19924
4.05221
1.04153
4.02637
5.16805
5.24189
4.04116
1.03636
4.02105
5.23135
5.31116
4.03871
1.03217
3.99669
5.2677
5.44965
4.06692
1.03684
4.00379
5.35721
5.54018
4.05624
1.04547
4.06728
5.5523
5.69461
4.07953
1.05406
4.09283
5.76037
6.00539
4.15936
1.07268
4.12781
5.95562
6.43709
4.25068
1.10807
4.25773
6.39955
6.79234
4.28605
1.14266
4.39697
6.98426
7.66528
4.48304
1.20972
4.56957
7.8607
9.65664
4.91165
1.34666
4.94373
9.76701
15.7636
6.27613
1.84744
6.26458
15.7699
43.5575
13.2343
4.84732
13.1892
43.4792
138.688
49.94
28.5304
49.8539
138.564
0.440362
0.21342
0.0197819
0.211646
0.437124
4.13849
3.42628
0.683144
3.41696
4.12746
4.96246
3.94553
0.959735
3.93335
4.95319
5.18446
4.06729
1.04907
4.10994
5.22797
5.24286
4.08962
1.06856
4.123
5.30225
5.3529
4.13967
1.07273
4.11321
5.33287
5.38226
4.11747
1.06836
4.12841
5.41806
5.4743
4.13262
1.06495
4.08665
5.44476
5.6381
4.17138
1.07076
4.09733
5.53577
5.72625
4.14315
1.07752
4.14068
5.69129
5.87348
4.1644
1.08493
4.17144
5.8793
6.19828
4.26276
1.10458
4.21129
6.13118
6.66953
4.35839
1.144
4.37221
6.63051
7.05791
4.38389
1.18194
4.54896
7.26866
7.95064
4.58544
1.24527
4.71932
8.19761
9.86418
5.06299
1.38805
5.11441
9.99463
15.0436
6.1369
1.8106
6.12667
15.0511
35.3007
10.6514
4.11062
10.596
35.209
91.3265
20.2324
6.73958
20.1723
91.1862
393.049
85.7778
26.8078
85.617
392.595
283.888
76.7699
38.9708
76.6801
283.695
300.532
87.1616
49.1118
87.0651
300.402
510.631
156.659
67.4334
156.547
510.453
316.314
82.1165
28.8325
81.9722
316.056
323.735
79.1457
38.3808
79.0822
323.566
345.194
88.6745
47.6892
88.6059
345.068
392.914
130.315
60.7675
130.233
392.787
284.341
77.9666
29.1366
77.8365
284.142
331.148
79.3306
37.1867
79.2708
331.023
351.877
87.8168
45.2593
87.7554
351.769
348.131
119.576
57.4799
119.497
348.006
241.203
68.3456
27.9938
68.2647
241.089
324.766
78.1773
36.1284
78.1247
324.668
342.74
83.8157
40.5624
83.768
342.65
286.952
97.9297
49.6017
97.8631
286.862
0.0378325
0.0130839
0.00302024
0.013088
0.0378483
0.268151
0.190984
0.0295575
0.190991
0.268253
0.430656
0.280048
0.0498787
0.280093
0.430789
0.486839
0.317487
0.0586107
0.317472
0.486828
0.504957
0.334127
0.0626854
0.334152
0.505015
0.517663
0.344564
0.0654845
0.344749
0.51786
0.532651
0.354063
0.0680862
0.354309
0.532898
0.55115
0.364306
0.0708682
0.364568
0.551192
0.572021
0.374983
0.0736831
0.375251
0.571908
0.595757
0.386736
0.0768881
0.387112
0.595785
0.616391
0.395114
0.0787742
0.395307
0.616074
0.636927
0.402258
0.0804959
0.402239
0.637227
0.633795
0.395679
0.0783147
0.395658
0.634405
0.615704
0.378592
0.073485
0.378564
0.616434
0.538744
0.327938
0.0601544
0.327952
0.539192
0.454846
0.231095
0.0390206
0.2311
0.454969
0.373581
0.170912
0.0254407
0.170936
0.373667
0.256581
0.109536
0.0145871
0.109559
0.256657
0.0781515
0.0249681
0.00543081
0.0249742
0.0781789
0.386662
0.19409
0.0167103
0.193942
0.386418
4.19055
3.67332
0.663458
3.67206
4.18918
5.23986
4.36603
0.968055
4.3651
5.2386
5.59905
4.60073
1.07179
4.60128
5.59971
5.72069
4.6641
1.10147
4.66537
5.72236
5.79011
4.68528
1.10942
4.68606
5.79093
5.86186
4.69946
1.1136
4.69947
5.8614
5.94513
4.71235
1.11742
4.71348
5.94596
6.04648
4.72694
1.1223
4.73111
6.05184
6.16881
4.74576
1.12739
4.74917
6.17291
6.3188
4.76726
1.1331
4.76868
6.32011
6.50381
4.80125
1.14202
4.79923
6.50097
6.70613
4.83063
1.14922
4.82622
6.69831
6.97518
4.8914
1.16547
4.8849
6.96688
7.22703
4.92981
1.17013
4.92651
7.22368
7.21139
4.89423
1.14696
4.89254
7.21003
6.78905
4.56404
1.02163
4.56385
6.78966
5.47876
3.70921
0.683282
3.70966
5.48017
0.927028
0.561663
0.0589555
0.561753
0.927381
0.426585
0.211107
0.0184621
0.210562
0.425589
4.28941
3.68279
0.699856
3.67772
4.28323
5.29733
4.3641
1.02498
4.35922
5.29066
5.63876
4.58762
1.13436
4.58904
5.64012
5.75299
4.64581
1.1645
4.64694
5.75459
5.81698
4.66151
1.16942
4.65702
5.81153
5.8871
4.67278
1.17164
4.66414
5.87521
5.96339
4.67794
1.17331
4.67395
5.95668
6.05889
4.68533
1.17714
4.69293
6.06954
6.18144
4.69946
1.17963
4.70074
6.18446
6.34709
4.72256
1.1847
4.7149
6.33452
6.54908
4.754
1.19357
4.74698
6.54035
6.80199
4.79765
1.20681
4.78197
6.77516
7.19419
4.88734
1.23259
4.86429
7.16283
7.64406
4.98307
1.26911
4.96905
7.62628
8.39721
5.22159
1.35092
5.21746
8.38862
9.50093
5.46312
1.43465
5.46127
9.49731
11.7744
6.21059
1.62451
6.20966
11.772
4.90078
2.2187
0.374449
2.21791
4.89888
0.410452
0.200241
0.0177359
0.198963
0.408256
4.03506
3.42069
0.655615
3.39814
4.01042
4.90362
4.00045
0.951031
3.98147
4.88009
5.18907
4.18276
1.04946
4.19855
5.20507
5.28549
4.2308
1.07564
4.23651
5.29571
5.34924
4.24783
1.07622
4.22601
5.32697
5.41872
4.25778
1.07638
4.2319
5.38715
5.47967
4.24978
1.07552
4.23401
5.45657
5.55369
4.24146
1.0782
4.25402
5.56858
5.66927
4.25568
1.07846
4.24995
5.6744
5.8699
4.30355
1.08417
4.25593
5.81016
6.0618
4.31821
1.09555
4.30102
6.04123
6.35936
4.38658
1.11361
4.34894
6.30846
6.82771
4.49932
1.14569
4.44958
6.76949
7.42316
4.64462
1.21248
4.61942
7.39054
8.59594
4.93791
1.30908
4.92217
8.57406
11.4838
5.69587
1.59711
5.68748
11.4705
21.8963
9.81198
3.46146
9.80826
21.887
41.8755
11.2242
2.71142
11.2131
41.851
)
;

boundaryField
{
    empty
    {
        type            empty;
    }
    top
    {
        type            fixedValue;
        value           uniform 0.00754;
    }
    fixedwall
    {
        type            epsilonWallFunction;
        value           nonuniform List<scalar> 
585
(
0.00453779
0.00369334
0.00345214
0.00369333
0.00453788
0.0202643
0.0167279
0.00397683
0.0167279
0.0202694
0.204282
0.13785
0.0104268
0.137572
0.20422
0.667525
0.378578
0.0383896
0.377209
0.66558
0.993401
0.56081
0.0704627
0.558793
0.989842
1.13948
0.650128
0.0884331
0.649017
1.13649
1.16881
0.669814
0.0934427
0.670128
1.16742
1.16143
0.666042
0.0932217
0.667462
1.16208
1.13444
0.650848
0.0905187
0.65355
1.13774
1.10412
0.631264
0.086662
0.637735
1.1133
1.0709
0.608512
0.0820644
0.615693
1.08095
1.03592
0.584166
0.0768961
0.589854
1.04399
1.00383
0.562397
0.0723099
0.563604
1.00676
0.978365
0.546741
0.0687677
0.541678
0.974
0.956371
0.531666
0.065682
0.524568
0.947438
0.925277
0.508903
0.0619592
0.506151
0.919816
0.894182
0.487601
0.0582296
0.486054
0.890463
0.870138
0.471613
0.0555385
0.470828
0.868992
0.847861
0.457144
0.0529714
0.45196
0.843107
0.823234
0.440016
0.0500552
0.433672
0.814956
0.797355
0.421347
0.0476978
0.422731
0.798131
0.776356
0.4067
0.0453958
0.404437
0.773992
0.755829
0.391733
0.0430505
0.386664
0.747643
0.725822
0.369853
0.040719
0.374906
0.730344
0.699609
0.352897
0.0384793
0.357276
0.706748
0.679134
0.339483
0.0365806
0.340687
0.681611
0.654411
0.323025
0.0346463
0.327954
0.661198
0.632521
0.309775
0.0328649
0.315511
0.641703
0.614088
0.298423
0.0314371
0.304375
0.623394
0.595635
0.287812
0.0302633
0.294908
0.606548
0.578921
0.279327
0.0291183
0.285621
0.589464
0.561459
0.270906
0.0278081
0.275872
0.571049
0.545557
0.263839
0.026619
0.267541
0.552781
0.529996
0.256778
0.0256015
0.26055
0.536795
0.514936
0.249843
0.0245963
0.253703
0.521955
0.50232
0.244493
0.0237212
0.246909
0.507217
0.490874
0.239266
0.022922
0.240082
0.492524
0.477825
0.233089
0.022031
0.232319
0.476753
0.462083
0.224905
0.0210447
0.223569
0.459969
0.00448394
0.00366028
0.00346199
0.00366027
0.00448393
0.0180136
0.0143662
0.00389555
0.014363
0.0180022
0.177897
0.122179
0.00942526
0.122091
0.177792
0.643415
0.366018
0.0358337
0.366507
0.644427
0.998211
0.56627
0.0709221
0.566228
0.998919
1.16672
0.66934
0.0917149
0.669393
1.16652
1.2043
0.696098
0.0980594
0.69854
1.20775
1.19944
0.694076
0.0979472
0.697209
1.2033
1.17035
0.677503
0.0947058
0.679793
1.17205
1.13162
0.654224
0.0897055
0.657548
1.13312
1.09795
0.634387
0.0857094
0.643113
1.10597
1.06841
0.617451
0.0821279
0.62883
1.08169
1.044
0.604533
0.0788986
0.615067
1.05946
1.03021
0.598838
0.0763327
0.602599
1.03894
1.01732
0.591929
0.0737167
0.591014
1.01771
1.0031
0.584006
0.0716724
0.580596
0.99827
0.98736
0.575103
0.0701521
0.571527
0.980399
0.96754
0.56419
0.0689783
0.564671
0.96531
0.951939
0.557261
0.0686103
0.563412
0.959051
0.944972
0.554845
0.0686952
0.562936
0.954557
0.9374
0.550467
0.0687772
0.560578
0.94815
0.930565
0.548503
0.069241
0.561527
0.947275
0.933938
0.552164
0.0704841
0.565324
0.95283
0.954704
0.562442
0.0729196
0.570601
0.972379
0.992408
0.575639
0.0751372
0.579489
1.00448
1.04024
0.59834
0.0804035
0.598985
1.04241
1.09351
0.614945
0.0839963
0.617531
1.09735
1.17336
0.647639
0.0929863
0.653738
1.177
1.23465
0.663804
0.0980439
0.674134
1.24868
1.33248
0.712631
0.112316
0.731721
1.36772
1.44076
0.759824
0.122636
0.775688
1.47485
1.6667
0.867855
0.148621
0.876185
1.67487
1.87291
0.965205
0.169418
0.973748
1.87832
2.26191
1.1612
0.219537
1.17288
2.27824
2.78544
1.39259
0.269324
1.40533
2.81098
3.50347
1.7259
0.360493
1.73137
3.52814
4.69078
2.30098
0.511476
2.29539
4.69332
6.8986
3.05673
0.716344
3.04369
6.8844
24.6428
6.09932
1.33105
6.06895
24.5772
0.405616
0.196925
0.0176228
0.19555
0.403277
0.410634
0.198812
0.0180178
0.197661
0.40845
0.422504
0.204563
0.0187607
0.203079
0.419633
0.440362
0.21342
0.0197819
0.211646
0.437124
393.049
85.7778
26.8078
85.617
392.595
510.631
156.659
67.4334
156.547
510.453
316.314
82.1165
28.8325
81.9722
316.056
392.914
130.315
60.7675
130.233
392.787
284.341
77.9666
29.1366
77.8365
284.142
348.131
119.576
57.4799
119.497
348.006
241.203
68.3456
27.9938
68.2647
241.089
286.952
97.9297
49.6017
97.8631
286.862
0.0378325
0.0378325
0.0130839
0.0130839
0.00302024
0.00302024
0.013088
0.013088
0.0378483
0.0378483
0.268151
0.190984
0.0295575
0.190991
0.268253
0.430656
0.280048
0.0498787
0.280093
0.430789
0.486839
0.317487
0.0586107
0.317472
0.486828
0.504957
0.334127
0.0626854
0.334152
0.505015
0.517663
0.344564
0.0654845
0.344749
0.51786
0.532651
0.354063
0.0680862
0.354309
0.532898
0.55115
0.364306
0.0708682
0.364568
0.551192
0.572021
0.374983
0.0736831
0.375251
0.571908
0.595757
0.386736
0.0768881
0.387112
0.595785
0.616391
0.395114
0.0787742
0.395307
0.616074
0.636927
0.402258
0.0804959
0.402239
0.637227
0.633795
0.395679
0.0783147
0.395658
0.634405
0.615704
0.378592
0.073485
0.378564
0.616434
0.538744
0.327938
0.0601544
0.327952
0.539192
0.454846
0.231095
0.0390206
0.2311
0.454969
0.373581
0.170912
0.0254407
0.170936
0.373667
0.256581
0.109536
0.0145871
0.109559
0.256657
0.0781515
0.0781515
0.0249681
0.0249681
0.00543081
0.00543081
0.0249742
0.0249742
0.0781789
0.0781789
0.386662
0.19409
0.0167103
0.193942
0.386418
0.927028
0.561663
0.0589555
0.561753
0.927381
0.426585
0.211107
0.0184621
0.210562
0.425589
4.90078
2.2187
0.374449
2.21791
4.89888
0.410452
0.200241
0.0177359
0.198963
0.408256
41.8755
11.2242
2.71142
11.2131
41.851
)
;
    }
    outlet
    {
        type            zeroGradient;
    }
}


// ************************************************************************* //
