/*--------------------------------*- C++ -*----------------------------------*\
  =========                 |
  \\      /  F ield         | OpenFOAM: The Open Source CFD Toolbox
   \\    /   O peration     | Website:  https://openfoam.org
    \\  /    A nd           | Version:  9
     \\/     M anipulation  |
\*---------------------------------------------------------------------------*/
FoamFile
{
    format      ascii;
    class       volScalarField;
    location    "0.5";
    object      k;
}
// * * * * * * * * * * * * * * * * * * * * * * * * * * * * * * * * * * * * * //

dimensions      [0 2 -2 0 0 0 0];

internalField   nonuniform List<scalar> 
4545
(
0.00445645
0.00388703
0.00371732
0.00388702
0.00445655
0.0119794
0.0106167
0.00408606
0.0106166
0.0119759
0.0563613
0.0439285
0.00787729
0.0438742
0.0563235
0.126885
0.0873908
0.0192547
0.0871824
0.126661
0.166589
0.114244
0.0293197
0.113963
0.166295
0.183232
0.126493
0.0343397
0.126335
0.18301
0.186701
0.129203
0.0357189
0.129236
0.186604
0.185983
0.128758
0.0356884
0.128942
0.186109
0.183194
0.126878
0.0350313
0.127215
0.183546
0.179969
0.124367
0.0340296
0.125152
0.180836
0.176302
0.121352
0.0328252
0.122296
0.177427
0.172501
0.118111
0.0314426
0.118908
0.173417
0.168908
0.115146
0.0301748
0.115415
0.16932
0.166042
0.112991
0.0291719
0.112418
0.165661
0.163632
0.110947
0.0282921
0.109978
0.162603
0.160127
0.107825
0.0272201
0.107361
0.159398
0.156532
0.104812
0.0261184
0.104519
0.155978
0.153705
0.102504
0.0253013
0.102369
0.153533
0.151076
0.100397
0.0245134
0.0996603
0.150513
0.148165
0.0979182
0.0236083
0.0969809
0.147176
0.145104
0.0951991
0.0228594
0.0953726
0.14511
0.142541
0.0929864
0.0221148
0.09267
0.142247
0.140005
0.0907447
0.0213455
0.0898995
0.13897
0.136349
0.0873994
0.020565
0.0880943
0.136798
0.133041
0.0846591
0.0197942
0.0853949
0.133907
0.130407
0.0825061
0.0191272
0.0827382
0.130743
0.127264
0.0798812
0.018442
0.0806572
0.128132
0.124455
0.0776873
0.0177975
0.0785896
0.125598
0.122011
0.075738
0.0172652
0.0766945
0.123193
0.119505
0.0738678
0.0168187
0.0750226
0.120903
0.117241
0.0723624
0.0163842
0.0734317
0.118636
0.114891
0.0708683
0.0158847
0.0717389
0.116199
0.112728
0.0696243
0.0154221
0.0702353
0.113702
0.11056
0.0683806
0.0150192
0.0690171
0.111492
0.10848
0.0671361
0.0146175
0.0678131
0.109451
0.106682
0.0661516
0.0142615
0.0665793
0.107387
0.105032
0.065188
0.0139324
0.0653466
0.105306
0.103186
0.0640536
0.0135628
0.0639313
0.103037
0.100896
0.0625302
0.013146
0.0623002
0.100568
0.0143066
0.0222183
0.00372514
0.0222179
0.0143083
0.137845
0.180731
0.0186246
0.180766
0.137862
0.510875
0.461027
0.100721
0.460773
0.510757
0.780673
0.632072
0.208203
0.63124
0.779859
0.907616
0.720636
0.270877
0.719302
0.906125
0.956492
0.756116
0.298385
0.755203
0.955387
0.96204
0.759064
0.304002
0.758891
0.961736
0.953224
0.752499
0.302816
0.753603
0.954836
0.941587
0.744569
0.298021
0.745692
0.94377
0.933543
0.737343
0.292076
0.738045
0.934253
0.918823
0.724406
0.285093
0.728
0.922505
0.903624
0.712335
0.277417
0.71621
0.907706
0.889853
0.701756
0.269998
0.705708
0.894302
0.880048
0.694646
0.264003
0.696373
0.88328
0.871521
0.687956
0.25857
0.685348
0.870133
0.859098
0.677676
0.252145
0.673287
0.854509
0.845171
0.667312
0.245992
0.662884
0.839259
0.834566
0.660204
0.241305
0.658447
0.831941
0.824353
0.653079
0.236275
0.649993
0.821001
0.813369
0.645833
0.231073
0.642199
0.808901
0.804735
0.640217
0.226856
0.639454
0.803308
0.794985
0.633577
0.222195
0.63314
0.79538
0.78589
0.62774
0.217431
0.621787
0.779336
0.773033
0.617459
0.212431
0.617783
0.77047
0.755712
0.605906
0.207149
0.611749
0.761376
0.743973
0.600116
0.20245
0.604122
0.749599
0.735761
0.595738
0.197951
0.599377
0.741094
0.728126
0.590811
0.193766
0.592042
0.730339
0.7175
0.582757
0.189761
0.585184
0.719746
0.702613
0.572952
0.185928
0.576528
0.705798
0.691137
0.566886
0.182335
0.572019
0.696834
0.682464
0.561968
0.178401
0.566495
0.68922
0.674707
0.557452
0.174701
0.556513
0.674544
0.66658
0.552226
0.171298
0.553186
0.666873
0.657523
0.546045
0.16794
0.54877
0.660255
0.648742
0.540641
0.164867
0.541479
0.649796
0.640089
0.534986
0.161818
0.535746
0.640775
0.63095
0.528407
0.15831
0.528271
0.630707
0.618623
0.5179
0.153873
0.517513
0.618009
0.0156207
0.0217129
0.00372891
0.0217137
0.0156232
0.163302
0.189654
0.0206781
0.189679
0.163331
0.607502
0.526411
0.125871
0.52631
0.60748
0.928682
0.736818
0.271438
0.736319
0.92814
1.0822
0.847334
0.356761
0.846398
1.08114
1.14495
0.894146
0.394694
0.892751
1.14344
1.15735
0.902165
0.403269
0.900301
1.15524
1.15101
0.896532
0.401808
0.895463
1.14965
1.13329
0.881955
0.394269
0.882909
1.13461
1.11675
0.86841
0.384942
0.869473
1.11786
1.10021
0.854867
0.376334
0.858675
1.10416
1.08335
0.84178
0.366629
0.846017
1.0898
1.07
0.831015
0.356626
0.828961
1.07005
1.05692
0.820028
0.347553
0.812463
1.0486
1.04373
0.809007
0.339518
0.802249
1.03422
1.02685
0.795283
0.331665
0.792564
1.0221
1.0086
0.782298
0.324057
0.781418
1.00717
0.99751
0.774497
0.317828
0.775451
0.998117
0.98477
0.764454
0.31126
0.767021
0.987517
0.970761
0.754601
0.304141
0.755935
0.973203
0.961163
0.747764
0.297995
0.746072
0.958922
0.949211
0.738939
0.293075
0.740162
0.949076
0.935287
0.73052
0.288421
0.734059
0.939664
0.926247
0.725373
0.282456
0.72583
0.928505
0.916633
0.71745
0.276236
0.715653
0.914268
0.897411
0.703676
0.270469
0.707554
0.901279
0.887267
0.698366
0.265203
0.700427
0.890832
0.878685
0.691674
0.259709
0.689718
0.876079
0.861502
0.679372
0.254469
0.681628
0.863163
0.849583
0.673615
0.250543
0.674865
0.852405
0.839613
0.667606
0.246401
0.665558
0.838016
0.828912
0.661166
0.242415
0.661222
0.828667
0.820498
0.656559
0.239112
0.65882
0.822677
0.811185
0.650464
0.235264
0.654078
0.815034
0.800982
0.643801
0.231626
0.648244
0.80588
0.789886
0.636902
0.228233
0.641972
0.795801
0.780291
0.631198
0.224786
0.635086
0.785326
0.770518
0.624605
0.220996
0.62707
0.773865
0.756399
0.613292
0.215897
0.615084
0.759317
0.0153916
0.0231384
0.00375762
0.0231393
0.0153904
0.163997
0.198484
0.0220397
0.198476
0.163997
0.625209
0.545029
0.133606
0.545214
0.625342
0.970096
0.768303
0.290646
0.768599
0.970374
1.13674
0.887808
0.384574
0.888095
1.1371
1.20569
0.93885
0.426727
0.939394
1.20639
1.22072
0.948371
0.436752
0.949353
1.22161
1.21428
0.942392
0.435202
0.945144
1.21745
1.19528
0.926645
0.426422
0.930383
1.20156
1.17668
0.911652
0.414722
0.908617
1.174
1.15957
0.898223
0.404977
0.897886
1.15902
1.14755
0.888168
0.395126
0.885425
1.14585
1.13332
0.874817
0.384414
0.865881
1.12177
1.11292
0.858352
0.375319
0.855406
1.10669
1.09542
0.845594
0.367223
0.847459
1.09686
1.08019
0.83369
0.358355
0.83605
1.08323
1.06553
0.821832
0.350227
0.82482
1.0676
1.04979
0.80983
0.343008
0.818306
1.05854
1.03555
0.800428
0.335578
0.806991
1.04553
1.02509
0.793169
0.328055
0.793989
1.02751
1.01413
0.783994
0.320984
0.786528
1.01677
0.999809
0.77357
0.314736
0.775144
1.00316
0.987618
0.76667
0.309441
0.763968
0.986101
0.979305
0.761215
0.303553
0.756837
0.973785
0.967821
0.75202
0.297218
0.74916
0.962661
0.95133
0.740426
0.290944
0.741012
0.951882
0.937296
0.731088
0.284812
0.73001
0.937709
0.924053
0.721711
0.279254
0.719261
0.920493
0.909221
0.711963
0.274092
0.713035
0.909685
0.89739
0.705109
0.269287
0.703921
0.896739
0.888136
0.700004
0.265719
0.697263
0.885244
0.877039
0.693247
0.26202
0.692067
0.87594
0.867069
0.687393
0.258377
0.687322
0.867318
0.858695
0.682115
0.25459
0.681767
0.857837
0.849033
0.675849
0.251089
0.676326
0.848741
0.835828
0.667187
0.247432
0.670402
0.839558
0.824209
0.659982
0.243776
0.661998
0.8274
0.814421
0.653771
0.240497
0.654012
0.814872
0.801567
0.643111
0.235884
0.643877
0.801538
0.0152667
0.0226344
0.00374855
0.0226343
0.0152645
0.162352
0.19626
0.0216641
0.196244
0.162323
0.624855
0.5466
0.133568
0.546665
0.624858
0.97759
0.77408
0.293729
0.774379
0.977907
1.14942
0.896878
0.390412
0.897372
1.15002
1.22145
0.949684
0.434479
0.95072
1.22246
1.23578
0.958194
0.44516
0.961497
1.23974
1.22822
0.95167
0.4433
0.95466
1.23298
1.21138
0.937639
0.434303
0.936312
1.21026
1.19179
0.921272
0.422697
0.922835
1.1917
1.17203
0.905752
0.411711
0.911576
1.17933
1.15777
0.893932
0.399917
0.892857
1.15864
1.14364
0.881053
0.389343
0.875393
1.13646
1.12448
0.865336
0.380654
0.865017
1.12179
1.10564
0.85222
0.371902
0.856469
1.1115
1.09534
0.844345
0.3633
0.845119
1.09757
1.08314
0.832956
0.355321
0.835709
1.0849
1.06578
0.819601
0.347638
0.826403
1.07383
1.05173
0.809769
0.339739
0.813445
1.05712
1.03862
0.80024
0.332359
0.803468
1.04269
1.02765
0.791842
0.325676
0.794287
1.03134
1.0121
0.780245
0.318675
0.781071
1.01414
0.998922
0.77201
0.312545
0.772729
1.00014
0.991513
0.767001
0.306381
0.764913
0.988773
0.980819
0.757883
0.3002
0.756359
0.977748
0.963739
0.74586
0.294521
0.746032
0.963657
0.948648
0.736855
0.288918
0.736505
0.948952
0.938325
0.730195
0.283467
0.728424
0.936319
0.924701
0.720989
0.278266
0.720401
0.924782
0.913068
0.714186
0.273981
0.712244
0.911693
0.904354
0.709094
0.270391
0.706865
0.90194
0.895035
0.703118
0.266335
0.698739
0.889816
0.884238
0.695236
0.262359
0.693065
0.880168
0.867917
0.684461
0.258534
0.68658
0.869273
0.857663
0.679467
0.254642
0.680742
0.859265
0.849005
0.674017
0.251178
0.675873
0.850837
0.837689
0.666442
0.247978
0.669765
0.841023
0.825301
0.658401
0.245019
0.663281
0.83089
0.812269
0.648253
0.240627
0.652264
0.817404
0.0151445
0.0227604
0.0037498
0.0227593
0.015144
0.160824
0.196411
0.0216611
0.1964
0.160808
0.622674
0.546754
0.133475
0.546647
0.622559
0.978814
0.775508
0.294284
0.775403
0.978708
1.15292
0.899493
0.391697
0.899387
1.15282
1.22649
0.953485
0.436501
0.95308
1.22615
1.24253
0.963525
0.447107
0.962877
1.24219
1.23771
0.958866
0.44539
0.957743
1.23697
1.22068
0.943787
0.436162
0.941607
1.21854
1.19824
0.924672
0.423818
0.923161
1.19616
1.17449
0.905366
0.411743
0.906593
1.17518
1.15645
0.891106
0.400717
0.892948
1.15821
1.14186
0.878782
0.390632
0.87886
1.14177
1.12232
0.862541
0.380597
0.864918
1.12401
1.10351
0.848381
0.370904
0.853978
1.10953
1.09086
0.839218
0.362458
0.844844
1.09843
1.08173
0.831699
0.355184
0.836116
1.08752
1.07023
0.821885
0.348423
0.827662
1.07725
1.05402
0.80954
0.340642
0.815192
1.06141
1.03949
0.799148
0.333101
0.80461
1.04636
1.029
0.791322
0.326804
0.797006
1.0361
1.01621
0.782136
0.320382
0.785805
1.02127
1.00484
0.773524
0.313451
0.77689
1.00849
0.990968
0.76285
0.307076
0.767949
0.996455
0.977291
0.754106
0.301333
0.75852
0.984219
0.966867
0.747851
0.295854
0.747348
0.968646
0.956394
0.740607
0.290336
0.738211
0.954967
0.946293
0.733433
0.284703
0.727356
0.938567
0.934872
0.725258
0.279539
0.721223
0.928158
0.920878
0.715528
0.275026
0.715258
0.919554
0.907816
0.707519
0.27116
0.707575
0.908355
0.895813
0.700084
0.266502
0.698691
0.895457
0.884006
0.692147
0.262187
0.68947
0.880665
0.870873
0.684289
0.258703
0.684427
0.87058
0.86223
0.678955
0.254493
0.677214
0.859853
0.849067
0.670205
0.251098
0.673866
0.852594
0.841177
0.666842
0.248693
0.670655
0.846334
0.833511
0.661961
0.245809
0.66459
0.837326
0.821714
0.652438
0.241312
0.653406
0.823826
0.0150319
0.0225469
0.00374522
0.0225375
0.0150329
0.15922
0.194838
0.0213931
0.194756
0.159197
0.619804
0.545394
0.13262
0.545136
0.61959
0.978048
0.774989
0.293683
0.774669
0.977715
1.15327
0.899458
0.391328
0.89928
1.15311
1.22756
0.954042
0.436625
0.953597
1.22753
1.24685
0.966445
0.447818
0.963296
1.2441
1.24206
0.960959
0.446076
0.956026
1.23633
1.22116
0.942981
0.436256
0.939183
1.21615
1.1997
0.925949
0.424242
0.923156
1.19604
1.18109
0.909968
0.413026
0.908463
1.17814
1.15933
0.891873
0.401311
0.893648
1.16099
1.14125
0.877769
0.390965
0.878596
1.14258
1.12551
0.86533
0.381748
0.867295
1.12759
1.1118
0.853958
0.372683
0.857331
1.11544
1.09661
0.841438
0.364155
0.846863
1.10305
1.08279
0.831248
0.356389
0.835884
1.08944
1.07398
0.824274
0.349699
0.826439
1.07749
1.05883
0.811459
0.341359
0.814505
1.06257
1.04288
0.799575
0.333075
0.802236
1.04553
1.03167
0.791452
0.326618
0.796624
1.03692
1.01887
0.780936
0.319231
0.787433
1.02677
1.00175
0.768151
0.311799
0.774803
1.01142
0.989375
0.760713
0.305982
0.764143
0.996269
0.983846
0.757553
0.301111
0.755063
0.983134
0.976433
0.75179
0.295855
0.745876
0.968849
0.964558
0.742115
0.290505
0.741206
0.960553
0.948245
0.730551
0.285246
0.734719
0.952989
0.937247
0.724257
0.280204
0.721345
0.936386
0.926878
0.717965
0.275616
0.711369
0.920249
0.915462
0.710482
0.27096
0.704725
0.908892
0.904098
0.702774
0.266312
0.698316
0.898129
0.89199
0.694765
0.261911
0.692369
0.888718
0.880883
0.687721
0.258243
0.685394
0.878651
0.869034
0.679338
0.254271
0.676557
0.865057
0.854904
0.670954
0.250909
0.671381
0.855521
0.845253
0.66526
0.247698
0.667625
0.848032
0.836149
0.658965
0.24454
0.663177
0.840727
0.823935
0.649284
0.240298
0.653766
0.829788
0.0149366
0.0224004
0.0037415
0.0224014
0.0149348
0.157826
0.193404
0.0211651
0.1934
0.157806
0.61698
0.543772
0.131792
0.543848
0.616986
0.976625
0.773826
0.29296
0.774142
0.976966
1.15266
0.898624
0.3908
0.899275
1.15344
1.2274
0.953293
0.436172
0.953791
1.22835
1.24637
0.965413
0.447513
0.963795
1.24504
1.24209
0.960738
0.446174
0.958058
1.23937
1.22663
0.946626
0.437368
0.940112
1.21836
1.20087
0.925981
0.425156
0.92302
1.19539
1.18202
0.911558
0.413942
0.912911
1.18247
1.16623
0.897485
0.402762
0.901609
1.1709
1.14784
0.881896
0.392949
0.8876
1.15542
1.1318
0.869019
0.383673
0.872734
1.13679
1.11532
0.856272
0.37425
0.860424
1.12064
1.10465
0.847682
0.365574
0.850019
1.10852
1.09201
0.836392
0.357669
0.8381
1.09536
1.07843
0.826154
0.350801
0.824643
1.07781
1.06798
0.818334
0.343624
0.814702
1.06385
1.05568
0.807194
0.335413
0.803953
1.0515
1.03649
0.791816
0.326669
0.789529
1.03225
1.02085
0.780741
0.319023
0.783118
1.02151
1.00841
0.7722
0.313152
0.778511
1.01681
1.00081
0.766697
0.307875
0.767988
1.00545
0.989986
0.757297
0.30124
0.754269
0.988335
0.975475
0.747016
0.294938
0.741443
0.968734
0.966398
0.740904
0.290117
0.737712
0.960662
0.95637
0.732101
0.285068
0.731769
0.95422
0.939032
0.721069
0.279887
0.719031
0.938404
0.930623
0.71718
0.275511
0.710899
0.925326
0.922685
0.710569
0.270916
0.702163
0.911531
0.909552
0.702007
0.266487
0.696988
0.901967
0.90044
0.696923
0.262132
0.69048
0.893441
0.892257
0.690561
0.258143
0.682851
0.882251
0.87699
0.680421
0.254206
0.676055
0.870999
0.867025
0.675274
0.25095
0.668435
0.858177
0.857322
0.669349
0.248032
0.666063
0.851977
0.847292
0.663319
0.245051
0.662256
0.84664
0.834187
0.652766
0.240445
0.651757
0.835179
0.0148421
0.0222067
0.00373643
0.0222081
0.0148413
0.156409
0.19168
0.0208846
0.191691
0.156404
0.614196
0.542005
0.130748
0.542066
0.614226
0.975662
0.773016
0.292327
0.773301
0.976024
1.153
0.898637
0.39073
0.899023
1.15345
1.22839
0.953703
0.436379
0.953853
1.22895
1.24661
0.964956
0.447569
0.963793
1.24573
1.24185
0.959787
0.446168
0.95824
1.23999
1.22492
0.944155
0.437329
0.942138
1.22141
1.19858
0.923203
0.424992
0.923653
1.19886
1.18028
0.909582
0.413829
0.908095
1.1797
1.16626
0.896588
0.402548
0.894089
1.1617
1.14649
0.879756
0.392272
0.885667
1.15172
1.1316
0.868362
0.382804
0.873748
1.14005
1.11863
0.856698
0.372679
0.855702
1.1186
1.1039
0.844131
0.364158
0.844751
1.10432
1.09004
0.833326
0.357205
0.834679
1.09193
1.07889
0.824825
0.350547
0.823735
1.07744
1.06725
0.815488
0.343566
0.815784
1.06748
1.05258
0.804403
0.335397
0.804761
1.05464
1.043
0.796984
0.327483
0.794181
1.04028
1.03441
0.788836
0.321069
0.787036
1.03106
1.01993
0.777194
0.314913
0.779572
1.02327
1.00799
0.76767
0.307993
0.767672
1.00937
0.993847
0.756346
0.300969
0.754463
0.991614
0.981075
0.747201
0.294995
0.744798
0.977459
0.972015
0.739558
0.289769
0.736262
0.965367
0.955614
0.727274
0.284298
0.730507
0.9574
0.942509
0.719332
0.279319
0.722438
0.947408
0.935066
0.713691
0.274785
0.712138
0.934539
0.923636
0.706375
0.270794
0.702455
0.918987
0.915734
0.701633
0.266694
0.698565
0.911683
0.906772
0.69402
0.262028
0.689597
0.90023
0.893239
0.684823
0.258149
0.684097
0.889515
0.881913
0.678555
0.254454
0.680756
0.883488
0.873112
0.672994
0.25102
0.674065
0.873838
0.863677
0.668004
0.248202
0.668426
0.864561
0.860029
0.666363
0.245388
0.663199
0.856853
0.850577
0.658062
0.241098
0.652565
0.844786
0.0147546
0.0220109
0.00373095
0.0220112
0.0147541
0.155056
0.189921
0.0205942
0.189923
0.15505
0.611435
0.540119
0.129631
0.540134
0.611445
0.974611
0.77205
0.2915
0.772263
0.974881
1.15319
0.898509
0.390433
0.898561
1.15326
1.22951
0.954088
0.43632
0.953482
1.22907
1.2468
0.964643
0.44748
0.963161
1.24564
1.24244
0.959941
0.446038
0.957639
1.23986
1.22478
0.94355
0.437204
0.942191
1.22202
1.19925
0.92332
0.42506
0.924383
1.20014
1.18244
0.91034
0.413787
0.909832
1.18147
1.16737
0.896471
0.402975
0.899697
1.16892
1.14787
0.880174
0.39281
0.890482
1.15942
1.13281
0.868202
0.382674
0.876437
1.14519
1.12017
0.856552
0.372263
0.85808
1.12425
1.10522
0.843195
0.362997
0.842342
1.10351
1.09037
0.832146
0.35594
0.833806
1.09197
1.08161
0.826171
0.349957
0.824978
1.0824
1.07329
0.818598
0.343048
0.813042
1.06841
1.05965
0.806618
0.334896
0.801692
1.05328
1.04844
0.796703
0.327494
0.793433
1.0425
1.0349
0.785384
0.320851
0.785482
1.03402
1.02196
0.775299
0.314145
0.774789
1.02168
1.00944
0.764116
0.30715
0.764857
1.00882
0.992268
0.750667
0.30058
0.756168
0.997378
0.979846
0.742293
0.294792
0.74808
0.987979
0.97138
0.736399
0.289709
0.737368
0.974455
0.963032
0.730607
0.284762
0.72957
0.96348
0.956458
0.724252
0.280006
0.722428
0.953796
0.942796
0.713584
0.275347
0.715109
0.944874
0.93229
0.707678
0.271599
0.7067
0.932763
0.92514
0.702009
0.267689
0.701537
0.925212
0.91497
0.693799
0.262851
0.693115
0.913262
0.902944
0.685922
0.258568
0.687208
0.903734
0.893631
0.680337
0.254882
0.681684
0.896236
0.887072
0.67582
0.2516
0.675808
0.887291
0.879482
0.67051
0.248929
0.670012
0.877573
0.870403
0.664767
0.246099
0.664634
0.870095
0.862212
0.657769
0.242247
0.655095
0.858207
0.0146763
0.021811
0.0037252
0.0218114
0.0146776
0.153803
0.188119
0.0203036
0.18813
0.15382
0.608851
0.538247
0.128544
0.538169
0.608823
0.973661
0.771133
0.290543
0.770904
0.973432
1.15339
0.898416
0.390054
0.897889
1.15284
1.23041
0.95431
0.436189
0.953112
1.22909
1.24706
0.964005
0.447086
0.962292
1.24566
1.24069
0.957999
0.445385
0.95491
1.23662
1.22259
0.942471
0.436725
0.94405
1.2224
1.20392
0.927579
0.426003
0.93221
1.21003
1.1893
0.915313
0.414937
0.913509
1.18926
1.1738
0.900834
0.403578
0.898179
1.17114
1.15431
0.883969
0.392899
0.882943
1.15286
1.13872
0.871556
0.383175
0.869883
1.13727
1.12551
0.859518
0.37316
0.855565
1.12161
1.10782
0.84454
0.363564
0.839801
1.1017
1.09613
0.835328
0.356437
0.832696
1.09099
1.08391
0.824273
0.349801
0.827641
1.08536
1.06962
0.812824
0.342778
0.821032
1.07987
1.06031
0.804804
0.335264
0.807773
1.06644
1.0486
0.793608
0.327829
0.79349
1.04738
1.03441
0.782155
0.320866
0.786515
1.03847
1.02066
0.771771
0.313444
0.774708
1.02725
1.01308
0.765618
0.306666
0.760423
1.0098
1.00652
0.758502
0.300646
0.751012
0.996821
0.99217
0.746424
0.294773
0.74373
0.988143
0.982121
0.739742
0.289722
0.735837
0.978424
0.977602
0.734373
0.284802
0.729169
0.969337
0.966079
0.724386
0.280182
0.725804
0.964813
0.955088
0.717163
0.275932
0.720792
0.96091
0.94992
0.712868
0.272253
0.712317
0.951566
0.942177
0.706188
0.26827
0.704127
0.940537
0.932221
0.698565
0.263776
0.695168
0.927874
0.922173
0.690977
0.26004
0.690126
0.920167
0.914947
0.685252
0.256859
0.683311
0.910765
0.902834
0.677037
0.25318
0.678708
0.903255
0.893553
0.672734
0.250165
0.673132
0.895604
0.886486
0.668537
0.246987
0.664634
0.883884
0.878784
0.66137
0.243424
0.65613
0.872102
0.0146092
0.0216186
0.00371941
0.0216195
0.0146112
0.152685
0.186399
0.0200202
0.186423
0.152701
0.60654
0.536383
0.127433
0.536155
0.606351
0.972507
0.769996
0.289548
0.769629
0.972144
1.15291
0.897712
0.389469
0.897379
1.15256
1.22992
0.953769
0.435986
0.953317
1.22963
1.24723
0.964352
0.447139
0.963697
1.24691
1.24364
0.960016
0.445627
0.958538
1.24167
1.22647
0.943728
0.436522
0.943641
1.22515
1.20088
0.923343
0.424748
0.925515
1.20384
1.18459
0.911533
0.414086
0.908647
1.18322
1.17462
0.902274
0.403983
0.89557
1.16711
1.16099
0.889418
0.39448
0.885165
1.15522
1.14598
0.876294
0.384857
0.872216
1.14049
1.12978
0.862665
0.374662
0.859396
1.12525
1.11595
0.850266
0.364756
0.848418
1.11309
1.10223
0.837085
0.356242
0.837122
1.102
1.0852
0.822982
0.349012
0.824407
1.0874
1.07346
0.814461
0.342243
0.813751
1.07318
1.06608
0.807982
0.335293
0.805576
1.06458
1.05725
0.798568
0.32821
0.793635
1.05173
1.04443
0.786204
0.320716
0.78354
1.03985
1.02885
0.77233
0.312839
0.773333
1.02937
1.01523
0.760862
0.306092
0.760583
1.01456
1.00459
0.752825
0.301148
0.752636
1.00251
0.99728
0.746242
0.296196
0.750104
1.00091
0.989594
0.737856
0.290464
0.740164
0.994365
0.980188
0.729383
0.285313
0.72801
0.977148
0.973135
0.722204
0.280682
0.727085
0.975147
0.96212
0.712069
0.275794
0.720822
0.972175
0.953
0.706793
0.272115
0.711769
0.961748
0.950775
0.705549
0.268981
0.706605
0.9559
0.950175
0.70282
0.265649
0.69731
0.943904
0.945204
0.696076
0.261905
0.693908
0.938642
0.930238
0.684174
0.258182
0.688571
0.931717
0.919947
0.681401
0.25554
0.683443
0.925487
0.920249
0.682678
0.253315
0.677309
0.915347
0.917824
0.679811
0.250738
0.673366
0.907793
0.909478
0.671798
0.247324
0.666235
0.901871
0.0145573
0.0214114
0.00371328
0.0214113
0.0145542
0.151764
0.184639
0.019736
0.184638
0.151695
0.604543
0.53447
0.12636
0.534282
0.604241
0.971169
0.768626
0.288727
0.768859
0.971456
1.15196
0.896624
0.388974
0.897447
1.15295
1.2293
0.953077
0.435897
0.953959
1.23044
1.24778
0.96423
0.44719
0.965115
1.2484
1.2423
0.958419
0.445637
0.961001
1.24455
1.22488
0.942795
0.43643
0.946242
1.22839
1.20216
0.923926
0.424193
0.928038
1.2068
1.18286
0.909116
0.413239
0.913588
1.18969
1.17283
0.900585
0.403418
0.900105
1.17481
1.16214
0.889174
0.392815
0.884024
1.15579
1.14438
0.872629
0.382168
0.871554
1.14163
1.12705
0.858225
0.372479
0.857496
1.12682
1.11256
0.84621
0.363329
0.84245
1.10891
1.10031
0.835927
0.355283
0.832451
1.0962
1.09144
0.827152
0.347948
0.823865
1.0863
1.07964
0.815479
0.341026
0.816649
1.07965
1.0682
0.806031
0.334983
0.806846
1.07067
1.06069
0.798999
0.329557
0.79668
1.05824
1.05028
0.788739
0.323112
0.788818
1.04927
1.03774
0.776778
0.315121
0.777886
1.03936
1.02617
0.766143
0.30754
0.763714
1.02506
1.01543
0.756513
0.301165
0.751306
1.00943
1.00903
0.749548
0.296081
0.745775
1.00149
1.00282
0.741732
0.291806
0.744097
1.00187
0.992033
0.730196
0.286199
0.738182
1.00095
0.980417
0.719472
0.280549
0.727486
0.991128
0.970336
0.711592
0.276068
0.7209
0.98388
0.970049
0.711247
0.272731
0.712295
0.976997
0.975118
0.712167
0.270243
0.705725
0.967759
0.975554
0.708027
0.267934
0.705316
0.967779
0.969597
0.700037
0.264299
0.702687
0.969774
0.955048
0.69021
0.260941
0.698644
0.964588
0.953736
0.691181
0.259511
0.698325
0.961839
0.959564
0.693904
0.258295
0.696604
0.958867
0.958355
0.690642
0.256811
0.695926
0.959648
0.952049
0.683044
0.253841
0.688158
0.953978
0.0145188
0.0212688
0.00370845
0.0212692
0.014517
0.151071
0.1831
0.0194927
0.183102
0.151023
0.602877
0.53262
0.125322
0.532468
0.602635
0.970206
0.767526
0.287843
0.767701
0.970429
1.15159
0.896133
0.388654
0.896872
1.15248
1.22893
0.952542
0.435669
0.953738
1.23058
1.24592
0.962886
0.44694
0.964348
1.24823
1.242
0.958391
0.445326
0.958501
1.24224
1.22461
0.94231
0.436001
0.943205
1.22517
1.20159
0.923024
0.4234
0.925171
1.20371
1.18253
0.90732
0.411913
0.911211
1.18722
1.16765
0.894007
0.401031
0.897083
1.17232
1.15261
0.880266
0.390205
0.879632
1.15241
1.1373
0.866584
0.38024
0.866069
1.13621
1.12113
0.853266
0.370905
0.85337
1.12162
1.11016
0.844345
0.362231
0.841789
1.10875
1.10434
0.837319
0.354604
0.830614
1.09566
1.09314
0.825713
0.347741
0.823704
1.08725
1.08054
0.814618
0.341323
0.818696
1.08497
1.07013
0.806127
0.334977
0.805259
1.07166
1.06414
0.799893
0.329175
0.797276
1.06036
1.05708
0.791039
0.323268
0.793617
1.05915
1.04519
0.779448
0.31611
0.781301
1.05099
1.0367
0.770588
0.309052
0.765787
1.03219
1.02784
0.76122
0.302805
0.75744
1.02168
1.02227
0.754707
0.29776
0.751423
1.01805
1.01977
0.749237
0.29362
0.744544
1.01578
1.01201
0.738539
0.288361
0.734166
1.0048
1.00183
0.727185
0.283081
0.732038
1.00285
0.995988
0.718298
0.278388
0.727683
1.00657
0.98895
0.710597
0.273842
0.713256
0.994014
0.989857
0.709269
0.271188
0.710376
0.989808
0.990322
0.706381
0.269144
0.707834
0.994
0.988503
0.702879
0.265786
0.700242
0.988657
0.989432
0.700575
0.263531
0.699592
0.983717
0.987969
0.69748
0.263132
0.707867
0.994547
0.992944
0.699052
0.262679
0.715092
1.0118
0.998154
0.698924
0.26208
0.714945
1.01834
0.996625
0.692583
0.260268
0.709099
1.01508
0.0145258
0.0209363
0.00369937
0.0209369
0.0145255
0.150794
0.180855
0.0191434
0.180861
0.150788
0.601477
0.529885
0.123923
0.529854
0.601419
0.968099
0.765152
0.286298
0.76516
0.968094
1.14913
0.893948
0.387367
0.894195
1.14944
1.22577
0.949863
0.433999
0.950694
1.22689
1.24192
0.95936
0.444884
0.960368
1.24316
1.23558
0.953221
0.443094
0.954864
1.23764
1.21773
0.937579
0.433629
0.938889
1.21916
1.19751
0.920887
0.421494
0.923809
1.20098
1.18155
0.907641
0.410243
0.910467
1.18693
1.16932
0.896496
0.399842
0.89351
1.16775
1.15793
0.88558
0.390363
0.880522
1.15086
1.14568
0.873578
0.381361
0.872247
1.14259
1.12858
0.858574
0.371502
0.857617
1.12818
1.11631
0.848116
0.362463
0.843023
1.11052
1.1084
0.839927
0.354805
0.834518
1.10095
1.09981
0.830725
0.347955
0.825136
1.09306
1.08874
0.820027
0.341425
0.813994
1.08129
1.07864
0.810196
0.335089
0.80666
1.07281
1.069
0.7998
0.328763
0.800667
1.06825
1.05908
0.788533
0.32222
0.791689
1.0626
1.04823
0.776598
0.3157
0.779677
1.05018
1.03447
0.764994
0.309741
0.771916
1.04284
1.03126
0.760558
0.304387
0.762912
1.0373
1.02977
0.754
0.29931
0.752888
1.02803
1.0247
0.746917
0.295524
0.748159
1.02365
1.02287
0.742019
0.291863
0.748648
1.02664
1.02207
0.73467
0.287661
0.748914
1.03705
1.01725
0.725581
0.282625
0.742
1.0394
1.01122
0.716951
0.27722
0.73187
1.03353
1.01582
0.716375
0.274499
0.728697
1.03485
1.0245
0.718412
0.273375
0.725113
1.03727
1.04102
0.724683
0.27237
0.722781
1.03891
1.05714
0.728744
0.272433
0.724873
1.04795
1.06527
0.727441
0.272818
0.731853
1.07072
1.07246
0.724838
0.272426
0.735831
1.08996
1.07919
0.72176
0.271734
0.735306
1.10003
1.0829
0.716711
0.270292
0.730065
1.10161
0.0145049
0.0210929
0.00370194
0.0210931
0.0145049
0.150438
0.18027
0.0190888
0.180274
0.150437
0.598598
0.526314
0.122674
0.526284
0.598568
0.959871
0.758659
0.28242
0.758526
0.959703
1.13727
0.885191
0.381368
0.885038
1.13715
1.21238
0.940076
0.426563
0.939859
1.21218
1.22776
0.949196
0.437099
0.948419
1.22661
1.2208
0.943007
0.435495
0.943562
1.22163
1.2042
0.928635
0.426368
0.928804
1.20531
1.18561
0.912406
0.413678
0.910525
1.1844
1.16819
0.897048
0.402267
0.89448
1.16532
1.15367
0.883362
0.392145
0.881568
1.14965
1.13758
0.868093
0.382787
0.871961
1.13937
1.11961
0.853247
0.373781
0.860645
1.12802
1.10869
0.844243
0.365155
0.848095
1.11544
1.10179
0.836396
0.357101
0.834288
1.10097
1.09075
0.82601
0.349638
0.822559
1.08764
1.08292
0.818811
0.343154
0.814163
1.07855
1.07845
0.812303
0.337062
0.806434
1.07036
1.0706
0.803069
0.331354
0.802189
1.06747
1.06253
0.794035
0.32563
0.796342
1.06353
1.05566
0.785155
0.320052
0.790874
1.06115
1.04709
0.77567
0.314289
0.780822
1.05453
1.04246
0.768072
0.309042
0.772372
1.04655
1.03361
0.757743
0.304061
0.76737
1.04554
1.03079
0.753014
0.299544
0.758906
1.04093
1.03426
0.749845
0.295585
0.754579
1.0401
1.03081
0.740834
0.291344
0.751888
1.04666
1.0336
0.739402
0.287987
0.744836
1.04996
1.04206
0.739336
0.284002
0.733776
1.04533
1.05558
0.737312
0.280129
0.726949
1.0424
1.06827
0.731933
0.27858
0.729474
1.05376
1.06693
0.723775
0.278828
0.734902
1.07035
1.07369
0.728326
0.281253
0.748894
1.10035
1.11227
0.749742
0.285703
0.759976
1.13652
1.16037
0.764435
0.28951
0.767498
1.1702
1.19414
0.769977
0.291012
0.773235
1.20018
1.21916
0.773009
0.29252
0.776955
1.22564
1.24009
0.771559
0.292643
0.775349
1.24689
0.0146761
0.019777
0.0036646
0.0197779
0.0146771
0.14931
0.17137
0.0177834
0.171386
0.149319
0.581046
0.507365
0.115054
0.507278
0.580961
0.91936
0.727736
0.264033
0.727518
0.919118
1.08439
0.845899
0.355002
0.845542
1.08407
1.15305
0.896286
0.396198
0.895922
1.15293
1.16611
0.904105
0.405505
0.902857
1.1654
1.16099
0.898741
0.403887
0.89704
1.15891
1.14193
0.881541
0.395304
0.882384
1.14138
1.1204
0.863951
0.383959
0.86854
1.12531
1.10553
0.851161
0.373742
0.855001
1.11099
1.09325
0.839766
0.365139
0.842353
1.09618
1.08236
0.829308
0.357289
0.834872
1.08768
1.07145
0.819526
0.35023
0.826937
1.0805
1.06582
0.814081
0.343374
0.817337
1.07126
1.06203
0.807979
0.33669
0.808569
1.06401
1.05186
0.797057
0.329912
0.796426
1.05238
1.04284
0.788118
0.323789
0.786641
1.04086
1.0361
0.780113
0.318485
0.780506
1.03479
1.02704
0.771404
0.312881
0.773593
1.03052
1.02257
0.76545
0.307776
0.76605
1.02594
1.01952
0.758965
0.303347
0.757585
1.01919
1.01602
0.751699
0.298608
0.749526
1.01289
1.01055
0.74339
0.29417
0.743218
1.00917
1.00549
0.736493
0.290322
0.739076
1.00809
1.00762
0.733456
0.286988
0.737839
1.01367
1.0128
0.728907
0.283498
0.732353
1.01805
1.0093
0.719545
0.279595
0.723795
1.01524
1.01119
0.719574
0.276538
0.720612
1.01986
1.0302
0.725978
0.274711
0.717901
1.02862
1.0519
0.728639
0.273904
0.716454
1.04364
1.07494
0.731611
0.274213
0.714716
1.05579
1.09602
0.734293
0.275988
0.718694
1.06751
1.12954
0.743712
0.280719
0.740565
1.11177
1.18732
0.76442
0.289732
0.765642
1.18458
1.25983
0.786573
0.299673
0.786944
1.25997
1.34409
0.812301
0.314943
0.81181
1.34355
1.44044
0.837436
0.32688
0.836279
1.43935
1.53727
0.857068
0.336748
0.856465
1.53709
0.0135381
0.0201874
0.00365964
0.0201859
0.0135382
0.125574
0.162788
0.016074
0.162769
0.125557
0.486668
0.444663
0.0919189
0.444599
0.486586
0.772049
0.624064
0.202862
0.624233
0.772358
0.910955
0.720735
0.271064
0.720631
0.911005
0.966773
0.760587
0.301828
0.76082
0.966822
0.97571
0.765552
0.308779
0.767082
0.977708
0.971352
0.761143
0.307658
0.762269
0.973081
0.956821
0.74795
0.301247
0.748527
0.957842
0.941103
0.735066
0.293033
0.734637
0.941051
0.930915
0.726249
0.286397
0.725558
0.930582
0.92272
0.717833
0.280389
0.717134
0.92129
0.913164
0.70919
0.274961
0.711063
0.914902
0.909402
0.70529
0.270646
0.705166
0.909754
0.90732
0.701327
0.266317
0.698445
0.904299
0.903209
0.695034
0.261648
0.690228
0.89756
0.894677
0.685806
0.256778
0.680758
0.88736
0.886134
0.677825
0.252077
0.676836
0.883503
0.883094
0.673111
0.24847
0.673819
0.88377
0.880102
0.667305
0.245031
0.667924
0.882192
0.877111
0.660703
0.240954
0.659322
0.875826
0.871814
0.652703
0.237597
0.655185
0.872711
0.869795
0.648582
0.235119
0.653762
0.875341
0.87337
0.647434
0.232845
0.650714
0.878239
0.876679
0.645533
0.23109
0.648936
0.880878
0.881794
0.64462
0.230268
0.649829
0.887587
0.892367
0.643731
0.229599
0.650035
0.899593
0.895297
0.637093
0.22821
0.646731
0.90918
0.896882
0.633976
0.226387
0.638101
0.91265
0.911634
0.637661
0.22672
0.631975
0.910821
0.931531
0.642434
0.228584
0.636638
0.92306
0.961646
0.654089
0.232753
0.646375
0.952461
1.0086
0.673076
0.240011
0.661763
0.991605
1.06682
0.69086
0.249327
0.686844
1.0525
1.13825
0.717246
0.26362
0.717481
1.1334
1.2261
0.74969
0.280141
0.749561
1.22508
1.34984
0.794467
0.304691
0.79359
1.34829
1.59525
0.884057
0.353386
0.881951
1.59206
2.16557
1.10716
0.484501
1.10307
2.15951
0.00442159
0.00386397
0.00372445
0.00386396
0.00442158
0.0110759
0.00957376
0.00402888
0.00957227
0.0110711
0.0512083
0.0404376
0.00734664
0.0404175
0.0511925
0.123634
0.0853264
0.0183411
0.0854047
0.123815
0.167007
0.114844
0.0294027
0.114848
0.167111
0.186054
0.128858
0.0351522
0.128865
0.186
0.190398
0.132494
0.0368704
0.132804
0.190756
0.190057
0.132329
0.0368765
0.132711
0.1904
0.187118
0.130306
0.0361067
0.130565
0.187256
0.182922
0.127317
0.0348147
0.127644
0.183068
0.179326
0.124754
0.0337656
0.12575
0.180081
0.176205
0.122523
0.0328146
0.123885
0.177484
0.173442
0.120765
0.0319461
0.12212
0.175072
0.171904
0.119993
0.0312513
0.120505
0.172808
0.170527
0.119119
0.0305383
0.118961
0.170504
0.16898
0.118055
0.0299611
0.117537
0.168403
0.167201
0.11684
0.0295226
0.11628
0.166421
0.164978
0.115382
0.0291748
0.115365
0.164668
0.163239
0.114444
0.0290526
0.1152
0.163898
0.162349
0.114096
0.0290628
0.115106
0.163391
0.161539
0.113499
0.0290711
0.114734
0.162589
0.160699
0.11317
0.0291826
0.114867
0.16249
0.160904
0.113615
0.0295026
0.115395
0.163041
0.163003
0.114986
0.0301591
0.116115
0.164975
0.167246
0.116731
0.0307477
0.117292
0.168633
0.172473
0.119705
0.0321352
0.119861
0.172718
0.178242
0.121882
0.0330651
0.12227
0.17862
0.186672
0.1261
0.0353473
0.126946
0.187012
0.192925
0.128143
0.036576
0.129428
0.194287
0.202618
0.134109
0.0399472
0.136259
0.206026
0.213262
0.139828
0.0423215
0.141618
0.216539
0.234653
0.152581
0.0480311
0.15337
0.235407
0.253831
0.163769
0.0523853
0.164396
0.253873
0.286983
0.18484
0.0621689
0.1858
0.287766
0.329679
0.208559
0.0712728
0.209734
0.331369
0.383222
0.240156
0.0864616
0.240743
0.384899
0.464796
0.290533
0.109124
0.290216
0.465106
0.601836
0.351301
0.136567
0.350488
0.601227
1.4091
0.561555
0.208719
0.559961
1.4069
0.09246
0.0571937
0.0116469
0.056921
0.0920969
0.577109
0.488304
0.140133
0.485603
0.574177
0.710692
0.583373
0.201377
0.581526
0.708325
0.755505
0.614197
0.221725
0.615201
0.756297
0.767945
0.620865
0.226665
0.621619
0.76897
0.776421
0.624348
0.227119
0.622323
0.774438
0.784498
0.626256
0.226855
0.622818
0.780354
0.790428
0.625371
0.226697
0.622033
0.785887
0.800517
0.626554
0.227247
0.62382
0.795847
0.81189
0.628184
0.228238
0.627079
0.811106
0.832586
0.635098
0.229894
0.627889
0.823802
0.856783
0.64058
0.23296
0.637676
0.850912
0.890524
0.651483
0.237318
0.648408
0.885822
0.938708
0.666064
0.243682
0.663279
0.93624
1.00924
0.689231
0.257231
0.687803
1.00864
1.15108
0.727355
0.274818
0.725925
1.15016
1.54057
0.851882
0.342092
0.850359
1.53902
3.03429
1.39999
0.651019
1.3981
3.03206
7.33021
3.19268
1.82047
3.19124
7.32922
0.0931874
0.0575516
0.011823
0.0573327
0.0928826
0.577897
0.487492
0.140921
0.486347
0.576846
0.711031
0.5817
0.201081
0.581087
0.710308
0.755429
0.612527
0.220968
0.611236
0.754179
0.768276
0.619145
0.225608
0.617114
0.765875
0.775733
0.621556
0.226155
0.619757
0.773473
0.782296
0.622568
0.225615
0.618949
0.778367
0.789124
0.622397
0.225391
0.618575
0.784772
0.801764
0.625177
0.226036
0.618771
0.792986
0.813453
0.626844
0.227414
0.623752
0.811068
0.831568
0.631815
0.229158
0.624098
0.825034
0.859905
0.639392
0.232616
0.634481
0.850809
0.895614
0.649476
0.237868
0.64928
0.893239
0.940246
0.662097
0.244524
0.66466
0.947436
1.02205
0.687833
0.258103
0.689232
1.02749
1.18871
0.731387
0.278013
0.731337
1.19118
1.66834
0.883304
0.356641
0.881688
1.66741
3.59197
1.62059
0.784775
1.61769
3.58847
10.1012
5.18227
3.60411
5.18002
10.099
0.0949864
0.0586653
0.012154
0.0583933
0.094593
0.585195
0.49206
0.143658
0.491477
0.584664
0.719015
0.586107
0.203556
0.584679
0.717098
0.759788
0.613909
0.223163
0.615126
0.761873
0.772172
0.620615
0.227697
0.620365
0.773316
0.781788
0.624381
0.228569
0.621881
0.778986
0.786662
0.62392
0.227789
0.621743
0.785451
0.79414
0.624263
0.227313
0.620011
0.789826
0.808408
0.628062
0.228248
0.621606
0.799492
0.818171
0.628235
0.229987
0.629251
0.819626
0.835219
0.632462
0.23185
0.633291
0.840977
0.867982
0.64308
0.235604
0.639413
0.862547
0.910464
0.655117
0.241968
0.656047
0.907471
0.948763
0.662574
0.248558
0.674057
0.966308
1.03617
0.689231
0.260873
0.697473
1.05276
1.21688
0.740333
0.283756
0.743381
1.22498
1.69934
0.886584
0.358294
0.885319
1.69913
3.52728
1.53452
0.719589
1.53044
3.52197
9.68855
4.70769
2.9623
4.70437
9.68392
0.09769
0.0603672
0.0126032
0.0600482
0.0972066
0.599412
0.502045
0.148014
0.50107
0.598248
0.734335
0.596073
0.208589
0.594868
0.733384
0.774581
0.62207
0.228238
0.626032
0.778562
0.785857
0.628315
0.232925
0.631605
0.791453
0.797755
0.634243
0.233865
0.63184
0.796069
0.801205
0.632576
0.233159
0.633634
0.804619
0.810779
0.63468
0.232784
0.630155
0.807688
0.827177
0.639392
0.233834
0.632064
0.817436
0.836658
0.637975
0.235321
0.637818
0.833826
0.852681
0.641907
0.237009
0.642422
0.85375
0.886692
0.65441
0.240936
0.649075
0.880272
0.932604
0.666976
0.247891
0.668972
0.930047
0.973172
0.673377
0.254888
0.690426
0.992989
1.0619
0.69986
0.266097
0.713058
1.08354
1.23564
0.756224
0.289953
0.760818
1.2448
1.64557
0.872772
0.354263
0.871412
1.64517
2.91901
1.28454
0.649182
1.27876
2.91264
6.0043
2.01643
0.839532
2.01424
5.99944
5.38769
1.99179
0.950511
1.98972
5.38396
10.7136
4.62305
2.94653
4.62031
10.7101
11.3841
5.10845
3.54479
5.10644
11.3813
6.39209
2.94975
1.73769
2.94857
6.3911
4.64991
1.9293
0.995124
1.92727
4.6477
10.7954
4.41646
2.82891
4.41456
10.7934
11.3866
4.86195
3.33523
4.86065
11.3844
5.36377
2.60365
1.61166
2.60289
5.36303
4.32545
1.86102
0.997373
1.85913
4.32369
10.6425
4.27929
2.7143
4.27729
10.6405
11.1478
4.61261
3.10124
4.61138
11.1457
4.9417
2.45629
1.54729
2.45556
4.94083
3.86828
1.69932
0.968521
1.69794
3.8672
10.1733
4.01346
2.55273
4.01182
10.1718
10.5148
4.19495
2.7526
4.19374
10.5131
4.33603
2.14467
1.39448
2.14388
4.33526
0.0188618
0.00936016
0.0034581
0.00936208
0.0188671
0.0912335
0.0728597
0.0213283
0.0728605
0.0912554
0.125409
0.0942268
0.0303813
0.094236
0.125434
0.136304
0.102589
0.0339148
0.102585
0.136302
0.139741
0.106196
0.0354997
0.106203
0.139753
0.142074
0.108406
0.0365549
0.108446
0.142111
0.144778
0.110386
0.0375161
0.110436
0.144825
0.14808
0.112494
0.0385287
0.112548
0.148092
0.151764
0.114671
0.0395397
0.114729
0.151752
0.155903
0.117046
0.0406775
0.117126
0.155917
0.159462
0.118734
0.0413421
0.118777
0.159413
0.162984
0.120186
0.041955
0.120181
0.163027
0.162494
0.118929
0.0412157
0.11892
0.162586
0.159446
0.115564
0.0395333
0.115551
0.159558
0.146125
0.105191
0.0346458
0.105189
0.1462
0.131074
0.0837335
0.0261218
0.0837328
0.131096
0.115292
0.068735
0.0197032
0.0687406
0.115309
0.0899029
0.0511846
0.0135371
0.051192
0.089921
0.0310232
0.0145164
0.00518384
0.014519
0.0310308
0.0894734
0.056608
0.0112302
0.0565782
0.0894348
0.575793
0.502496
0.137337
0.502346
0.575625
0.724521
0.607616
0.198645
0.607483
0.724356
0.775486
0.643132
0.219363
0.643174
0.775522
0.792332
0.653448
0.225401
0.653598
0.792509
0.800507
0.656908
0.227052
0.656967
0.800591
0.807956
0.659097
0.227894
0.659038
0.807899
0.816302
0.661068
0.228666
0.661206
0.816462
0.826377
0.663361
0.22965
0.663959
0.82705
0.838497
0.666208
0.23067
0.666665
0.839022
0.853187
0.669545
0.231804
0.6697
0.853358
0.871024
0.674272
0.233493
0.673981
0.870708
0.890181
0.678458
0.23477
0.677759
0.889216
0.915003
0.686166
0.237529
0.685235
0.913968
0.933201
0.688534
0.237502
0.688089
0.932778
0.924458
0.68076
0.232075
0.680534
0.924275
0.866286
0.633264
0.206986
0.633234
0.866329
0.705682
0.512213
0.140085
0.512266
0.705816
0.159308
0.114283
0.0259505
0.114296
0.15935
0.0956166
0.0599086
0.0120257
0.0598043
0.0954661
0.604979
0.518853
0.147438
0.518309
0.604308
0.755858
0.628034
0.214459
0.627465
0.755101
0.807674
0.664385
0.237008
0.664468
0.807715
0.824599
0.674668
0.243349
0.674726
0.824676
0.832493
0.677659
0.244533
0.677157
0.831864
0.839797
0.679449
0.245005
0.678572
0.838612
0.847518
0.680606
0.245403
0.680288
0.847018
0.857199
0.682213
0.246203
0.683097
0.858325
0.869735
0.684752
0.246837
0.684931
0.87008
0.886524
0.688508
0.247961
0.687681
0.885346
0.906932
0.693347
0.249794
0.69265
0.905925
0.932665
0.69978
0.25235
0.698016
0.929646
0.970244
0.711376
0.256962
0.708941
0.967016
1.01431
0.723635
0.263228
0.722123
1.0126
1.08012
0.750018
0.276194
0.749512
1.07929
1.18256
0.773509
0.289625
0.773306
1.18221
1.313
0.812091
0.291692
0.811905
1.31258
0.483134
0.285613
0.0893276
0.285544
0.483008
0.0932019
0.0578377
0.0116996
0.0575861
0.0928619
0.585844
0.497909
0.142088
0.495615
0.583288
0.725288
0.598314
0.205685
0.59647
0.722989
0.772394
0.631029
0.226961
0.632517
0.773904
0.787683
0.640168
0.232717
0.640697
0.788605
0.795694
0.643215
0.233224
0.641101
0.793526
0.802935
0.644695
0.233319
0.642444
0.800211
0.809475
0.644572
0.233346
0.643215
0.807587
0.817572
0.644752
0.23398
0.646011
0.818872
0.829973
0.647321
0.234411
0.647044
0.830466
0.85063
0.653699
0.235631
0.648951
0.844988
0.870825
0.657162
0.23789
0.655457
0.868411
0.901892
0.666887
0.241445
0.662522
0.896451
0.947795
0.681289
0.247291
0.676375
0.94278
1.00777
0.700175
0.259013
0.697835
1.00535
1.11661
0.734713
0.274964
0.733221
1.11496
1.37208
0.817112
0.318385
0.816221
1.37091
2.23912
1.18311
0.533624
1.18239
2.23799
2.00194
0.845701
0.343308
0.845206
2.00132
)
;

boundaryField
{
    empty
    {
        type            empty;
    }
    top
    {
        type            fixedValue;
        value           uniform 0.00375;
    }
    fixedwall
    {
        type            kqRWallFunction;
        value           nonuniform List<scalar> 
585
(
0.00445645
0.00388703
0.00371732
0.00388702
0.00445655
0.0119794
0.0106167
0.00408606
0.0106166
0.0119759
0.0563613
0.0439285
0.00787729
0.0438742
0.0563235
0.126885
0.0873908
0.0192547
0.0871824
0.126661
0.166589
0.114244
0.0293197
0.113963
0.166295
0.183232
0.126493
0.0343397
0.126335
0.18301
0.186701
0.129203
0.0357189
0.129236
0.186604
0.185983
0.128758
0.0356884
0.128942
0.186109
0.183194
0.126878
0.0350313
0.127215
0.183546
0.179969
0.124367
0.0340296
0.125152
0.180836
0.176302
0.121352
0.0328252
0.122296
0.177427
0.172501
0.118111
0.0314426
0.118908
0.173417
0.168908
0.115146
0.0301748
0.115415
0.16932
0.166042
0.112991
0.0291719
0.112418
0.165661
0.163632
0.110947
0.0282921
0.109978
0.162603
0.160127
0.107825
0.0272201
0.107361
0.159398
0.156532
0.104812
0.0261184
0.104519
0.155978
0.153705
0.102504
0.0253013
0.102369
0.153533
0.151076
0.100397
0.0245134
0.0996603
0.150513
0.148165
0.0979182
0.0236083
0.0969809
0.147176
0.145104
0.0951991
0.0228594
0.0953726
0.14511
0.142541
0.0929864
0.0221148
0.09267
0.142247
0.140005
0.0907447
0.0213455
0.0898995
0.13897
0.136349
0.0873994
0.020565
0.0880943
0.136798
0.133041
0.0846591
0.0197942
0.0853949
0.133907
0.130407
0.0825061
0.0191272
0.0827382
0.130743
0.127264
0.0798812
0.018442
0.0806572
0.128132
0.124455
0.0776873
0.0177975
0.0785896
0.125598
0.122011
0.075738
0.0172652
0.0766945
0.123193
0.119505
0.0738678
0.0168187
0.0750226
0.120903
0.117241
0.0723624
0.0163842
0.0734317
0.118636
0.114891
0.0708683
0.0158847
0.0717389
0.116199
0.112728
0.0696243
0.0154221
0.0702353
0.113702
0.11056
0.0683806
0.0150192
0.0690171
0.111492
0.10848
0.0671361
0.0146175
0.0678131
0.109451
0.106682
0.0661516
0.0142615
0.0665793
0.107387
0.105032
0.065188
0.0139324
0.0653466
0.105306
0.103186
0.0640536
0.0135628
0.0639313
0.103037
0.100896
0.0625302
0.013146
0.0623002
0.100568
0.00442159
0.00386397
0.00372445
0.00386396
0.00442158
0.0110759
0.00957376
0.00402888
0.00957227
0.0110711
0.0512083
0.0404376
0.00734664
0.0404175
0.0511925
0.123634
0.0853264
0.0183411
0.0854047
0.123815
0.167007
0.114844
0.0294027
0.114848
0.167111
0.186054
0.128858
0.0351522
0.128865
0.186
0.190398
0.132494
0.0368704
0.132804
0.190756
0.190057
0.132329
0.0368765
0.132711
0.1904
0.187118
0.130306
0.0361067
0.130565
0.187256
0.182922
0.127317
0.0348147
0.127644
0.183068
0.179326
0.124754
0.0337656
0.12575
0.180081
0.176205
0.122523
0.0328146
0.123885
0.177484
0.173442
0.120765
0.0319461
0.12212
0.175072
0.171904
0.119993
0.0312513
0.120505
0.172808
0.170527
0.119119
0.0305383
0.118961
0.170504
0.16898
0.118055
0.0299611
0.117537
0.168403
0.167201
0.11684
0.0295226
0.11628
0.166421
0.164978
0.115382
0.0291748
0.115365
0.164668
0.163239
0.114444
0.0290526
0.1152
0.163898
0.162349
0.114096
0.0290628
0.115106
0.163391
0.161539
0.113499
0.0290711
0.114734
0.162589
0.160699
0.11317
0.0291826
0.114867
0.16249
0.160904
0.113615
0.0295026
0.115395
0.163041
0.163003
0.114986
0.0301591
0.116115
0.164975
0.167246
0.116731
0.0307477
0.117292
0.168633
0.172473
0.119705
0.0321352
0.119861
0.172718
0.178242
0.121882
0.0330651
0.12227
0.17862
0.186672
0.1261
0.0353473
0.126946
0.187012
0.192925
0.128143
0.036576
0.129428
0.194287
0.202618
0.134109
0.0399472
0.136259
0.206026
0.213262
0.139828
0.0423215
0.141618
0.216539
0.234653
0.152581
0.0480311
0.15337
0.235407
0.253831
0.163769
0.0523853
0.164396
0.253873
0.286983
0.18484
0.0621689
0.1858
0.287766
0.329679
0.208559
0.0712728
0.209734
0.331369
0.383222
0.240156
0.0864616
0.240743
0.384899
0.464796
0.290533
0.109124
0.290216
0.465106
0.601836
0.351301
0.136567
0.350488
0.601227
1.4091
0.561555
0.208719
0.559961
1.4069
0.09246
0.0571937
0.0116469
0.056921
0.0920969
0.0931874
0.0575516
0.011823
0.0573327
0.0928826
0.0949864
0.0586653
0.012154
0.0583933
0.094593
0.09769
0.0603672
0.0126032
0.0600482
0.0972066
5.38769
1.99179
0.950511
1.98972
5.38396
6.39209
2.94975
1.73769
2.94857
6.3911
4.64991
1.9293
0.995124
1.92727
4.6477
5.36377
2.60365
1.61166
2.60289
5.36303
4.32545
1.86102
0.997373
1.85913
4.32369
4.9417
2.45629
1.54729
2.45556
4.94083
3.86828
1.69932
0.968521
1.69794
3.8672
4.33603
2.14467
1.39448
2.14388
4.33526
0.0188618
0.0188618
0.00936016
0.00936016
0.0034581
0.0034581
0.00936208
0.00936208
0.0188671
0.0188671
0.0912335
0.0728597
0.0213283
0.0728605
0.0912554
0.125409
0.0942268
0.0303813
0.094236
0.125434
0.136304
0.102589
0.0339148
0.102585
0.136302
0.139741
0.106196
0.0354997
0.106203
0.139753
0.142074
0.108406
0.0365549
0.108446
0.142111
0.144778
0.110386
0.0375161
0.110436
0.144825
0.14808
0.112494
0.0385287
0.112548
0.148092
0.151764
0.114671
0.0395397
0.114729
0.151752
0.155903
0.117046
0.0406775
0.117126
0.155917
0.159462
0.118734
0.0413421
0.118777
0.159413
0.162984
0.120186
0.041955
0.120181
0.163027
0.162494
0.118929
0.0412157
0.11892
0.162586
0.159446
0.115564
0.0395333
0.115551
0.159558
0.146125
0.105191
0.0346458
0.105189
0.1462
0.131074
0.0837335
0.0261218
0.0837328
0.131096
0.115292
0.068735
0.0197032
0.0687406
0.115309
0.0899029
0.0511846
0.0135371
0.051192
0.089921
0.0310232
0.0310232
0.0145164
0.0145164
0.00518384
0.00518384
0.014519
0.014519
0.0310308
0.0310308
0.0894734
0.056608
0.0112302
0.0565782
0.0894348
0.159308
0.114283
0.0259505
0.114296
0.15935
0.0956166
0.0599086
0.0120257
0.0598043
0.0954661
0.483134
0.285613
0.0893276
0.285544
0.483008
0.0932019
0.0578377
0.0116996
0.0575861
0.0928619
2.00194
0.845701
0.343308
0.845206
2.00132
)
;
    }
    outlet
    {
        type            zeroGradient;
    }
}


// ************************************************************************* //
