/*--------------------------------*- C++ -*----------------------------------*\
  =========                 |
  \\      /  F ield         | OpenFOAM: The Open Source CFD Toolbox
   \\    /   O peration     | Website:  https://openfoam.org
    \\  /    A nd           | Version:  9
     \\/     M anipulation  |
\*---------------------------------------------------------------------------*/
FoamFile
{
    format      ascii;
    class       volScalarField;
    location    "0.5";
    object      nut;
}
// * * * * * * * * * * * * * * * * * * * * * * * * * * * * * * * * * * * * * //

dimensions      [0 2 -1 0 0 0 0];

internalField   nonuniform List<scalar> 
4545
(
0.000393891
0.000368179
0.000360258
0.000368178
0.000393902
0.000637351
0.000606433
0.000377846
0.000606422
0.000636818
0.0013995
0.00125988
0.000535606
0.00125931
0.00139805
0.00217069
0.00181559
0.000869162
0.00181351
0.00216935
0.00251426
0.00209455
0.001098
0.00209179
0.00251441
0.00265179
0.002215
0.00120011
0.00221329
0.00265232
0.00268405
0.00224303
0.00122883
0.0022431
0.00268447
0.00268036
0.0022402
0.00122964
0.00224185
0.00268251
0.00266247
0.00222606
0.00122016
0.00222863
0.00266496
0.0026401
0.00220516
0.00120262
0.00221043
0.00264361
0.0026122
0.00217804
0.00118169
0.00218627
0.00262107
0.00258524
0.00214924
0.00115711
0.00215733
0.00259255
0.0025579
0.00212176
0.00113327
0.00212714
0.00256289
0.00253616
0.0021016
0.00111375
0.00209977
0.00253586
0.00251971
0.0020837
0.0010968
0.00207516
0.00251159
0.00249403
0.00205611
0.00107626
0.00204953
0.00248604
0.00246616
0.00202769
0.00105437
0.00202277
0.00245897
0.0024436
0.0020051
0.00103737
0.00200318
0.00244135
0.00242277
0.00198441
0.00102096
0.00197782
0.00241827
0.0024
0.00196111
0.00100212
0.00195188
0.00239211
0.00237656
0.00193584
0.000985995
0.00193654
0.00237445
0.00235538
0.00191341
0.000969603
0.00191104
0.00235284
0.00233404
0.00189189
0.000952523
0.00188115
0.00232484
0.00230524
0.00185879
0.000934761
0.00186301
0.00230607
0.00227697
0.00182785
0.00091641
0.00183697
0.00228342
0.00225367
0.00180467
0.000900103
0.00180842
0.00225708
0.00222741
0.00177785
0.000883489
0.00178532
0.00223474
0.0022039
0.00175346
0.000867419
0.0017618
0.00221244
0.00218178
0.00172997
0.000853382
0.00173925
0.00219105
0.0021579
0.00170625
0.000841226
0.00171767
0.00216895
0.00213691
0.00168716
0.000829717
0.0016991
0.00214889
0.00211589
0.00166851
0.000816637
0.00167897
0.002128
0.00209634
0.00165358
0.000804149
0.00165945
0.00210489
0.00207569
0.00163889
0.000792998
0.00164538
0.0020841
0.0020568
0.00162363
0.000781844
0.00163134
0.0020656
0.00203914
0.00161086
0.000771681
0.00161579
0.00204623
0.00202261
0.00159844
0.00076215
0.00160077
0.00202639
0.00200546
0.00158419
0.00075146
0.00158337
0.00200417
0.00198275
0.00156467
0.000739079
0.00156246
0.00197894
0.00021417
0.000311068
0.000159092
0.000311059
0.000214178
0.00169133
0.00226457
0.00039251
0.00226437
0.00169128
0.00606788
0.00566869
0.0018897
0.00566665
0.00606625
0.00926497
0.00787793
0.00383089
0.00787245
0.00925901
0.0108317
0.00906611
0.00494389
0.00905741
0.0108221
0.0114844
0.00958739
0.00544292
0.00957923
0.0114749
0.0116118
0.00967868
0.00556528
0.00967848
0.0116113
0.0115901
0.00966754
0.00556425
0.00967346
0.0115986
0.0114816
0.00957724
0.00549477
0.00958581
0.0114972
0.0113733
0.0094781
0.00539186
0.00948834
0.0113868
0.0112262
0.00934121
0.00527314
0.00936093
0.0112479
0.0110702
0.00920408
0.00514525
0.00922781
0.0110948
0.0109324
0.00908506
0.00502619
0.00910755
0.0109542
0.0108174
0.00898607
0.00492343
0.00899617
0.0108305
0.0107076
0.00889203
0.00482651
0.00887477
0.0106949
0.0105636
0.00876603
0.00471713
0.00874175
0.0105392
0.01043
0.00865437
0.00461428
0.00862724
0.0103952
0.0103142
0.0085632
0.00453021
0.00855537
0.0103015
0.0102004
0.00847142
0.00444306
0.0084546
0.0101837
0.0100779
0.00837452
0.00435059
0.00835983
0.0100638
0.00997939
0.00829826
0.00427238
0.00829792
0.00997866
0.00987276
0.00821421
0.00419072
0.00820717
0.0098699
0.0097645
0.00813154
0.00410832
0.00809779
0.00973345
0.00963422
0.00801921
0.00402103
0.00802673
0.00962691
0.00947805
0.00789894
0.00393006
0.00793405
0.00951018
0.0093511
0.00781476
0.00384782
0.00784542
0.00939421
0.00925037
0.00774174
0.00376453
0.0077674
0.00928934
0.00915127
0.00766472
0.00368376
0.00767018
0.00916615
0.00903426
0.00756453
0.00361023
0.00758133
0.00904813
0.00889725
0.00746525
0.00354403
0.00748628
0.008917
0.00877891
0.0073845
0.00347702
0.00741358
0.00881231
0.00868011
0.0073113
0.00340569
0.00733813
0.00871913
0.0085844
0.00723964
0.00333844
0.00723723
0.00858751
0.0084891
0.00716553
0.00327509
0.00717519
0.00849611
0.00839252
0.00708966
0.00321365
0.00710773
0.00841026
0.00829513
0.00701784
0.00315722
0.0070235
0.00830329
0.00819863
0.00694323
0.00310197
0.00694961
0.00820425
0.00809741
0.00686253
0.00304141
0.00686279
0.00809681
0.00796758
0.00675146
0.00296824
0.0067483
0.0079627
0.000229281
0.000309282
0.00015963
0.000309287
0.000229302
0.00200965
0.00241047
0.000437443
0.00241053
0.00200983
0.00726941
0.00656487
0.00235819
0.00656349
0.00726832
0.0111376
0.00933502
0.0049603
0.00933182
0.0111334
0.0130876
0.0108548
0.00645903
0.0108496
0.0130806
0.0139382
0.0115418
0.00713906
0.011538
0.0139333
0.014165
0.0117113
0.00731891
0.0117066
0.0141603
0.0141486
0.0116955
0.0073166
0.0116989
0.0141542
0.0140164
0.0115723
0.00721831
0.0115863
0.0140373
0.0138455
0.011417
0.00706752
0.0114274
0.0138597
0.0136628
0.0112528
0.00691728
0.0112806
0.0136933
0.0134831
0.0110964
0.00675593
0.0111222
0.0135218
0.0133307
0.0109589
0.0065985
0.0109438
0.0133236
0.0131812
0.0108217
0.00645321
0.0107733
0.0131265
0.0130306
0.0106863
0.00631963
0.0106451
0.0129745
0.0128539
0.0105312
0.00618726
0.0105179
0.01283
0.0126719
0.0103819
0.00605951
0.0103875
0.0126777
0.0125427
0.0102766
0.00594973
0.0102893
0.0125584
0.0124083
0.010161
0.00583651
0.01017
0.0124215
0.0122646
0.0100415
0.00571924
0.0100442
0.0122717
0.0121454
0.00994144
0.00561455
0.00993315
0.0121346
0.0120158
0.00983429
0.00552579
0.00984159
0.0120164
0.0118736
0.00972995
0.00544051
0.00975032
0.011899
0.0117552
0.0096378
0.00533525
0.00964342
0.0117699
0.0116365
0.0095326
0.00522846
0.00952232
0.0116245
0.011466
0.00940062
0.00513173
0.00941323
0.0114824
0.011347
0.00930811
0.00503533
0.00931399
0.0113584
0.0112326
0.00921175
0.00493953
0.00919879
0.0112128
0.0110658
0.00907797
0.00485251
0.00910395
0.0110892
0.0109453
0.00899763
0.00478114
0.00901409
0.0109691
0.0108384
0.00892079
0.00471233
0.00891268
0.0108339
0.0107294
0.00883966
0.00464282
0.00884485
0.0107362
0.0106295
0.00876667
0.00457777
0.00878704
0.0106515
0.0105282
0.00868799
0.00450917
0.00871541
0.0105565
0.0104226
0.00860659
0.00444409
0.00863887
0.0104583
0.0103108
0.00852467
0.00438357
0.00856005
0.0103521
0.0102076
0.00844948
0.00432395
0.00847823
0.0102435
0.0100998
0.00836654
0.00425897
0.00838409
0.0101235
0.0099536
0.00824609
0.00417677
0.00825844
0.00997307
0.00022754
0.000325816
0.000159322
0.000325841
0.000227543
0.00202653
0.00251652
0.00046215
0.00251719
0.00202682
0.00750728
0.00680672
0.00249808
0.00680786
0.00750869
0.0116743
0.00976452
0.00529674
0.009765
0.0116748
0.0137995
0.0114182
0.00693971
0.0114191
0.0138011
0.0147448
0.0121793
0.00769452
0.0121803
0.0147471
0.0150117
0.0123771
0.00790186
0.0123866
0.0150228
0.0149987
0.0123612
0.00789879
0.0123772
0.0150209
0.0148578
0.0122283
0.00778655
0.0122545
0.0148984
0.0146654
0.0120538
0.00760925
0.0120438
0.01466
0.0144755
0.0118856
0.00744155
0.0118866
0.0144791
0.0143151
0.0117381
0.00726985
0.0117164
0.014303
0.0141424
0.0115729
0.00709979
0.0115171
0.0140668
0.0139393
0.0113941
0.00694915
0.0113773
0.0139057
0.0137532
0.0112395
0.00680716
0.0112544
0.0137686
0.0135876
0.0110961
0.00665865
0.0111012
0.0135989
0.0134275
0.0109538
0.00652476
0.0109689
0.01344
0.0132626
0.010811
0.00640045
0.0108654
0.0133169
0.0131053
0.0106846
0.00627567
0.0107363
0.0131751
0.0129747
0.010578
0.00614987
0.0105895
0.0129994
0.0128534
0.0104676
0.00603306
0.0104833
0.0128703
0.0127075
0.0103441
0.00592838
0.0103589
0.0127307
0.0125705
0.0102435
0.0058312
0.0102302
0.0125647
0.0124558
0.0101498
0.0057245
0.0101234
0.0124229
0.0123268
0.010038
0.00561677
0.0100187
0.0122936
0.0121653
0.00990864
0.00551338
0.00991722
0.0121726
0.0120222
0.00979632
0.00541167
0.00979611
0.0120328
0.0118881
0.00968765
0.00531538
0.00966935
0.0118653
0.0117465
0.00957804
0.00522643
0.00957557
0.0117384
0.0116287
0.00949259
0.00515049
0.00948084
0.0116158
0.0115215
0.009416
0.00508725
0.00940049
0.0115072
0.0114031
0.00932719
0.00502024
0.00932658
0.0114065
0.0113028
0.00925418
0.00495458
0.00925408
0.0113046
0.0112099
0.00918156
0.00488733
0.0091762
0.0112002
0.0111026
0.00910071
0.00482456
0.00910526
0.0111038
0.0109773
0.00900527
0.00476367
0.00903396
0.0110087
0.0108737
0.00893192
0.00470687
0.00894511
0.0108942
0.010764
0.00884866
0.00464739
0.00884997
0.0107678
0.0106202
0.0087287
0.00457099
0.00873475
0.0106232
0.000226048
0.000320317
0.000159598
0.000320314
0.000226021
0.00200716
0.00249258
0.000455741
0.00249241
0.00200684
0.00751066
0.00683285
0.00249848
0.00683398
0.00751131
0.0117843
0.00985549
0.00535694
0.00985761
0.0117868
0.0139825
0.0115608
0.00705031
0.0115645
0.0139879
0.0149704
0.0123525
0.00783639
0.0123547
0.014975
0.0152461
0.0125524
0.00805568
0.0125732
0.0152712
0.0152374
0.0125423
0.00805134
0.0125471
0.0152531
0.0150906
0.0123999
0.0079332
0.0123994
0.0150924
0.0148837
0.0122114
0.00774798
0.012231
0.0148965
0.0146747
0.0120293
0.00756795
0.0120718
0.0147257
0.014504
0.0118736
0.00738313
0.0118727
0.0145121
0.0143346
0.0117124
0.00721285
0.0116823
0.0142983
0.014132
0.0115296
0.00706079
0.0115352
0.0141236
0.0139299
0.0113664
0.00690902
0.0114034
0.0139795
0.0137917
0.0112469
0.00676121
0.0112569
0.0138148
0.0136491
0.0111102
0.0066258
0.0111296
0.0136664
0.0134734
0.0109591
0.00649626
0.0110071
0.0135295
0.0133213
0.010835
0.00636621
0.0108627
0.0133602
0.0131752
0.0107124
0.00624298
0.0107382
0.0132061
0.0130418
0.0105979
0.00612915
0.0106203
0.013073
0.012889
0.0104703
0.00601574
0.0104774
0.0129076
0.0127498
0.0103606
0.00590651
0.0103626
0.0127536
0.0126413
0.0102701
0.00579754
0.0102555
0.0126228
0.0125178
0.0101575
0.00569324
0.0101502
0.0124997
0.0123546
0.0100281
0.00559623
0.0100292
0.0123543
0.0122048
0.00991625
0.00549858
0.00991247
0.0122041
0.0120833
0.00981977
0.00540335
0.00981041
0.0120702
0.0119475
0.00971523
0.00531707
0.00971448
0.0119516
0.0118342
0.00963437
0.00524459
0.00961559
0.0118215
0.0117376
0.00956144
0.00518007
0.0095378
0.0117122
0.0116297
0.00947684
0.00511057
0.0094475
0.0115946
0.011514
0.00938241
0.00504142
0.00937339
0.0114959
0.0113744
0.00927777
0.0049761
0.00929145
0.0113823
0.0112703
0.00920778
0.00491045
0.00921532
0.0112796
0.0111747
0.0091361
0.00485152
0.00915246
0.0111928
0.0110707
0.00905693
0.00479894
0.00907995
0.0110956
0.0109478
0.00896477
0.00474523
0.00899746
0.0109844
0.0108044
0.00885042
0.00467289
0.00887434
0.010836
0.000224708
0.000321572
0.000159524
0.000321555
0.000224697
0.00198872
0.00249291
0.000455389
0.00249258
0.00198846
0.00748387
0.00683145
0.0024958
0.00683057
0.00748275
0.0117954
0.00986948
0.0053645
0.00986866
0.0117946
0.0140223
0.0115912
0.00707037
0.0115905
0.0140214
0.0150251
0.0123933
0.0078678
0.0123937
0.0150249
0.0153158
0.0126054
0.00808754
0.0126053
0.0153192
0.0153196
0.0126043
0.00808651
0.0126018
0.0153196
0.015181
0.0124661
0.00796616
0.0124572
0.0151743
0.0149545
0.0122587
0.00777376
0.0122563
0.0149524
0.0147274
0.0120553
0.00758413
0.0120622
0.0147335
0.0145247
0.0118727
0.00739964
0.0118869
0.0145366
0.014347
0.0117128
0.00723192
0.0117169
0.0143497
0.0141432
0.0115355
0.00707259
0.0115519
0.0141593
0.0139538
0.01137
0.00691368
0.0114125
0.0139984
0.0137954
0.0112332
0.00676505
0.011284
0.0138599
0.0136687
0.0111209
0.0066351
0.0111578
0.0137182
0.0135301
0.0109963
0.00651657
0.011038
0.0135833
0.0133595
0.0108528
0.00638817
0.0108962
0.0134151
0.0132061
0.0107242
0.00626135
0.0107633
0.0132559
0.0130786
0.0106138
0.0061483
0.0106504
0.0131233
0.0129335
0.0104946
0.00603668
0.0105201
0.012967
0.0127979
0.01038
0.00592184
0.0104082
0.0128293
0.012659
0.0102622
0.00581458
0.0102943
0.0126948
0.0125228
0.010156
0.00571535
0.0101774
0.012559
0.0124016
0.0100622
0.00562025
0.010054
0.0124057
0.0122812
0.00996499
0.00552594
0.00994348
0.0122638
0.012166
0.00986913
0.00543158
0.00982756
0.0121131
0.0120448
0.00977172
0.00534587
0.00974479
0.0120037
0.011917
0.0096696
0.00527026
0.00966195
0.0119024
0.0117864
0.00957132
0.00520035
0.00956953
0.011784
0.0116583
0.00947667
0.00512328
0.00947366
0.0116606
0.0115445
0.00938914
0.00505212
0.00937448
0.0115297
0.0114221
0.00929938
0.00498894
0.0092983
0.0114154
0.0113234
0.00922524
0.00492184
0.00921961
0.0113133
0.0112078
0.00913856
0.00486403
0.00916252
0.0112347
0.0111182
0.00907918
0.00481582
0.00910773
0.0111546
0.0110233
0.00900829
0.0047616
0.00902696
0.0110509
0.0108922
0.00890003
0.00468822
0.00890611
0.0109064
0.000223408
0.000319086
0.000159605
0.000318966
0.000223406
0.00196889
0.00247427
0.000450568
0.00247311
0.00196851
0.00744829
0.00681379
0.00248047
0.00681158
0.00744588
0.0117815
0.00986078
0.00535416
0.00986019
0.0117806
0.0140228
0.0115903
0.00706542
0.0115918
0.0140243
0.0150355
0.0123985
0.00786878
0.0123989
0.0150367
0.0153501
0.0126314
0.00809564
0.0126115
0.0153334
0.0153446
0.0126138
0.00809237
0.0125918
0.0153158
0.0151983
0.0124761
0.00797175
0.0124483
0.0151674
0.0149847
0.0122831
0.00778476
0.0122619
0.0149585
0.0147682
0.012084
0.00759877
0.0120817
0.0147576
0.0145447
0.0118838
0.00741025
0.0119013
0.0145631
0.0143529
0.0117167
0.00724269
0.0117256
0.0143677
0.0141729
0.0115583
0.00708718
0.0115758
0.0141937
0.0140052
0.0114075
0.00693181
0.0114368
0.0140401
0.0138379
0.0112576
0.00678402
0.0112936
0.0138823
0.0136846
0.0111269
0.00665244
0.0111589
0.013729
0.0135615
0.0110199
0.00653647
0.0110383
0.0135896
0.0133981
0.0108752
0.00640187
0.010899
0.0134284
0.0132401
0.010739
0.00626899
0.0107618
0.0132642
0.0130998
0.0106227
0.00614991
0.0106614
0.0131384
0.0129497
0.0104899
0.00602625
0.0105375
0.0130077
0.0127945
0.0103631
0.00591282
0.0104094
0.0128624
0.0126707
0.010264
0.00581162
0.010284
0.01271
0.0125773
0.0101883
0.00571612
0.010163
0.012561
0.012467
0.0100948
0.00562245
0.0100555
0.0124178
0.012332
0.00998055
0.00553213
0.00997806
0.0123152
0.0121938
0.00986929
0.00544558
0.00988723
0.0122133
0.0120767
0.00978101
0.0053619
0.00975603
0.0120584
0.0119596
0.00969185
0.00528294
0.00964945
0.011915
0.0118379
0.00959974
0.00520469
0.00956626
0.0118008
0.011727
0.00951368
0.00512704
0.00948055
0.0116879
0.0116125
0.00942124
0.00505341
0.0094033
0.0115866
0.0114975
0.00933482
0.0049881
0.00931778
0.0114781
0.0113808
0.00924442
0.00492317
0.00922314
0.0113556
0.0112525
0.00915232
0.00486367
0.00915303
0.0112563
0.0111548
0.00908227
0.00480823
0.00909608
0.0111731
0.0110602
0.00900743
0.00475241
0.00902953
0.0110831
0.0109241
0.00889558
0.00468072
0.00892027
0.0109572
0.000222305
0.000317219
0.000159613
0.000317235
0.00022229
0.00195128
0.00245544
0.00044626
0.0024556
0.00195114
0.00741177
0.00679216
0.00246475
0.00679284
0.00741211
0.0117621
0.00984686
0.00534106
0.00984863
0.0117648
0.0140154
0.0115838
0.00705662
0.0115859
0.0140193
0.0150384
0.0123988
0.00786391
0.0123973
0.0150389
0.0153546
0.0126324
0.008094
0.012613
0.0153377
0.0153566
0.0126219
0.00809526
0.0126009
0.0153314
0.0152354
0.0124996
0.00798448
0.0124599
0.0151825
0.0149855
0.0122787
0.007795
0.0122671
0.0149596
0.0147769
0.0120992
0.00761005
0.0121132
0.014789
0.014593
0.0119272
0.0074263
0.0119533
0.0146262
0.0143964
0.011748
0.00726291
0.0117818
0.014443
0.0142133
0.0115848
0.0071059
0.0116091
0.0142461
0.0140305
0.0114261
0.00694734
0.0114537
0.0140643
0.0138871
0.0112998
0.00680009
0.0113184
0.0139162
0.0137477
0.0111697
0.00667081
0.0111788
0.0137669
0.0136013
0.0110438
0.00655595
0.0110325
0.0135935
0.013464
0.0109268
0.00643278
0.0109095
0.0134438
0.0133102
0.0107858
0.00629275
0.0107721
0.0132943
0.0131314
0.0106315
0.00615352
0.0106167
0.0131076
0.0129813
0.010507
0.00603192
0.0105244
0.0129898
0.0128463
0.010395
0.00592823
0.0104397
0.0129024
0.0127352
0.0103036
0.00583075
0.0103144
0.0127671
0.012603
0.0101824
0.00571846
0.0101671
0.0125932
0.0124633
0.0100724
0.00561835
0.0100355
0.0124235
0.0123614
0.00998823
0.0055327
0.00996271
0.0123188
0.0122472
0.0098833
0.00544564
0.00987657
0.0122271
0.0120867
0.00976516
0.00536219
0.00975652
0.0120838
0.0119837
0.00969577
0.00528584
0.0096567
0.0119541
0.0118976
0.00961863
0.00520966
0.00955527
0.0118208
0.0117744
0.00952052
0.00513291
0.00948084
0.0117138
0.0116688
0.00944334
0.00505904
0.00940476
0.0116242
0.0115693
0.00936059
0.00498905
0.00931404
0.0115125
0.0114416
0.00926362
0.00492419
0.00923098
0.0114
0.0113392
0.00919243
0.00486615
0.00914524
0.0112806
0.011239
0.00911755
0.00481248
0.00909765
0.0112074
0.011133
0.00903882
0.00475654
0.00903494
0.0111285
0.0109936
0.00892362
0.00468205
0.00891741
0.0109944
0.000221214
0.000314869
0.000159608
0.000314885
0.000221205
0.00193362
0.00243431
0.000441117
0.00243437
0.00193357
0.00737678
0.0067694
0.00244599
0.00677047
0.00737767
0.0117451
0.00983363
0.00532905
0.00983625
0.0117486
0.014011
0.0115788
0.00705353
0.0115818
0.0140145
0.0150379
0.0123973
0.00786502
0.0123983
0.0150412
0.0153502
0.012624
0.00809461
0.0126168
0.0153448
0.0153542
0.0126193
0.0080973
0.0126043
0.0153376
0.0152306
0.0124919
0.00798744
0.0124718
0.0152008
0.0149803
0.0122695
0.00779733
0.0122719
0.0149795
0.0147715
0.0120906
0.00761247
0.0120843
0.0147706
0.0145941
0.0119225
0.00742702
0.0119101
0.0145725
0.0143886
0.0117341
0.00725885
0.0117816
0.0144316
0.0142122
0.0115814
0.00710036
0.01163
0.0142778
0.0140535
0.0114326
0.00693613
0.0114396
0.0140664
0.0138871
0.0112803
0.00678883
0.0112926
0.0139013
0.0137373
0.0111519
0.00666897
0.0111645
0.0137537
0.0136054
0.0110396
0.00655807
0.0110338
0.0135941
0.0134648
0.0109156
0.00643801
0.0109278
0.0134757
0.013301
0.0107782
0.00629891
0.0107872
0.0133233
0.0131829
0.0106743
0.00616742
0.0106568
0.0131669
0.0130679
0.0105656
0.0060561
0.0105566
0.0130529
0.0129101
0.0104286
0.00594685
0.010453
0.0129427
0.0127804
0.0103176
0.0058331
0.0103136
0.0127872
0.0126373
0.0101909
0.00572074
0.0101789
0.0126201
0.012507
0.0100838
0.00562116
0.0100638
0.0124801
0.0123985
0.00998858
0.00553259
0.00996367
0.0123536
0.012247
0.00986491
0.00544338
0.00988167
0.0122563
0.0121233
0.00977178
0.00536047
0.00978515
0.0121457
0.0120292
0.00969025
0.00528473
0.00968152
0.0120231
0.0119111
0.00959968
0.00521364
0.00957792
0.0118861
0.0118131
0.00952724
0.00514056
0.00951075
0.0117928
0.0117171
0.00944035
0.00506468
0.00941182
0.011678
0.0115886
0.00934063
0.0049952
0.00933436
0.0115704
0.0114782
0.00926261
0.00492939
0.00927625
0.0114894
0.0113915
0.00919682
0.00487142
0.00919644
0.011388
0.0112997
0.00913051
0.00482002
0.00912767
0.0112963
0.0112329
0.00908303
0.00476708
0.00905949
0.0112069
0.011116
0.00898106
0.0046958
0.00894561
0.0110749
0.000220197
0.000312456
0.000159571
0.000312461
0.000220193
0.00191657
0.00241236
0.000435745
0.0024124
0.00191659
0.00734174
0.00674502
0.00242579
0.00674601
0.00734305
0.0117292
0.00982088
0.00531457
0.0098213
0.0117304
0.0140088
0.0115761
0.007048
0.0115741
0.0140065
0.0150445
0.0124006
0.00786458
0.0123952
0.0150394
0.0153516
0.0126236
0.00809475
0.0126127
0.0153432
0.015356
0.0126204
0.00809719
0.0126036
0.0153383
0.0152264
0.0124856
0.00798573
0.0124723
0.0152049
0.0149866
0.012274
0.00779887
0.0122775
0.0149881
0.0147939
0.0121058
0.0076157
0.0120993
0.0147865
0.0146091
0.0119305
0.00743254
0.011945
0.0146173
0.014403
0.011745
0.00726338
0.0118077
0.0144731
0.0142286
0.0115911
0.00709843
0.0116403
0.0142986
0.0140708
0.0114407
0.00693069
0.0114489
0.0140929
0.0139052
0.0112849
0.00677779
0.0112745
0.013889
0.013747
0.0111504
0.00665581
0.0111596
0.013752
0.0136241
0.0110508
0.00655119
0.0110513
0.0136344
0.0134972
0.0109347
0.00643301
0.0109175
0.0134876
0.013351
0.0108032
0.00629965
0.0107794
0.0133252
0.0132231
0.0106822
0.00617456
0.0106635
0.0131899
0.0130765
0.0105519
0.0060609
0.0105561
0.0130755
0.0129324
0.0104292
0.00594677
0.0104312
0.0129383
0.0127958
0.0103056
0.00583061
0.0103076
0.0127952
0.0126377
0.0101686
0.0057214
0.0101964
0.0126622
0.0125099
0.0100655
0.00562393
0.010096
0.0125485
0.0124056
0.00997917
0.00553624
0.00998247
0.0124163
0.0123022
0.00989502
0.00545004
0.0098882
0.0123003
0.0122076
0.00980709
0.0053687
0.00980089
0.0121978
0.0120853
0.00970621
0.00529453
0.00971493
0.0121018
0.0119786
0.00962986
0.00522939
0.00962181
0.0119845
0.0118889
0.0095532
0.00515962
0.00954768
0.0118892
0.0117862
0.00946433
0.00508139
0.00945067
0.0117655
0.0116739
0.00937615
0.00500976
0.00937757
0.0116707
0.0115759
0.00930151
0.00494609
0.0093111
0.0115925
0.011501
0.00923904
0.00488831
0.00923849
0.0115012
0.0114224
0.00917241
0.00483869
0.00916615
0.0114001
0.0113217
0.00909963
0.00478613
0.00909293
0.0113056
0.0112104
0.00900758
0.00472142
0.00898875
0.0111801
0.000219293
0.000310021
0.000159515
0.000310025
0.000219305
0.0019009
0.00238988
0.000430399
0.00238987
0.00190105
0.00730936
0.00672146
0.00240591
0.00672067
0.00730899
0.0117135
0.00980715
0.00529807
0.00980464
0.0117106
0.0140031
0.0115696
0.00704065
0.0115672
0.0139995
0.0150455
0.012399
0.00786182
0.0123936
0.0150379
0.0153483
0.0126158
0.00808942
0.0126065
0.0153424
0.0153446
0.0126098
0.00809139
0.0125946
0.0153275
0.0152152
0.0124793
0.00798041
0.0124824
0.0152068
0.0150178
0.0123025
0.00780706
0.0123275
0.0150468
0.0148301
0.012133
0.00762511
0.0121256
0.0148324
0.0146443
0.0119575
0.00743987
0.0119409
0.0146313
0.0144505
0.0117766
0.00726993
0.0117662
0.0144361
0.0142646
0.0116116
0.00710704
0.0116086
0.0142608
0.0140978
0.011456
0.00694025
0.0114382
0.0140814
0.0139171
0.0112923
0.00678438
0.0112626
0.0138818
0.0137713
0.0111675
0.00665875
0.0111525
0.0137471
0.0136311
0.0110386
0.00654711
0.0110648
0.0136502
0.0134859
0.0109116
0.00642982
0.0109645
0.0135513
0.0133638
0.010799
0.00630315
0.0108192
0.0133998
0.0132269
0.0106688
0.00618296
0.0106737
0.0132248
0.0130757
0.010539
0.00606554
0.0105685
0.0131034
0.0129357
0.0104197
0.00594451
0.0104355
0.0129705
0.0128312
0.0103229
0.00583168
0.0102927
0.0128055
0.0127288
0.0102259
0.00572939
0.0101866
0.012677
0.0125816
0.0100988
0.00563194
0.0100912
0.012573
0.0124769
0.0100128
0.00554265
0.00998964
0.0124589
0.0124016
0.00993602
0.005457
0.00990319
0.0123504
0.0122803
0.00982737
0.00537684
0.0098446
0.012285
0.0121716
0.00974733
0.00530632
0.00977341
0.0122165
0.0121022
0.00968486
0.00524371
0.00968012
0.0121114
0.0120167
0.00960632
0.00517668
0.00959182
0.0120026
0.0119203
0.00952113
0.00510378
0.00950106
0.0118903
0.0118265
0.00943976
0.00503885
0.00942918
0.011804
0.0117355
0.00936721
0.00498025
0.00934797
0.0117054
0.011619
0.00927689
0.00491987
0.00928683
0.0116219
0.0115397
0.00922189
0.00486786
0.00921965
0.0115368
0.0114551
0.00915902
0.00481437
0.0091371
0.0114337
0.0113476
0.0090664
0.00475266
0.00903798
0.0113113
0.000218504
0.000307649
0.000159437
0.000307653
0.00021852
0.00188674
0.00236864
0.00042515
0.00236847
0.00188678
0.00727992
0.00669744
0.0023857
0.00669523
0.00727748
0.0116956
0.00979114
0.00528129
0.00978984
0.0116939
0.0139934
0.0115602
0.00703133
0.0115617
0.0139948
0.0150402
0.0123947
0.00785856
0.0123932
0.015041
0.0153467
0.0126167
0.00808893
0.0126173
0.0153495
0.0153611
0.0126207
0.00809112
0.0126097
0.015349
0.0152347
0.0124861
0.00797674
0.0124859
0.0152259
0.0149982
0.0122768
0.00779568
0.0122881
0.0150117
0.0148076
0.0121126
0.00761886
0.0120957
0.0147975
0.0146541
0.0119673
0.00744432
0.0119277
0.0146117
0.0144822
0.0118051
0.00728109
0.0117761
0.0144463
0.0143037
0.0116407
0.00711854
0.0116136
0.0142683
0.014119
0.0114754
0.00695188
0.0114584
0.0140951
0.0139617
0.0113312
0.00679383
0.011317
0.0139443
0.0138141
0.0111876
0.00665809
0.0111836
0.0138103
0.0136484
0.0110376
0.0065395
0.0110452
0.0136593
0.01351
0.0109219
0.00642162
0.0109182
0.0135074
0.0134007
0.0108216
0.0063031
0.0108147
0.0133957
0.0132724
0.0107021
0.00618757
0.0106846
0.0132598
0.0131407
0.0105748
0.00606779
0.0105625
0.0131247
0.0129914
0.0104359
0.00594351
0.010441
0.0129976
0.0128567
0.0103113
0.00583352
0.0103061
0.0128479
0.0127329
0.0102083
0.00574187
0.0102024
0.0127177
0.0126275
0.0101126
0.00565095
0.0101404
0.0126518
0.0125349
0.0100198
0.00555874
0.0100302
0.0125586
0.0124287
0.00992011
0.00547186
0.00991496
0.0124158
0.0123319
0.00983045
0.00539024
0.00987088
0.0123575
0.0122281
0.0097347
0.00531475
0.0097914
0.0122937
0.0121405
0.00966782
0.00525357
0.00970279
0.0121946
0.0120933
0.00962885
0.00519738
0.0096382
0.0121256
0.0120532
0.0095786
0.00513815
0.00954874
0.0120199
0.0119849
0.00950263
0.00507356
0.00949151
0.0119545
0.0118604
0.00939923
0.00501183
0.00942336
0.0118692
0.0117702
0.00934655
0.00496406
0.00936087
0.0118005
0.0117438
0.00932848
0.0049226
0.00929374
0.011711
0.0116996
0.00928394
0.00487824
0.00923906
0.0116432
0.0115968
0.00919005
0.00482069
0.00915354
0.0115564
0.000217895
0.000305182
0.000159352
0.000305171
0.000217846
0.00187504
0.00234716
0.000419976
0.00234674
0.00187409
0.00725391
0.00667337
0.0023665
0.00667268
0.00725192
0.0116766
0.00977391
0.00526613
0.00977691
0.0116809
0.0139842
0.0115519
0.00702307
0.0115564
0.0139912
0.0150349
0.0123903
0.00785632
0.0123948
0.0150417
0.0153507
0.0126176
0.00808873
0.0126229
0.0153552
0.0153557
0.0126143
0.00809175
0.0126272
0.0153663
0.015218
0.0124751
0.0079751
0.0125032
0.0152453
0.0149939
0.0122717
0.00778629
0.012306
0.0150311
0.0147913
0.0120939
0.00760642
0.0121261
0.014837
0.0146394
0.0119552
0.00743324
0.0119504
0.0146492
0.0144825
0.0117991
0.00726057
0.0117699
0.0144453
0.0142988
0.0116251
0.0070941
0.011618
0.0142822
0.014113
0.0114563
0.00693307
0.0114506
0.0141083
0.0139444
0.0113055
0.0067796
0.0112816
0.0139215
0.0137982
0.0111754
0.00664393
0.0111519
0.0137713
0.0136805
0.0110638
0.00652549
0.0110457
0.0136532
0.0135551
0.0109386
0.00641262
0.0109484
0.0135584
0.0134251
0.0108233
0.00630426
0.0108261
0.0134388
0.0133163
0.0107221
0.00620427
0.0107054
0.0132984
0.0131833
0.0106001
0.0060934
0.0105962
0.0131799
0.0130485
0.0104731
0.005969
0.0104715
0.0130485
0.0129268
0.0103543
0.00585225
0.0103376
0.0129114
0.0128103
0.0102483
0.00575148
0.010216
0.0127736
0.0127247
0.0101587
0.00566228
0.0101377
0.0126768
0.0126278
0.0100649
0.00558169
0.0100856
0.012633
0.0125107
0.00994642
0.00549113
0.0100058
0.0125767
0.0123983
0.00984379
0.00540414
0.00990067
0.0124792
0.0123047
0.00975632
0.00532995
0.00982233
0.0123935
0.0122774
0.00972369
0.00527051
0.00973728
0.0123137
0.012257
0.00970523
0.00522355
0.0096648
0.0122256
0.0122309
0.00965032
0.00517696
0.00963436
0.0121964
0.0121643
0.00956961
0.0051161
0.00959278
0.0121711
0.012054
0.00947889
0.00506049
0.0095389
0.0121116
0.0120231
0.00946511
0.00502517
0.00951501
0.012073
0.0120187
0.00946377
0.00499806
0.00948757
0.0120417
0.0119877
0.00941825
0.0049684
0.00945669
0.01202
0.0119064
0.00933137
0.00491781
0.00936887
0.0119341
0.000217441
0.00030333
0.00015925
0.000303326
0.000217408
0.00186614
0.00232753
0.000415441
0.00232714
0.00186543
0.00723278
0.00665005
0.00234756
0.00664943
0.00723099
0.0116623
0.00975846
0.0052504
0.00976119
0.0116657
0.013972
0.0115403
0.00701562
0.0115485
0.0139824
0.015024
0.0123816
0.00785164
0.0123901
0.015038
0.0153296
0.0126028
0.00808443
0.0126162
0.0153489
0.015345
0.0126093
0.00808639
0.012606
0.0153443
0.015208
0.0124663
0.00796747
0.0124775
0.0152181
0.0149825
0.012262
0.00777299
0.0122783
0.0150012
0.0147786
0.0120776
0.00758749
0.0121034
0.0148095
0.0145999
0.0119097
0.00740821
0.0119302
0.0146278
0.0144249
0.0117445
0.00723549
0.0117427
0.0144243
0.014252
0.0115831
0.0070732
0.0115797
0.014245
0.0140741
0.011424
0.00691698
0.0114217
0.0140729
0.0139318
0.0112964
0.00676876
0.0112758
0.0139154
0.0138266
0.0111891
0.00663843
0.0111423
0.0137677
0.0136919
0.011058
0.00652315
0.0110425
0.0136558
0.0135616
0.0109357
0.00641482
0.0109581
0.0135835
0.0134354
0.0108244
0.0063069
0.0108239
0.0134423
0.0133311
0.0107257
0.00620297
0.010722
0.0133202
0.0132277
0.0106234
0.00610127
0.010649
0.0132575
0.0131028
0.0105024
0.00598834
0.0105122
0.0131419
0.0129992
0.0103967
0.00587701
0.0103698
0.0129706
0.0128968
0.0102949
0.00577585
0.0102719
0.0128629
0.0128168
0.0102119
0.00568913
0.0101946
0.0127941
0.0127477
0.0101358
0.00561463
0.0101154
0.0127383
0.0126521
0.0100204
0.00552865
0.0100149
0.0126326
0.0125523
0.00991874
0.00544359
0.00996442
0.0125883
0.0124821
0.00982842
0.00536497
0.00989981
0.0125574
0.0124014
0.00975136
0.00529554
0.00977719
0.0124518
0.0123829
0.00972002
0.00524647
0.00973314
0.0123925
0.0123578
0.00968262
0.00520585
0.00968964
0.0123786
0.0123339
0.00964073
0.00515472
0.00962793
0.0123315
0.0123218
0.00960948
0.00511444
0.0096148
0.0123004
0.0122888
0.00956732
0.00509317
0.00964839
0.0123581
0.0122972
0.00956673
0.00507172
0.0096747
0.012436
0.0123096
0.00954803
0.0050538
0.00965316
0.0124431
0.0122488
0.00946668
0.00501878
0.00958675
0.012388
0.000217401
0.000299507
0.000159123
0.000299516
0.000217399
0.00186166
0.00230046
0.000409143
0.0023006
0.00186159
0.0072152
0.00661958
0.00232342
0.00661897
0.00721429
0.0116343
0.00972973
0.00522506
0.00972987
0.0116341
0.0139333
0.0115083
0.00699261
0.0115131
0.0139391
0.0149773
0.012345
0.00782489
0.0123513
0.014987
0.0152738
0.0125581
0.00805247
0.0125683
0.0152873
0.0152781
0.0125587
0.00805455
0.0125686
0.0152927
0.0151416
0.0124187
0.00793276
0.0124242
0.0151499
0.0149295
0.0122265
0.00773796
0.0122435
0.0149519
0.0147449
0.0120594
0.00755553
0.0120744
0.0147752
0.0145849
0.0119067
0.00738343
0.0118845
0.0145726
0.0144279
0.0117555
0.00721997
0.0117181
0.0143813
0.0142675
0.0116028
0.00706565
0.0115893
0.0142465
0.0140902
0.0114392
0.00690779
0.0114261
0.0140775
0.0139475
0.0113062
0.0067581
0.0112635
0.0138969
0.0138333
0.0111927
0.00662873
0.0111503
0.0137734
0.0137142
0.0110777
0.00651448
0.0110385
0.0136667
0.0135873
0.010957
0.00640698
0.0109198
0.0135445
0.0134661
0.0108434
0.00629746
0.0108165
0.0134319
0.0133519
0.0107288
0.00619184
0.0107321
0.0133464
0.013241
0.010613
0.00609061
0.0106318
0.0132674
0.0131244
0.0104913
0.00598761
0.0105116
0.0131367
0.012993
0.0103727
0.00589044
0.0104193
0.0130424
0.0129218
0.0103009
0.00579936
0.01032
0.0129637
0.0128673
0.0102253
0.00571631
0.010221
0.0128639
0.0127921
0.0101391
0.00564584
0.0101571
0.0128038
0.0127318
0.0100693
0.00557735
0.0101336
0.012795
0.0126927
0.00999355
0.00550354
0.0101056
0.0127997
0.0126271
0.0099087
0.00542208
0.0100234
0.0127789
0.0125723
0.00983681
0.00534709
0.00994008
0.0127146
0.0125914
0.00981509
0.00529884
0.00990083
0.0127039
0.0126335
0.00981836
0.0052719
0.00986183
0.0126943
0.0127174
0.00985495
0.00524846
0.0098413
0.0127108
0.0128067
0.00987317
0.00524237
0.00985585
0.0127768
0.0128327
0.00985847
0.00523273
0.00990374
0.0129111
0.0128869
0.0098363
0.0052193
0.00991431
0.0129996
0.0129351
0.00981238
0.00520219
0.0098959
0.013038
0.0129134
0.00974782
0.00517389
0.00983539
0.0130175
0.00021724
0.000300825
0.000159066
0.000300828
0.000217239
0.0018565
0.0022903
0.000407754
0.00229033
0.00185647
0.00717128
0.00656684
0.00229923
0.00656646
0.00717081
0.0115105
0.00962733
0.00515054
0.0096259
0.0115088
0.0137565
0.0113697
0.00687977
0.0113686
0.0137554
0.0147717
0.0121832
0.00768946
0.0121866
0.0147737
0.0150566
0.0123922
0.00791032
0.0123878
0.0150521
0.0150446
0.0123767
0.00791036
0.0123898
0.0150595
0.0149189
0.0122539
0.00779388
0.0122635
0.0149359
0.0147227
0.0120692
0.00759736
0.0120655
0.0147258
0.0145315
0.0118911
0.00741646
0.0118828
0.0145256
0.0143635
0.0117286
0.00725197
0.0117244
0.0143502
0.0141875
0.011558
0.00709454
0.0115858
0.0142051
0.0140107
0.0113986
0.00694735
0.0114458
0.0140602
0.0138742
0.0112733
0.00680246
0.0112998
0.0139119
0.0137622
0.0111577
0.00666403
0.011147
0.0137542
0.0136263
0.011034
0.00653981
0.011014
0.0136093
0.0135231
0.0109384
0.00643134
0.0109085
0.0134969
0.0134439
0.0108493
0.00632761
0.0108103
0.0133922
0.0133419
0.0107425
0.00622656
0.0107325
0.0133191
0.0132384
0.0106396
0.00612882
0.010651
0.0132438
0.0131478
0.0105391
0.00603703
0.0105732
0.0131821
0.0130462
0.0104355
0.00594568
0.010475
0.0130971
0.01297
0.0103476
0.0058588
0.0103837
0.0130062
0.0128704
0.0102473
0.00577569
0.0103143
0.012956
0.0128204
0.0101831
0.00570039
0.010233
0.0128923
0.0127942
0.0101348
0.00563387
0.0101834
0.0128621
0.012749
0.0100556
0.00556744
0.0101438
0.0128712
0.0127464
0.0100223
0.00550641
0.0100705
0.0128389
0.0127597
0.00999775
0.00544038
0.00997761
0.0127979
0.0128249
0.00997629
0.00538555
0.00992769
0.012776
0.0128976
0.00994778
0.00535747
0.00993997
0.0128473
0.0129126
0.00990676
0.00535768
0.00997248
0.0129428
0.0129805
0.0099489
0.00537893
0.0100712
0.01312
0.013228
0.0101042
0.005423
0.0101674
0.0133467
0.0134991
0.0102129
0.00546019
0.0102413
0.0135675
0.0137243
0.010273
0.00548053
0.0103021
0.0137671
0.0139117
0.0103059
0.00549034
0.0103311
0.0139396
0.0139865
0.0102884
0.00548558
0.0103102
0.0139939
0.000218306
0.000285723
0.000158351
0.000285732
0.000218314
0.00183474
0.00218207
0.000384053
0.00218215
0.00183476
0.00693569
0.00632287
0.00216127
0.00632176
0.00693431
0.0109829
0.00920474
0.00482505
0.00920351
0.010981
0.0130582
0.0108185
0.00641787
0.0108176
0.0130578
0.0139835
0.0115634
0.00715616
0.0115615
0.0139817
0.0142322
0.0117452
0.00735381
0.0117374
0.0142312
0.0142311
0.0117397
0.00735468
0.0117352
0.0142263
0.0140951
0.0116018
0.00724579
0.0116022
0.0140879
0.0138876
0.0114145
0.0070693
0.011443
0.0139165
0.0137231
0.0112619
0.00690884
0.0112916
0.0137613
0.0135758
0.0111209
0.00676607
0.011145
0.0136034
0.0134434
0.0109924
0.00663174
0.0110307
0.013481
0.0133194
0.0108757
0.00651235
0.010922
0.013372
0.0132266
0.0107852
0.00639334
0.0108045
0.0132559
0.0131458
0.0106932
0.00627557
0.0106907
0.0131489
0.013025
0.0105716
0.00616398
0.0105629
0.0130229
0.0129275
0.0104732
0.00606418
0.0104561
0.0129049
0.0128368
0.0103776
0.00597406
0.0103789
0.0128238
0.0127331
0.0102793
0.00588401
0.0103031
0.0127619
0.0126627
0.0102059
0.00580033
0.0102187
0.0126967
0.0126065
0.0101302
0.00572532
0.0101292
0.0126165
0.0125507
0.0100531
0.00564978
0.0100468
0.0125407
0.0124827
0.00997384
0.00557832
0.00998093
0.0124876
0.012424
0.00990606
0.00551448
0.00992728
0.0124573
0.0124136
0.00986533
0.0054584
0.00990421
0.0124602
0.0124175
0.00981921
0.00540505
0.00985389
0.0124635
0.0123828
0.00974605
0.00534871
0.00978574
0.01243
0.0123866
0.00974026
0.00530316
0.00976058
0.0124551
0.0124914
0.00977766
0.00527131
0.0097372
0.0124977
0.0126075
0.00979941
0.00525374
0.00972869
0.0125689
0.0127384
0.00982151
0.00525653
0.009729
0.0126383
0.0128937
0.00986873
0.00527968
0.00977779
0.0127424
0.0131451
0.00997679
0.00533617
0.00995694
0.0130475
0.0135155
0.0101566
0.00544169
0.010159
0.0134928
0.0139874
0.0103603
0.00557315
0.0103605
0.0139844
0.0145852
0.0106048
0.00575296
0.0106009
0.0145809
0.0153263
0.0109716
0.0059964
0.0109592
0.0153157
0.0157451
0.0110532
0.00607047
0.0110438
0.0157456
0.000205675
0.000286889
0.000157943
0.000286872
0.000205673
0.00153914
0.00204716
0.000346472
0.00204697
0.001539
0.00577129
0.00546732
0.00172996
0.00546722
0.00577137
0.00913569
0.00777225
0.00373193
0.0077721
0.00913626
0.0108238
0.00905001
0.00493378
0.00904897
0.0108234
0.0115482
0.00962646
0.00548922
0.00962598
0.0115468
0.0117221
0.00975072
0.00563605
0.00976394
0.0117394
0.0117195
0.00975042
0.00563673
0.00975195
0.0117269
0.0116083
0.00963776
0.00555591
0.00964625
0.0116191
0.0114567
0.00950341
0.00542897
0.00950443
0.0114656
0.0113434
0.00939841
0.00531926
0.00939276
0.0113452
0.0112468
0.00929945
0.00521919
0.00929208
0.0112382
0.0111462
0.00920269
0.00512739
0.00921038
0.0111527
0.011081
0.00913828
0.00505025
0.00913549
0.0110809
0.0110293
0.00907679
0.00497204
0.00905508
0.0110074
0.0109713
0.00899633
0.0048912
0.00896457
0.0109267
0.010874
0.00890471
0.00481239
0.00887145
0.010829
0.0107908
0.00882763
0.00473928
0.00882025
0.0107778
0.0107528
0.00877504
0.00468025
0.00877791
0.0107547
0.01071
0.00871421
0.00462322
0.00871642
0.0107211
0.0106643
0.00864762
0.00456152
0.00864419
0.0106597
0.010617
0.00858259
0.00451111
0.00860093
0.0106292
0.010597
0.00854301
0.00446989
0.00857722
0.0106287
0.0106046
0.00852302
0.00443271
0.00854952
0.0106376
0.0106141
0.00850369
0.00440371
0.0085333
0.0106512
0.0106389
0.00849497
0.00438852
0.00853943
0.0106913
0.0106932
0.00848762
0.00437705
0.00854265
0.0107547
0.0107033
0.008448
0.00436099
0.0085264
0.0108114
0.0107314
0.00845064
0.0043522
0.00848902
0.0108485
0.0108491
0.00849665
0.00436514
0.00847611
0.0108581
0.0110152
0.00856052
0.0043982
0.00852667
0.0109663
0.0112426
0.00869143
0.00446705
0.00863698
0.0111947
0.0115795
0.00887496
0.00456931
0.00880476
0.0114959
0.0120018
0.00908495
0.00471621
0.00905041
0.0119211
0.0125024
0.00934683
0.00490953
0.00934154
0.0124661
0.0130899
0.00968137
0.00515433
0.00967498
0.0130753
0.0137831
0.010065
0.00546009
0.0100534
0.0137642
0.0151388
0.010738
0.00600265
0.010717
0.0151105
0.0180341
0.0121559
0.00725499
0.0121228
0.0179995
0.00039241
0.000367109
0.000360612
0.000367108
0.000392409
0.000612909
0.000574202
0.000375009
0.000574154
0.000612774
0.00132665
0.00120452
0.000515379
0.0012042
0.00132661
0.00213809
0.00179022
0.000844888
0.00179111
0.00214101
0.00251471
0.0020962
0.00109707
0.0020965
0.00251606
0.00267025
0.00223264
0.00121257
0.0022327
0.00266917
0.00270915
0.00226969
0.00124769
0.00227235
0.00271159
0.00271038
0.00227064
0.00124954
0.00227351
0.00271145
0.00269252
0.00225559
0.00123892
0.00225695
0.00269257
0.00266118
0.00222991
0.00121604
0.00223007
0.00266191
0.00263599
0.00220798
0.00119719
0.00221295
0.00263898
0.00261542
0.00218813
0.00118001
0.00219658
0.00262095
0.00259328
0.00217123
0.00116415
0.0021822
0.00260372
0.00258158
0.00216394
0.00115151
0.00216884
0.0025869
0.00257257
0.00215742
0.00113859
0.00215505
0.00257091
0.00256195
0.0021478
0.00112721
0.00214148
0.00255678
0.00254827
0.00213638
0.00111818
0.00212921
0.00254246
0.00253179
0.00212368
0.00111057
0.00212127
0.0025281
0.00251931
0.00211528
0.0011072
0.00211994
0.00252087
0.0025103
0.00211162
0.0011066
0.00211826
0.00251708
0.00250536
0.00210618
0.00110591
0.00211345
0.00250927
0.00249759
0.0021015
0.00110695
0.00211477
0.00250853
0.00249493
0.00210402
0.00111141
0.0021199
0.00251086
0.00250475
0.00211571
0.00112262
0.0021266
0.00251909
0.00253668
0.00213041
0.00113243
0.00213665
0.00254794
0.00257365
0.00215536
0.00115592
0.00215864
0.0025756
0.00261483
0.00217414
0.00117145
0.00217883
0.00261674
0.00267283
0.00220972
0.0012093
0.00221859
0.00267426
0.00271314
0.00222636
0.00122805
0.00223642
0.00272071
0.00277294
0.00227139
0.00127872
0.00228363
0.00279312
0.00284105
0.00231587
0.00131446
0.00232698
0.00286134
0.00297328
0.00241432
0.00139703
0.00241617
0.00297782
0.00309609
0.00250085
0.00145781
0.00249792
0.00308821
0.00327701
0.00264808
0.00158446
0.00264899
0.00327132
0.00351182
0.00281112
0.00169752
0.00281708
0.00351568
0.00377264
0.00300756
0.00186634
0.00301274
0.00377911
0.00414497
0.00330156
0.00209537
0.0033024
0.00414826
0.00472539
0.00363366
0.00234322
0.00363235
0.00472557
0.00725163
0.00465314
0.00294559
0.00464991
0.00724834
0.00189686
0.00149499
0.000692769
0.00149118
0.00189291
0.0076139
0.00647243
0.00275694
0.00645132
0.00759085
0.00958056
0.00796951
0.00396449
0.00795718
0.00956536
0.010255
0.00846634
0.00436664
0.00847355
0.010261
0.0104568
0.00860193
0.00447236
0.00860674
0.0104627
0.0105455
0.00865187
0.00448685
0.00863739
0.0105311
0.0106064
0.00867389
0.00448455
0.0086531
0.0105825
0.0106566
0.00868204
0.00448721
0.00865812
0.010627
0.0107404
0.00870992
0.00450055
0.00869084
0.0107077
0.0108363
0.00874479
0.00452216
0.008738
0.0108305
0.0109982
0.00882465
0.00455345
0.00877415
0.0109449
0.0111959
0.00890552
0.00460624
0.0088834
0.0111494
0.0114709
0.00904263
0.00467931
0.00901135
0.0114286
0.0118291
0.00920953
0.00478142
0.00919568
0.0118224
0.0123833
0.00947743
0.00498758
0.00947138
0.0124
0.0133583
0.00987614
0.00524027
0.00986904
0.0133584
0.015612
0.0109424
0.00602512
0.0109315
0.0156017
0.0229624
0.0147853
0.0089514
0.0147691
0.0229479
0.0424667
0.0279662
0.0217083
0.0279636
0.042474
0.00190328
0.00149939
0.000698224
0.00149667
0.00190096
0.00762546
0.00647433
0.00277319
0.00646244
0.00761255
0.00958486
0.00796042
0.00396376
0.00795342
0.00957507
0.0102502
0.0084518
0.00435933
0.00844525
0.0102442
0.0104507
0.00858468
0.00446089
0.0085727
0.0104385
0.0105337
0.00862848
0.00447549
0.0086124
0.0105149
0.0105871
0.00864603
0.00447
0.00861813
0.0105573
0.0106435
0.00865802
0.00447181
0.00862877
0.0106076
0.01074
0.00869544
0.00448611
0.00865129
0.0106809
0.0108356
0.00873174
0.00451267
0.00870776
0.0108163
0.01099
0.0088028
0.00454659
0.00874269
0.0109379
0.0112177
0.00890057
0.00460694
0.00886212
0.0111488
0.0114977
0.00903198
0.00469266
0.0090216
0.0114682
0.0118555
0.00919369
0.00480174
0.00921216
0.0118953
0.0124868
0.00949614
0.00501628
0.00950346
0.0125159
0.0136093
0.00994946
0.00530258
0.00994942
0.0136247
0.0163115
0.0112271
0.00620755
0.011216
0.0163061
0.0262391
0.0166274
0.0100588
0.016609
0.0262201
0.0631657
0.0431818
0.0326619
0.0432039
0.0631756
0.00192192
0.00151418
0.000708655
0.00151113
0.00191907
0.00769505
0.00652708
0.00281964
0.00652018
0.0076878
0.00965623
0.00801093
0.00400643
0.00800033
0.00964278
0.0103012
0.00848277
0.00439738
0.00848646
0.0103068
0.0104957
0.00861345
0.00449773
0.00861164
0.0105012
0.0105799
0.00865867
0.00451444
0.00864458
0.0105676
0.0106251
0.00866952
0.00450606
0.00865216
0.0106137
0.0106868
0.0086843
0.00450543
0.00865647
0.0106582
0.0107928
0.00872935
0.00452212
0.00868563
0.0107382
0.0108744
0.00875715
0.00455346
0.00876166
0.0108893
0.011025
0.00882474
0.00458977
0.00881912
0.01105
0.0112907
0.00894841
0.00465736
0.00891427
0.011243
0.0115899
0.00908703
0.00475546
0.00909775
0.0115814
0.0119272
0.00921837
0.00486609
0.00929998
0.0120324
0.012606
0.00953674
0.00506311
0.00958126
0.0126893
0.013801
0.0100431
0.00538114
0.0100603
0.0138274
0.0164872
0.0112717
0.00625388
0.0112603
0.0164765
0.0257075
0.0160135
0.00961411
0.015983
0.0256763
0.0609147
0.0399401
0.0276817
0.0399527
0.060911
0.00195044
0.00153677
0.000722666
0.00153332
0.00194549
0.0078136
0.00662071
0.00288626
0.006613
0.00780408
0.0097799
0.00810469
0.00408012
0.00809694
0.00977282
0.0104153
0.00856279
0.00446903
0.00858222
0.0104351
0.0106013
0.00868788
0.00456956
0.00870804
0.0106324
0.0107002
0.00874557
0.00458865
0.00873526
0.010695
0.0107341
0.00874657
0.00457964
0.00875258
0.0107542
0.0108073
0.00877256
0.00457951
0.0087452
0.0107833
0.0109221
0.00882059
0.00459585
0.00877533
0.0108635
0.0110019
0.00884136
0.00462528
0.0088423
0.0109947
0.0111409
0.00890499
0.00465985
0.00890425
0.0111578
0.0114161
0.00904173
0.00472986
0.00900361
0.0113745
0.0117366
0.0091862
0.00483436
0.00921208
0.011741
0.0120766
0.00930893
0.00494705
0.00943116
0.0122089
0.0127646
0.00961355
0.0051175
0.00969645
0.0128897
0.0139305
0.0101657
0.0054512
0.0101861
0.0139532
0.0162004
0.0111711
0.00623838
0.0111549
0.0161844
0.0217235
0.0139422
0.00922715
0.0138892
0.0216852
0.035528
0.0180868
0.00941205
0.0181014
0.0355251
0.00664663
0.00416252
0.00303316
0.00416164
0.00664508
0.0363891
0.0250558
0.0200505
0.0250555
0.0363898
0.0388105
0.026946
0.023027
0.0269547
0.0388084
0.00720147
0.0049987
0.00403008
0.00499828
0.00720174
0.00615195
0.00407956
0.00309111
0.00407813
0.00615113
0.0323991
0.0221801
0.0187658
0.0221788
0.0324036
0.033804
0.0239919
0.020993
0.0239976
0.0338035
0.00659
0.00468179
0.00384696
0.00468199
0.00659031
0.00592196
0.00399793
0.00307269
0.00399648
0.00592129
0.0307827
0.0207752
0.0178308
0.0207714
0.0307829
0.0317857
0.0218051
0.0191252
0.0218087
0.0317834
0.00631324
0.00454105
0.00374862
0.00454134
0.00631329
0.00558334
0.0038026
0.00301578
0.00380096
0.00558288
0.0286813
0.0185438
0.0162332
0.0185411
0.0286814
0.0290323
0.018896
0.0168115
0.0188959
0.0290304
0.00589682
0.00422717
0.00352833
0.00422694
0.00589657
0.000846334
0.000602659
0.00035635
0.000602716
0.000846457
0.00279365
0.00250161
0.00138513
0.00250158
0.00279393
0.00328676
0.00285337
0.00166549
0.00285347
0.00328708
0.0034346
0.00298344
0.00176621
0.00298337
0.00343458
0.00348047
0.00303774
0.00180936
0.0030379
0.00348067
0.00350931
0.00306961
0.00183652
0.0030702
0.00350985
0.00354166
0.00309732
0.00186046
0.00309802
0.00354228
0.00358071
0.00312632
0.00188522
0.0031271
0.00358098
0.00362384
0.00315602
0.0019096
0.00315696
0.003624
0.00367181
0.00318818
0.00193683
0.00318941
0.00367231
0.00371278
0.0032112
0.00195274
0.00321198
0.00371243
0.00375354
0.00323183
0.00196805
0.00323172
0.00375377
0.00374946
0.00321716
0.0019522
0.00321689
0.0037501
0.00371617
0.00317481
0.00191412
0.00317432
0.00371702
0.00356704
0.00303677
0.00179588
0.0030365
0.00356776
0.00339945
0.00273055
0.00157382
0.00273045
0.00339967
0.00320223
0.00248786
0.00137337
0.00248792
0.00320246
0.00283508
0.00215261
0.00113065
0.00215277
0.00283538
0.00110835
0.000759587
0.000445329
0.000759668
0.00110851
0.00186337
0.00148592
0.000679254
0.00148549
0.00186293
0.00712039
0.00618655
0.0025586
0.006185
0.00711857
0.00901623
0.00761051
0.00366858
0.0076088
0.00901429
0.00966666
0.00809126
0.00404072
0.00809135
0.00966643
0.00987661
0.00823943
0.00415128
0.00824095
0.00987816
0.0099606
0.00828926
0.00418212
0.00828938
0.0099613
0.0100226
0.00831942
0.00419738
0.00831793
0.010022
0.0100875
0.00834636
0.00421143
0.00834785
0.01009
0.0101647
0.00837842
0.00422928
0.00838614
0.0101723
0.0102576
0.00841698
0.00424767
0.00842249
0.0102636
0.010368
0.00846318
0.00426793
0.00846457
0.01037
0.0104987
0.00852235
0.00429651
0.00851856
0.0104957
0.0106348
0.008576
0.00431644
0.00856615
0.0106241
0.0108027
0.00866299
0.00435686
0.008651
0.0107911
0.0108451
0.00865492
0.00433856
0.00864954
0.0108403
0.0106659
0.0085221
0.00422622
0.00851936
0.0106637
0.00994846
0.00790793
0.00377424
0.00790751
0.00994855
0.00818046
0.00636594
0.00258478
0.00636648
0.00818148
0.0024639
0.0020928
0.00102804
0.00209295
0.00246427
0.00192887
0.0015301
0.000704993
0.00152871
0.0019273
0.00767936
0.00657891
0.00279547
0.00657418
0.0076734
0.00970656
0.00813419
0.00403845
0.00812854
0.00969936
0.0104119
0.00865955
0.00445674
0.00865901
0.0104105
0.0106374
0.00881783
0.00457682
0.00881719
0.0106364
0.0107227
0.00886623
0.00460201
0.0088616
0.0107166
0.0107818
0.00889161
0.00461103
0.00888511
0.0107731
0.0108405
0.0089121
0.00461945
0.00891135
0.0108398
0.0109147
0.0089401
0.0046345
0.00894877
0.0109242
0.0110135
0.00897969
0.00464856
0.00898192
0.0110169
0.0111442
0.00903405
0.0046709
0.009027
0.0111367
0.0113035
0.00910092
0.00470497
0.00909604
0.0112934
0.0115095
0.00918621
0.0047491
0.00916995
0.0114804
0.0117767
0.00931898
0.00482128
0.00929914
0.0117497
0.0121131
0.00945769
0.0049137
0.00944479
0.0121004
0.012504
0.00969578
0.00508209
0.00969037
0.0124976
0.0132471
0.00985672
0.00526219
0.00985489
0.0132445
0.0131775
0.00955695
0.00471378
0.00955398
0.0131718
0.00428659
0.00330903
0.00191788
0.00330859
0.00428603
0.00190471
0.00150353
0.000694597
0.00150005
0.00190101
0.00765521
0.0065227
0.00277146
0.00650565
0.00763517
0.00965487
0.00805363
0.00400361
0.00804222
0.00964002
0.0103474
0.00856799
0.00441749
0.00857604
0.010356
0.0105648
0.00871782
0.00453141
0.00872048
0.0105691
0.0106523
0.00876572
0.00454871
0.00875316
0.0106386
0.010708
0.00878554
0.00455171
0.00877763
0.0106978
0.0107621
0.00879871
0.00455644
0.00879434
0.0107572
0.0108321
0.00882089
0.00456983
0.00882922
0.0108375
0.0109356
0.00886161
0.0045856
0.00886597
0.0109387
0.0110941
0.00893658
0.00460903
0.00890579
0.01106
0.0112591
0.00900087
0.00464904
0.00898998
0.0112349
0.0115117
0.00912474
0.00471133
0.00908363
0.0114649
0.0118412
0.00928449
0.0048039
0.00925334
0.011817
0.0123134
0.00949959
0.00497978
0.00948769
0.0123084
0.0130542
0.00983863
0.00519791
0.00983005
0.0130489
0.0147543
0.0105498
0.00571234
0.0105424
0.0147462
0.0206077
0.0128392
0.0074038
0.0128285
0.0205955
0.00861359
0.00573483
0.00391214
0.00573377
0.00861334
)
;

boundaryField
{
    empty
    {
        type            empty;
    }
    top
    {
        type            fixedValue;
        value           uniform 0;
    }
    fixedwall
    {
        type            nutkWallFunction;
        Cmu             0.09;
        kappa           0.41;
        E               9.8;
        value           nonuniform List<scalar> 
585
(
4.76005e-05
4.43371e-05
4.33132e-05
4.43371e-05
4.76011e-05
7.80801e-05
7.36068e-05
4.55065e-05
7.36065e-05
7.80689e-05
0.000162829
0.000144959
6.35234e-05
0.000144875
0.000162778
0.000236973
0.000199547
9.81727e-05
0.000199327
0.00023678
0.000268538
0.000225799
0.000119882
0.000225543
0.000268321
0.000280524
0.000236635
0.00012915
0.0002365
0.000280368
0.000282945
0.000238954
0.000131563
0.000238981
0.000282878
0.000282446
0.000238575
0.00013151
0.000238732
0.000282534
0.000280497
0.000236966
0.000130367
0.000237255
0.000280744
0.000278222
0.000234797
0.000128601
0.000235478
0.000278836
0.000275609
0.000232161
0.000126438
0.00023299
0.000276414
0.000272868
0.000229286
0.000123901
0.000229997
0.000273532
0.000270247
0.000226618
0.00012152
0.000226862
0.000270549
0.000268134
0.000224655
0.000119596
0.000224129
0.000267851
0.000266341
0.000222774
0.000117878
0.000221875
0.000265571
0.000263708
0.000219863
0.000115745
0.000219427
0.000263156
0.000260974
0.00021701
0.000113503
0.00021673
0.00026055
0.0002588
0.000214793
0.000111806
0.000214663
0.000258667
0.000256759
0.000212746
0.00011014
0.000212025
0.000256318
0.000254475
0.000210307
0.00010819
0.000209375
0.000253693
0.000252046
0.000207591
0.000106545
0.000207766
0.000252051
0.000249991
0.00020535
0.000104879
0.000205027
0.000249754
0.000247938
0.000203049
0.000103125
0.000202173
0.000247094
0.000244941
0.000199556
0.000101309
0.000200288
0.000245311
0.000242191
0.000196639
9.94782e-05
0.000197428
0.000242915
0.000239975
0.000194311
9.78612e-05
0.000194564
0.00024026
0.000237297
0.000191427
9.61673e-05
0.000192285
0.000238041
0.000234874
0.000188976
9.45417e-05
0.000189988
0.000235863
0.00023274
0.000186766
9.31742e-05
0.000187854
0.000233775
0.000230528
0.000184615
9.20089e-05
0.000185947
0.000231765
0.000228508
0.000182863
9.08584e-05
0.00018411
0.000229754
0.000226387
0.000181103
8.95143e-05
0.000182131
0.00022757
0.000224414
0.000179622
8.82485e-05
0.000180351
0.000225305
0.000222415
0.000178127
8.71289e-05
0.000178894
0.000223277
0.000220478
0.000176616
8.59957e-05
0.00017744
0.000221385
0.000218786
0.00017541
8.49768e-05
0.000175935
0.000219451
0.000217219
0.000174219
8.40222e-05
0.000174416
0.000217481
0.000215451
0.000172805
8.29351e-05
0.000172652
0.000215308
0.000213233
0.000170884
8.16894e-05
0.000170592
0.000212913
4.74081e-05
4.41998e-05
4.33571e-05
4.41998e-05
4.7408e-05
7.51486e-05
6.99621e-05
4.51742e-05
6.99568e-05
7.51329e-05
0.000155718
0.00013945
6.1353e-05
0.000139417
0.000155696
0.000234161
0.000197356
9.59155e-05
0.000197439
0.000234319
0.000268849
0.000226345
0.000120043
0.000226349
0.000268926
0.000282497
0.000238662
0.000130579
0.000238668
0.00028246
0.000285501
0.000241735
0.000133539
0.000241995
0.000285747
0.000285267
0.000241597
0.000133549
0.000241917
0.000285503
0.000283237
0.000239891
0.000132233
0.000240111
0.000283333
0.000280308
0.000237345
0.000129988
0.000237625
0.000280411
0.000277768
0.000235135
0.000128131
0.000235997
0.000278304
0.000275541
0.00023319
0.00012642
0.00023438
0.000276457
0.000273552
0.000231645
0.000124833
0.000232838
0.000274728
0.000272437
0.000230962
0.000123546
0.000231416
0.000273093
0.000271433
0.000230186
0.000122209
0.000230046
0.000271417
0.000270302
0.000229238
0.000121113
0.000228774
0.000269878
0.000268993
0.000228148
0.000120274
0.000227645
0.000268416
0.000267346
0.000226833
0.000119602
0.000226818
0.000267115
0.000266049
0.000225982
0.000119366
0.000226669
0.000266542
0.000265383
0.000225666
0.000119386
0.000226583
0.000266163
0.000264774
0.000225121
0.000119402
0.000226246
0.000265563
0.000264142
0.000224821
0.000119618
0.000226367
0.000265488
0.000264296
0.000225228
0.000120235
0.000226845
0.000265901
0.000265873
0.000226475
0.000121491
0.000227496
0.000267344
0.000269026
0.00022805
0.000122603
0.000228555
0.000270047
0.00027285
0.000230707
0.00012518
0.000230845
0.000273028
0.000276998
0.000232629
0.000126873
0.000232969
0.000277267
0.000282927
0.000236298
0.000130919
0.000237026
0.000283163
0.000287231
0.000238052
0.000133037
0.000239147
0.000288159
0.000293754
0.000243085
0.000138655
0.000244868
0.000296007
0.000300722
0.000247795
0.000142455
0.000249248
0.000302829
0.000314169
0.000257931
0.000151135
0.000258543
0.00031463
0.000325663
0.000266446
0.000157376
0.000266913
0.000325688
0.000344457
0.000281652
0.000170426
0.000282321
0.000344887
0.000366984
0.000297668
0.000181583
0.000298434
0.000367842
0.000393076
0.000317518
0.000198565
0.000317873
0.00039386
0.000429238
0.000346398
0.000221082
0.000346225
0.000429368
0.000482872
0.000377782
0.000245123
0.000377382
0.000482649
0.000711185
0.000467872
0.000297772
0.000467266
0.00071068
0.000204812
0.000163943
7.7016e-05
0.000163579
0.000204441
0.000205555
0.00016442
7.75817e-05
0.000164128
0.000205244
0.000207377
0.000165892
7.86325e-05
0.000165534
0.00020698
0.00021008
0.000168112
8.00332e-05
0.000167698
0.0002096
0.000664959
0.000422693
0.000301491
0.000422492
0.00066475
0.000718735
0.000505508
0.000397186
0.000505416
0.000718684
0.000621864
0.000416594
0.000307888
0.000416393
0.00062173
0.000663615
0.000477575
0.000383773
0.000477511
0.000663573
0.00060173
0.000409804
0.000308206
0.000409614
0.000601619
0.000639326
0.000465066
0.000376701
0.000465003
0.000639274
0.000571905
0.00039316
0.000304093
0.000393015
0.000571833
0.0006024
0.000437186
0.000359234
0.000437112
0.000602351
9.72091e-05
9.72091e-05
6.91881e-05
6.91881e-05
4.16972e-05
4.16972e-05
6.91951e-05
6.91951e-05
9.72223e-05
9.72223e-05
0.000295546
0.000266599
0.00015109
0.0002666
0.000295578
0.000341844
0.000299947
0.000178122
0.00029996
0.000341876
0.000355106
0.000311849
0.000187438
0.000311844
0.000355104
0.000359168
0.000316819
0.000191442
0.000316828
0.000359182
0.000361893
0.000319818
0.000194054
0.000319871
0.000361937
0.000365023
0.000322475
0.000196397
0.000322543
0.000365076
0.0003688
0.000325277
0.00019883
0.000325349
0.000368813
0.000372961
0.000328141
0.000201224
0.000328217
0.000372947
0.000377569
0.000331231
0.000203877
0.000331333
0.000377585
0.000381479
0.000333405
0.000205409
0.000333461
0.000381426
0.000385301
0.000335264
0.000206809
0.000335257
0.000385348
0.000384772
0.000333655
0.000205119
0.000333645
0.000384872
0.000381461
0.000329307
0.000201208
0.000329289
0.000381584
0.000366569
0.000315444
0.000189298
0.000315441
0.000366655
0.000348815
0.000284157
0.000166055
0.000284156
0.000348842
0.000328951
0.000259563
0.000145598
0.000259573
0.000328974
0.000293564
0.000226663
0.000122072
0.000226678
0.000293591
0.00012312
0.00012312
8.57084e-05
8.57084e-05
5.14459e-05
5.14459e-05
8.57157e-05
8.57157e-05
0.000123134
0.000123134
0.00020173
0.00016316
7.56581e-05
0.00016312
0.00020169
0.00026309
0.000225836
0.000113157
0.000225848
0.000263122
0.000208011
0.000167517
7.82271e-05
0.000167381
0.00020786
0.000436876
0.000343706
0.00020158
0.000343667
0.000436825
0.00020557
0.000164799
7.71858e-05
0.000164465
0.000205223
0.000834368
0.000563764
0.000373834
0.000563614
0.000834251
)
;
    }
    outlet
    {
        type            zeroGradient;
    }
}


// ************************************************************************* //
