/*--------------------------------*- C++ -*----------------------------------*\
  =========                 |
  \\      /  F ield         | OpenFOAM: The Open Source CFD Toolbox
   \\    /   O peration     | Website:  https://openfoam.org
    \\  /    A nd           | Version:  9
     \\/     M anipulation  |
\*---------------------------------------------------------------------------*/
FoamFile
{
    format      ascii;
    class       volScalarField;
    location    "5";
    object      nut;
}
// * * * * * * * * * * * * * * * * * * * * * * * * * * * * * * * * * * * * * //

dimensions      [0 2 -1 0 0 0 0];

internalField   nonuniform List<scalar> 
4545
(
0.0058529
0.00653167
0.00624833
0.00653168
0.00585292
0.00733616
0.00736051
0.00710264
0.00736051
0.00733617
0.0078448
0.00775706
0.00749885
0.00775706
0.0078448
0.00809299
0.00798543
0.00773485
0.00798543
0.008093
0.00824241
0.00813098
0.00788714
0.00813098
0.00824242
0.00834095
0.00822855
0.00798983
0.00822857
0.00834099
0.00840771
0.00829503
0.00806032
0.00829502
0.00840777
0.00845055
0.00833993
0.00810854
0.00833992
0.00845161
0.00847915
0.00836893
0.00814069
0.00836919
0.00848077
0.00849571
0.00838644
0.00816093
0.00838692
0.00849762
0.00850242
0.00839548
0.00817198
0.00839556
0.0085061
0.00850545
0.00839753
0.00817567
0.00839726
0.00850698
0.00850253
0.00839435
0.00817398
0.00839423
0.00850184
0.00849509
0.0083864
0.00816722
0.00838576
0.00849593
0.00848364
0.00837342
0.00815548
0.00837269
0.00848357
0.00846747
0.00835654
0.00814006
0.00835654
0.00846724
0.00844801
0.00833635
0.0081209
0.00833621
0.00845128
0.00842953
0.00831294
0.00809812
0.00831214
0.00843202
0.00840493
0.00828618
0.0080718
0.00828476
0.00840366
0.00837305
0.00825502
0.0080415
0.00825333
0.00837006
0.00834199
0.008219
0.00800708
0.00821873
0.00833718
0.0083029
0.00817868
0.00796834
0.00817958
0.00830425
0.00826186
0.00813477
0.00792502
0.00813531
0.00826279
0.00821705
0.00808622
0.00787695
0.00808695
0.00821444
0.00816525
0.00803159
0.00782374
0.00803325
0.0081646
0.00811169
0.00797167
0.00776509
0.00797339
0.0081115
0.00804975
0.00790601
0.00770061
0.00790761
0.00805284
0.00798039
0.00783467
0.00763059
0.00783544
0.00798324
0.00790405
0.00775708
0.0075561
0.00775722
0.00790522
0.00782278
0.00767217
0.00747543
0.00767253
0.00782574
0.00774066
0.00758105
0.00738838
0.00758119
0.00774391
0.0076528
0.00748308
0.00729476
0.00748307
0.00765286
0.00755253
0.00737775
0.0071941
0.00737772
0.00755229
0.0074469
0.00726488
0.00708604
0.00726479
0.00744668
0.00733502
0.00714388
0.00697024
0.0071438
0.00733489
0.00721353
0.00701473
0.00684615
0.0070147
0.00721351
0.00708419
0.006877
0.00671293
0.00687701
0.00708421
0.00694687
0.00672915
0.00656903
0.00672917
0.0069469
0.00679887
0.00656633
0.0064122
0.00656635
0.0067989
0.0531668
0.0557167
0.0549917
0.0557167
0.0531668
0.0591676
0.0609537
0.0604162
0.0609537
0.0591677
0.0621734
0.0641011
0.0636595
0.0641012
0.0621734
0.0641966
0.0662195
0.0658467
0.0662196
0.0641967
0.0656977
0.0677427
0.0674029
0.0677428
0.0656978
0.0668217
0.0688628
0.0685396
0.0688627
0.0668214
0.0676624
0.069692
0.0693778
0.0696912
0.0676612
0.0682816
0.0703024
0.0699948
0.070302
0.0682828
0.0687392
0.0707439
0.0704423
0.0707445
0.0687417
0.0690599
0.0710511
0.0707551
0.0710521
0.0690623
0.0692627
0.0712453
0.070959
0.0712443
0.0692674
0.0694049
0.0713698
0.0710786
0.0713658
0.069408
0.0694789
0.0714251
0.0711411
0.0714227
0.0694754
0.0694843
0.0714113
0.0711274
0.0714087
0.0694887
0.0694349
0.0713405
0.0710597
0.0713405
0.0694462
0.0693329
0.0712185
0.0709417
0.0712249
0.0693451
0.06919
0.0710534
0.0707777
0.0710596
0.0692118
0.0690158
0.0708473
0.0705696
0.0708476
0.0690349
0.0687821
0.0705955
0.0703168
0.07059
0.0687877
0.0684902
0.070294
0.0700173
0.070286
0.0684924
0.0681722
0.0699461
0.0696704
0.0699387
0.0681514
0.0677953
0.0695494
0.0692748
0.0695397
0.0677687
0.0673622
0.069104
0.0688294
0.0690897
0.0673313
0.0668658
0.0686046
0.0683327
0.0685917
0.066821
0.0662999
0.0680432
0.0677795
0.0680347
0.066252
0.0656747
0.0674207
0.0671653
0.0674121
0.0656266
0.0649677
0.0667318
0.0664844
0.0667252
0.0649366
0.064172
0.0659707
0.0657178
0.0659694
0.0641644
0.0632952
0.0651345
0.0648503
0.0651363
0.0632978
0.0623571
0.0642266
0.0639014
0.0642285
0.0623621
0.0613541
0.0632489
0.06288
0.0632496
0.0613627
0.0602707
0.0621976
0.0617848
0.0621959
0.0602715
0.0590987
0.0610707
0.0606125
0.0610685
0.0590967
0.0578589
0.0598691
0.0593616
0.059867
0.0578553
0.0565533
0.0585896
0.0580301
0.058587
0.0565492
0.0551718
0.0572282
0.0566145
0.0572262
0.0551684
0.0537202
0.0557787
0.0551072
0.0557775
0.0537182
0.0522041
0.0542264
0.0534945
0.0542258
0.0522031
0.0506216
0.0525389
0.0517605
0.0525388
0.0506213
0.0894762
0.0910328
0.0906233
0.0910329
0.0894764
0.0994559
0.100147
0.099901
0.100147
0.099456
0.105423
0.106133
0.105952
0.106133
0.105423
0.109583
0.110358
0.110234
0.110358
0.109583
0.112672
0.113488
0.1134
0.113488
0.112672
0.115019
0.115858
0.115794
0.115858
0.115019
0.116816
0.117668
0.11762
0.117667
0.116815
0.11819
0.119048
0.119012
0.119047
0.118189
0.119231
0.120091
0.120064
0.12009
0.119229
0.119984
0.120847
0.120834
0.120846
0.119981
0.120526
0.121387
0.121376
0.121385
0.120522
0.120909
0.121769
0.121762
0.121766
0.120907
0.121136
0.121994
0.121997
0.121992
0.121135
0.121224
0.122079
0.122085
0.122078
0.121226
0.121197
0.122047
0.122058
0.122048
0.121204
0.121067
0.12191
0.121926
0.121914
0.121073
0.120843
0.121679
0.121698
0.121682
0.120849
0.120527
0.121357
0.121377
0.121358
0.120533
0.120119
0.120944
0.120967
0.120943
0.120123
0.119623
0.120442
0.120466
0.120438
0.119625
0.119043
0.11985
0.119875
0.119842
0.119031
0.11837
0.119167
0.119191
0.119154
0.118344
0.117595
0.118387
0.118413
0.118371
0.117564
0.116714
0.117507
0.117535
0.11749
0.116681
0.115728
0.11652
0.116553
0.116505
0.11569
0.114627
0.115422
0.115461
0.115408
0.114591
0.113405
0.114207
0.114252
0.114196
0.113377
0.112055
0.112869
0.112918
0.112863
0.112041
0.110578
0.111403
0.111455
0.111401
0.110573
0.108974
0.109808
0.109856
0.109807
0.10897
0.107231
0.108077
0.108121
0.108076
0.107228
0.105344
0.106206
0.106245
0.106204
0.105342
0.103314
0.104187
0.104221
0.104185
0.10331
0.101133
0.102015
0.102041
0.102013
0.101129
0.0987964
0.0996808
0.0996966
0.0996781
0.0987922
0.0962914
0.0971707
0.097173
0.0971685
0.0962878
0.0936034
0.094467
0.0944519
0.0944654
0.0936008
0.0907125
0.0915431
0.091507
0.0915422
0.0907108
0.087582
0.0883602
0.0883089
0.0883597
0.0875811
0.117274
0.118311
0.117878
0.118311
0.117274
0.129507
0.129588
0.129253
0.129589
0.129507
0.13765
0.137654
0.13734
0.137654
0.13765
0.143551
0.143572
0.143292
0.143572
0.143552
0.148003
0.148047
0.147794
0.148047
0.148003
0.151428
0.151487
0.151255
0.151487
0.151428
0.154081
0.154151
0.153934
0.154151
0.154081
0.156136
0.156212
0.156006
0.156211
0.156136
0.157712
0.157794
0.157597
0.157793
0.157711
0.15888
0.158962
0.158778
0.158961
0.158878
0.15975
0.159834
0.159653
0.159833
0.159749
0.160379
0.160462
0.160285
0.16046
0.160378
0.16078
0.160861
0.160693
0.16086
0.160778
0.160982
0.161061
0.160897
0.161061
0.160981
0.161016
0.161093
0.160933
0.161093
0.161018
0.160902
0.160975
0.160819
0.160976
0.160904
0.160652
0.16072
0.160568
0.160721
0.160653
0.160273
0.160337
0.160187
0.160336
0.160273
0.159769
0.15983
0.159682
0.159828
0.159767
0.159144
0.1592
0.159056
0.159197
0.15914
0.158399
0.158451
0.158307
0.158445
0.158389
0.15753
0.157578
0.157437
0.15757
0.157516
0.156533
0.156579
0.15644
0.15657
0.156517
0.155404
0.15545
0.155315
0.155441
0.155386
0.154138
0.154185
0.154053
0.154176
0.154119
0.152726
0.152777
0.152649
0.152769
0.15271
0.151163
0.151218
0.151095
0.151212
0.15115
0.14944
0.149502
0.149383
0.149498
0.149433
0.147551
0.147619
0.147504
0.147617
0.147547
0.145488
0.145562
0.14545
0.145561
0.145485
0.143238
0.14332
0.143208
0.143318
0.143235
0.14079
0.140879
0.140769
0.140878
0.140787
0.138131
0.138228
0.138117
0.138226
0.138128
0.135246
0.135347
0.135235
0.135345
0.135243
0.132114
0.132218
0.132102
0.132216
0.132111
0.12871
0.128814
0.128692
0.128812
0.128707
0.124999
0.125099
0.12497
0.125098
0.124997
0.120939
0.121026
0.120898
0.121025
0.120938
0.116459
0.116528
0.11641
0.116528
0.116458
0.139238
0.140013
0.139557
0.140014
0.139238
0.152743
0.152532
0.152124
0.152533
0.152743
0.162332
0.162007
0.161596
0.162007
0.162333
0.169522
0.169189
0.168799
0.16919
0.169523
0.175044
0.174722
0.174352
0.174722
0.175044
0.179341
0.179028
0.178675
0.179028
0.179341
0.182699
0.182394
0.182054
0.182394
0.182699
0.185322
0.18502
0.18469
0.18502
0.185322
0.187344
0.187049
0.18673
0.187049
0.187344
0.188871
0.188574
0.188262
0.188574
0.188871
0.190022
0.189726
0.189419
0.189725
0.190021
0.190863
0.190565
0.190262
0.190565
0.190862
0.191418
0.19112
0.190824
0.191119
0.191417
0.191725
0.191425
0.191133
0.191424
0.191725
0.191824
0.191521
0.191233
0.19152
0.191824
0.191738
0.191431
0.191147
0.191431
0.191738
0.191484
0.191174
0.190893
0.191173
0.191483
0.191074
0.19076
0.190482
0.190759
0.191072
0.190515
0.190198
0.189923
0.190196
0.190512
0.189812
0.189492
0.18922
0.18949
0.189809
0.188968
0.188645
0.188376
0.188642
0.188963
0.187982
0.187657
0.18739
0.187653
0.187974
0.18685
0.186524
0.18626
0.186519
0.186842
0.185568
0.185243
0.184982
0.185238
0.185559
0.18413
0.183806
0.183549
0.183802
0.184122
0.182528
0.182207
0.181953
0.182203
0.182521
0.180753
0.180435
0.180186
0.180433
0.180747
0.178793
0.178481
0.178234
0.178479
0.17879
0.176638
0.17633
0.176087
0.176328
0.176635
0.174271
0.173968
0.173728
0.173967
0.174269
0.171676
0.171379
0.17114
0.171378
0.171674
0.168833
0.168541
0.168304
0.16854
0.168831
0.165719
0.165431
0.165195
0.16543
0.165717
0.162305
0.162022
0.161786
0.162021
0.162303
0.158558
0.15828
0.158048
0.158279
0.158556
0.154435
0.154164
0.153937
0.154163
0.154433
0.149887
0.149622
0.1494
0.149621
0.149886
0.144851
0.144594
0.144367
0.144594
0.14485
0.139241
0.138986
0.138759
0.138986
0.13924
0.156433
0.157071
0.156612
0.157071
0.156434
0.170691
0.170342
0.1699
0.170342
0.170691
0.181228
0.180753
0.180298
0.180753
0.181228
0.189332
0.188841
0.1884
0.188841
0.189333
0.195654
0.195167
0.194743
0.195167
0.195654
0.200622
0.200142
0.199732
0.200142
0.200622
0.204533
0.204058
0.20366
0.204058
0.204533
0.207605
0.207132
0.206743
0.207132
0.207605
0.209983
0.209517
0.209141
0.209517
0.209983
0.211798
0.211329
0.210955
0.211329
0.211798
0.213172
0.212704
0.212338
0.212704
0.213172
0.214184
0.213714
0.213351
0.213714
0.214184
0.214865
0.214395
0.214039
0.214395
0.214865
0.215261
0.214788
0.214435
0.214787
0.21526
0.215416
0.21494
0.214591
0.21494
0.215415
0.215359
0.214881
0.214535
0.21488
0.215359
0.215112
0.214631
0.214288
0.21463
0.215111
0.214691
0.214206
0.213867
0.214205
0.214689
0.214105
0.213618
0.213281
0.213616
0.214103
0.213363
0.212873
0.212539
0.212871
0.213361
0.212468
0.211976
0.211645
0.211974
0.212465
0.211421
0.210927
0.2106
0.210925
0.211418
0.21022
0.209725
0.209401
0.209723
0.210216
0.20886
0.208365
0.208044
0.208363
0.208856
0.207334
0.206841
0.206523
0.206839
0.207331
0.205634
0.205142
0.204827
0.20514
0.205631
0.203747
0.203257
0.202945
0.203255
0.203744
0.201658
0.201171
0.200862
0.20117
0.201656
0.19935
0.198865
0.198559
0.198865
0.199348
0.196802
0.196321
0.196017
0.19632
0.196801
0.19399
0.193512
0.19321
0.193511
0.193989
0.190885
0.19041
0.190113
0.19041
0.190884
0.187454
0.186984
0.186692
0.186984
0.187453
0.183661
0.183199
0.182909
0.183198
0.18366
0.179464
0.179007
0.178714
0.179006
0.179463
0.174805
0.174351
0.174052
0.17435
0.174804
0.169612
0.169159
0.168857
0.169159
0.169611
0.163798
0.163342
0.163044
0.163342
0.163797
0.157248
0.156794
0.156511
0.156794
0.157248
0.169403
0.169962
0.16951
0.169963
0.169403
0.184121
0.183703
0.18325
0.183703
0.184121
0.195273
0.194728
0.194256
0.194728
0.195273
0.204004
0.203438
0.202978
0.203439
0.204004
0.210894
0.210332
0.209886
0.210332
0.210895
0.216352
0.215795
0.215363
0.215795
0.216352
0.220672
0.220119
0.219698
0.220119
0.220673
0.224079
0.223528
0.223116
0.223528
0.224079
0.226724
0.226179
0.22578
0.226179
0.226724
0.228755
0.228207
0.227809
0.228207
0.228756
0.230297
0.22975
0.229359
0.22975
0.230297
0.231437
0.230888
0.2305
0.230888
0.231437
0.232212
0.231663
0.231282
0.231663
0.232212
0.232674
0.232123
0.231746
0.232123
0.232674
0.232874
0.232321
0.231947
0.23232
0.232874
0.232844
0.232288
0.231917
0.232288
0.232844
0.23261
0.232051
0.231684
0.232051
0.232609
0.23219
0.231629
0.231264
0.231628
0.232189
0.231599
0.231035
0.230674
0.231035
0.231598
0.230847
0.23028
0.229921
0.230279
0.230845
0.229938
0.229369
0.229013
0.229368
0.229936
0.228875
0.228304
0.227952
0.228303
0.228873
0.227656
0.227085
0.226735
0.227084
0.227655
0.226278
0.225706
0.225359
0.225705
0.226277
0.224733
0.224161
0.223816
0.22416
0.224731
0.223009
0.222437
0.222095
0.222436
0.223007
0.221091
0.22052
0.220181
0.220519
0.22109
0.218962
0.218391
0.218055
0.21839
0.218961
0.216598
0.216027
0.215694
0.216027
0.216597
0.213972
0.213403
0.213073
0.213403
0.213972
0.211055
0.210488
0.210161
0.210488
0.211055
0.207814
0.207247
0.206918
0.207246
0.207814
0.204203
0.203633
0.203303
0.203633
0.204202
0.200168
0.199596
0.199266
0.199596
0.200168
0.195649
0.195077
0.19475
0.195077
0.195648
0.190578
0.190011
0.189687
0.190011
0.190577
0.184877
0.18432
0.183998
0.18432
0.184877
0.178454
0.177905
0.177589
0.177904
0.178454
0.171187
0.170646
0.170346
0.170646
0.171187
0.178461
0.178976
0.178532
0.178977
0.178462
0.193458
0.193005
0.192549
0.193006
0.193459
0.204994
0.204415
0.203938
0.204415
0.204995
0.214128
0.213528
0.213061
0.213528
0.214129
0.221395
0.220797
0.220344
0.220797
0.221395
0.227181
0.226588
0.226148
0.226588
0.227182
0.231779
0.231189
0.23076
0.231189
0.231779
0.235413
0.234825
0.234404
0.234826
0.235413
0.238237
0.237656
0.237248
0.237656
0.238238
0.240415
0.23983
0.239423
0.23983
0.240415
0.242068
0.241485
0.241085
0.241485
0.242068
0.243294
0.24271
0.242313
0.24271
0.243295
0.244131
0.243546
0.243157
0.243546
0.244131
0.244637
0.244051
0.243665
0.244051
0.244637
0.244868
0.24428
0.243897
0.24428
0.244868
0.244858
0.244268
0.243889
0.244268
0.244858
0.244638
0.244046
0.243669
0.244046
0.244638
0.244229
0.243634
0.243261
0.243634
0.244229
0.243648
0.243051
0.242681
0.243051
0.243648
0.242907
0.242308
0.24194
0.242307
0.242907
0.242013
0.241412
0.241047
0.241411
0.242012
0.24097
0.240366
0.240004
0.240366
0.240969
0.239777
0.239172
0.238812
0.239171
0.239776
0.23843
0.237823
0.237466
0.237823
0.23843
0.236921
0.236313
0.235958
0.236312
0.236921
0.235237
0.234627
0.234275
0.234627
0.235237
0.23336
0.232749
0.232399
0.232748
0.23336
0.231269
0.230655
0.230308
0.230655
0.231268
0.228935
0.22832
0.227975
0.22832
0.228934
0.226329
0.225711
0.225366
0.225711
0.226329
0.22341
0.222787
0.222443
0.222787
0.22341
0.220131
0.219504
0.219162
0.219504
0.22013
0.21644
0.215812
0.21547
0.215812
0.21644
0.212282
0.211651
0.211311
0.211651
0.212282
0.207586
0.206955
0.206616
0.206955
0.207586
0.202274
0.201645
0.201309
0.201645
0.202274
0.196257
0.195634
0.195301
0.195634
0.196257
0.189432
0.188815
0.188489
0.188815
0.189431
0.18167
0.181062
0.180752
0.181062
0.18167
0.183796
0.184287
0.183848
0.184287
0.183797
0.198946
0.198476
0.19802
0.198476
0.198947
0.210693
0.210097
0.209619
0.210097
0.210693
0.22005
0.219433
0.218964
0.219434
0.220051
0.227527
0.226912
0.226456
0.226912
0.227527
0.233497
0.232887
0.232444
0.232887
0.233498
0.238249
0.237642
0.23721
0.237642
0.238249
0.242008
0.241403
0.240979
0.241403
0.242008
0.244927
0.24433
0.243918
0.24433
0.244928
0.247182
0.246581
0.246171
0.246581
0.247183
0.248892
0.248292
0.24789
0.248292
0.248892
0.250162
0.249561
0.249162
0.249561
0.250162
0.251024
0.250425
0.250032
0.250425
0.251025
0.251551
0.25095
0.250561
0.25095
0.251551
0.251795
0.251193
0.250808
0.251193
0.251795
0.251798
0.251194
0.250812
0.251194
0.251798
0.25159
0.250984
0.250605
0.250984
0.25159
0.251196
0.250589
0.250213
0.250589
0.251196
0.250637
0.250027
0.249654
0.250027
0.250636
0.249925
0.249313
0.248942
0.249313
0.249924
0.24907
0.248456
0.248088
0.248456
0.24907
0.248077
0.247461
0.247096
0.247461
0.248077
0.246947
0.246328
0.245966
0.246328
0.246946
0.245674
0.245053
0.244693
0.245053
0.245674
0.24425
0.243626
0.243269
0.243626
0.24425
0.242661
0.242034
0.241679
0.242034
0.242661
0.240888
0.240257
0.239903
0.240257
0.240887
0.238904
0.238269
0.237918
0.238269
0.238904
0.236681
0.23604
0.235689
0.23604
0.236681
0.234177
0.23353
0.233181
0.23353
0.234177
0.231349
0.230695
0.230347
0.230695
0.231348
0.228144
0.227484
0.227135
0.227484
0.228144
0.224503
0.223836
0.223488
0.223836
0.224503
0.220358
0.219685
0.219338
0.219685
0.220358
0.215634
0.214957
0.214611
0.214957
0.215634
0.210243
0.209564
0.20922
0.209564
0.210242
0.204087
0.203411
0.203071
0.203411
0.204087
0.197058
0.196386
0.196053
0.196386
0.197058
0.189023
0.188357
0.18804
0.188357
0.189022
0.185511
0.185994
0.185556
0.185994
0.185511
0.200714
0.200239
0.199782
0.200239
0.200715
0.212528
0.211927
0.211449
0.211928
0.212529
0.221953
0.221332
0.220862
0.221332
0.221954
0.22949
0.228871
0.228415
0.228871
0.229491
0.235511
0.234896
0.234453
0.234896
0.235511
0.240301
0.23969
0.239258
0.23969
0.240301
0.244087
0.243479
0.243055
0.243479
0.244088
0.247021
0.24642
0.246009
0.24642
0.247021
0.249288
0.248684
0.248274
0.248684
0.249288
0.251
0.250399
0.249996
0.250399
0.251001
0.252273
0.251671
0.251271
0.251671
0.252273
0.253129
0.252529
0.252136
0.252529
0.25313
0.253652
0.253051
0.252662
0.253051
0.253652
0.253895
0.253293
0.252908
0.253293
0.253895
0.253899
0.253297
0.252915
0.253297
0.2539
0.2537
0.253096
0.252717
0.253096
0.2537
0.253323
0.252718
0.252342
0.252718
0.253323
0.252791
0.252183
0.251811
0.252184
0.25279
0.252119
0.25151
0.251139
0.251509
0.252119
0.251319
0.250707
0.25034
0.250707
0.251319
0.250397
0.249783
0.249418
0.249783
0.250397
0.249356
0.248738
0.248376
0.248738
0.249356
0.24819
0.24757
0.24721
0.24757
0.24819
0.246892
0.246267
0.245909
0.246267
0.246892
0.245446
0.244816
0.24446
0.244816
0.245446
0.243832
0.243196
0.242842
0.243196
0.243832
0.242023
0.24138
0.241026
0.24138
0.242023
0.239982
0.239331
0.238979
0.239331
0.239982
0.237669
0.237008
0.236656
0.237008
0.237668
0.235031
0.23436
0.234008
0.23436
0.235031
0.232012
0.231329
0.230978
0.231329
0.232011
0.228543
0.22785
0.227498
0.22785
0.228543
0.22455
0.223846
0.223495
0.223846
0.22455
0.21995
0.219237
0.218886
0.219237
0.21995
0.214648
0.213929
0.21358
0.213929
0.214648
0.20854
0.20782
0.207474
0.207819
0.20854
0.201512
0.200791
0.200452
0.200791
0.201512
0.193426
0.192707
0.192383
0.192707
0.193426
0.183641
0.184131
0.183691
0.184131
0.183641
0.198807
0.198336
0.197879
0.198336
0.198807
0.210554
0.209958
0.20948
0.209958
0.210554
0.219899
0.219283
0.218814
0.219283
0.2199
0.227355
0.22674
0.226285
0.22674
0.227355
0.233296
0.232686
0.232244
0.232687
0.233296
0.238012
0.237407
0.236975
0.237407
0.238012
0.24173
0.241128
0.240705
0.241129
0.241731
0.244599
0.244005
0.243595
0.244005
0.244599
0.246812
0.246216
0.245807
0.246216
0.246812
0.248475
0.247882
0.24748
0.247882
0.248476
0.249708
0.249115
0.248717
0.249115
0.249708
0.250525
0.249934
0.249543
0.249934
0.250525
0.251018
0.250428
0.250041
0.250429
0.251019
0.251241
0.250651
0.250268
0.250651
0.251241
0.251235
0.250645
0.250265
0.250645
0.251236
0.251037
0.250446
0.25007
0.250447
0.251037
0.250675
0.250083
0.24971
0.250083
0.250675
0.250172
0.249579
0.249208
0.249579
0.250172
0.249547
0.248952
0.248584
0.248952
0.249547
0.248813
0.248215
0.24785
0.248215
0.248813
0.247978
0.247377
0.247015
0.247377
0.247978
0.247046
0.246442
0.246082
0.246442
0.247046
0.246016
0.245407
0.245049
0.245407
0.246016
0.244879
0.244265
0.243909
0.244264
0.244878
0.243619
0.242999
0.242644
0.242998
0.243619
0.242216
0.241587
0.241234
0.241587
0.242216
0.240639
0.24
0.239648
0.24
0.240639
0.23885
0.2382
0.237848
0.2382
0.23885
0.236807
0.236144
0.235792
0.236144
0.236807
0.234457
0.233779
0.233427
0.233779
0.234457
0.231735
0.231041
0.230688
0.231041
0.231735
0.228568
0.227858
0.227504
0.227858
0.228568
0.224869
0.224144
0.22379
0.224144
0.224869
0.220555
0.219814
0.219459
0.219814
0.220555
0.215518
0.214766
0.214413
0.214766
0.215518
0.209653
0.208893
0.208543
0.208893
0.209652
0.202838
0.202072
0.201728
0.202072
0.202838
0.194933
0.194162
0.193833
0.194162
0.194933
0.178161
0.178674
0.178229
0.178674
0.178161
0.193191
0.192736
0.19228
0.192737
0.193191
0.204728
0.204148
0.203671
0.204148
0.204729
0.21384
0.213239
0.212771
0.213239
0.21384
0.221065
0.220467
0.220014
0.220467
0.221065
0.226794
0.226202
0.225762
0.226202
0.226795
0.231322
0.230735
0.230306
0.230735
0.231322
0.234877
0.234293
0.233873
0.234294
0.234877
0.2376
0.237026
0.236619
0.237027
0.237601
0.239695
0.239119
0.238714
0.239119
0.239695
0.24126
0.240686
0.240287
0.240686
0.24126
0.242406
0.241836
0.241443
0.241836
0.242406
0.243153
0.242585
0.242197
0.242585
0.243153
0.243592
0.243025
0.242642
0.243025
0.243592
0.243775
0.243209
0.24283
0.243209
0.243775
0.243745
0.24318
0.242805
0.24318
0.243745
0.243539
0.242974
0.242602
0.242974
0.243539
0.243186
0.24262
0.242252
0.24262
0.243186
0.24271
0.242144
0.24178
0.242144
0.24271
0.242134
0.241566
0.241204
0.241566
0.242134
0.241471
0.240901
0.240542
0.240901
0.241471
0.240732
0.24016
0.239803
0.24016
0.240732
0.239924
0.239348
0.238993
0.239348
0.239924
0.239047
0.238466
0.238113
0.238465
0.239047
0.238096
0.237508
0.237157
0.237508
0.238096
0.237058
0.236462
0.236113
0.236462
0.237058
0.235913
0.235307
0.234959
0.235307
0.235913
0.234632
0.234015
0.233667
0.234014
0.234632
0.233175
0.232544
0.232196
0.232544
0.233175
0.231491
0.230843
0.230495
0.230843
0.231491
0.229518
0.228854
0.228506
0.228854
0.229518
0.227201
0.226507
0.226157
0.226507
0.227201
0.224443
0.223735
0.223382
0.223735
0.224443
0.221182
0.220448
0.220094
0.220448
0.221182
0.217318
0.216561
0.216205
0.216561
0.217318
0.212736
0.211961
0.211608
0.211961
0.212736
0.207319
0.20653
0.20618
0.20653
0.207319
0.200943
0.20014
0.199796
0.20014
0.200943
0.193461
0.192646
0.192316
0.192646
0.193461
0.168978
0.169535
0.169082
0.169535
0.168979
0.183748
0.183328
0.182874
0.183328
0.183749
0.194905
0.194357
0.193885
0.194358
0.194905
0.203604
0.203037
0.202576
0.203038
0.203604
0.210435
0.209873
0.209427
0.209873
0.210435
0.215811
0.215256
0.214824
0.215256
0.215811
0.220031
0.219482
0.219062
0.219483
0.220032
0.223324
0.22278
0.222368
0.22278
0.223324
0.225824
0.22529
0.224892
0.22529
0.225824
0.227734
0.227199
0.226804
0.227199
0.227734
0.229151
0.228618
0.228228
0.228618
0.229151
0.230167
0.22964
0.229258
0.22964
0.230167
0.230813
0.230288
0.229911
0.230288
0.230813
0.231173
0.230651
0.230278
0.23065
0.231173
0.231298
0.230778
0.230409
0.230777
0.231298
0.23123
0.230711
0.230347
0.230711
0.23123
0.231006
0.230488
0.230127
0.230488
0.231006
0.230655
0.230137
0.22978
0.230137
0.230655
0.230203
0.229685
0.229332
0.229685
0.230203
0.229672
0.229153
0.228803
0.229153
0.229672
0.229079
0.228559
0.228211
0.228559
0.229079
0.228438
0.227915
0.22757
0.227915
0.228438
0.227757
0.22723
0.226887
0.22723
0.227757
0.227041
0.226508
0.226167
0.226508
0.227041
0.226287
0.225747
0.225408
0.225747
0.226287
0.225487
0.224938
0.2246
0.224937
0.225487
0.224624
0.224063
0.223726
0.224063
0.224623
0.223672
0.223097
0.22276
0.223097
0.223671
0.222594
0.222003
0.221666
0.222003
0.222594
0.221348
0.220735
0.220397
0.220735
0.221347
0.219883
0.219243
0.218901
0.219243
0.219883
0.218096
0.217436
0.217094
0.217436
0.218096
0.215913
0.215225
0.214882
0.215225
0.215913
0.213232
0.212517
0.212174
0.212517
0.213232
0.209962
0.209218
0.208873
0.209218
0.209961
0.206019
0.205238
0.20489
0.205238
0.206019
0.201273
0.20047
0.200123
0.20047
0.201273
0.195579
0.194756
0.194418
0.194756
0.195579
0.188788
0.187942
0.187617
0.187942
0.188788
0.155917
0.15655
0.156089
0.156551
0.155917
0.170248
0.169895
0.169452
0.169895
0.170249
0.180794
0.180316
0.17986
0.180316
0.180794
0.18886
0.188366
0.187925
0.188367
0.18886
0.195108
0.194621
0.194197
0.194622
0.195108
0.199974
0.199496
0.199087
0.199496
0.199974
0.203761
0.203291
0.202894
0.203291
0.203761
0.206691
0.206226
0.205839
0.206226
0.206691
0.208887
0.208435
0.208062
0.208434
0.208886
0.210548
0.210096
0.209725
0.210095
0.210548
0.211769
0.211319
0.210953
0.211318
0.211768
0.212613
0.212171
0.211815
0.212171
0.212613
0.213128
0.212689
0.212338
0.212689
0.213128
0.213387
0.212951
0.212605
0.212951
0.213387
0.213438
0.213005
0.212663
0.213004
0.213437
0.213319
0.212889
0.212552
0.212888
0.213319
0.213067
0.212638
0.212306
0.212638
0.213067
0.21271
0.212283
0.211954
0.212283
0.21271
0.212275
0.211849
0.211523
0.211848
0.212275
0.211783
0.211357
0.211035
0.211357
0.211783
0.211254
0.210827
0.210507
0.210827
0.211254
0.210704
0.210274
0.209957
0.210274
0.210704
0.210145
0.209711
0.209396
0.20971
0.210144
0.209584
0.209144
0.208831
0.209143
0.209583
0.209025
0.208577
0.208266
0.208577
0.209024
0.208466
0.208007
0.207696
0.208006
0.208464
0.207894
0.207422
0.207112
0.207422
0.207893
0.207291
0.206803
0.206492
0.206803
0.20729
0.206626
0.20612
0.205808
0.206119
0.206625
0.205878
0.205338
0.205021
0.205337
0.205878
0.20496
0.204403
0.204085
0.204403
0.20496
0.203797
0.203204
0.202884
0.203204
0.203797
0.202325
0.201695
0.20137
0.201695
0.202326
0.200432
0.199765
0.199439
0.199765
0.200432
0.197998
0.197296
0.196971
0.197296
0.197998
0.194892
0.194156
0.193836
0.194157
0.194892
0.191025
0.190237
0.18992
0.190237
0.191025
0.186278
0.185476
0.185168
0.185476
0.186278
0.180489
0.179653
0.179355
0.179653
0.180489
0.138676
0.139447
0.138987
0.139447
0.138677
0.152278
0.152061
0.151651
0.152062
0.152279
0.161881
0.161551
0.161139
0.161551
0.161881
0.169029
0.168693
0.168303
0.168694
0.169029
0.174468
0.174146
0.173776
0.174146
0.174469
0.178651
0.178341
0.177989
0.178341
0.178651
0.18187
0.18157
0.181231
0.18157
0.181869
0.184333
0.18404
0.183711
0.184039
0.184332
0.186148
0.18587
0.185558
0.185869
0.186147
0.187498
0.18722
0.18691
0.187219
0.187497
0.188475
0.188201
0.187896
0.1882
0.188474
0.189115
0.18885
0.188555
0.188849
0.189113
0.189473
0.189213
0.188925
0.189213
0.189473
0.189613
0.189358
0.189075
0.189357
0.189613
0.189576
0.189325
0.189047
0.189325
0.189576
0.189399
0.189151
0.188878
0.189151
0.189398
0.189113
0.188868
0.1886
0.188868
0.189112
0.188745
0.188503
0.188239
0.188503
0.188744
0.18832
0.18808
0.18782
0.18808
0.18832
0.18786
0.187621
0.187364
0.187621
0.18786
0.187385
0.187145
0.186892
0.187145
0.187385
0.186913
0.186671
0.18642
0.18667
0.186912
0.186458
0.186213
0.185964
0.186211
0.186456
0.186034
0.185782
0.185535
0.18578
0.18603
0.185648
0.185388
0.185142
0.185386
0.185645
0.185306
0.185035
0.184789
0.185033
0.185303
0.185007
0.184721
0.184475
0.184719
0.185004
0.184742
0.184436
0.184188
0.184435
0.18474
0.184492
0.184162
0.183911
0.184162
0.184491
0.184246
0.183884
0.183629
0.183884
0.184246
0.183924
0.183528
0.183267
0.183528
0.183925
0.183477
0.183038
0.18277
0.183038
0.183478
0.18282
0.182333
0.182058
0.182334
0.182821
0.181849
0.181311
0.18103
0.181311
0.181849
0.180443
0.179854
0.179572
0.179855
0.180444
0.178467
0.177837
0.177561
0.177837
0.178467
0.175774
0.175112
0.17485
0.175112
0.175774
0.172288
0.171558
0.17131
0.171558
0.172288
0.16784
0.167068
0.166844
0.167068
0.16784
0.116731
0.11776
0.117321
0.11776
0.116731
0.129081
0.129153
0.128814
0.129153
0.129081
0.137241
0.137238
0.136922
0.137239
0.137242
0.143101
0.143117
0.142836
0.143117
0.143101
0.147469
0.147511
0.147259
0.147511
0.147469
0.150778
0.15084
0.150608
0.150839
0.150778
0.153289
0.153365
0.153149
0.153364
0.153288
0.155181
0.155267
0.155062
0.155266
0.15518
0.156546
0.156649
0.156462
0.156647
0.156544
0.157526
0.157632
0.157448
0.157629
0.157524
0.158221
0.158331
0.158153
0.158329
0.158219
0.158631
0.158753
0.158587
0.158752
0.15863
0.158819
0.158947
0.158789
0.158947
0.15882
0.158831
0.158967
0.158815
0.158968
0.158834
0.158705
0.158847
0.158702
0.158847
0.158707
0.158471
0.158618
0.158478
0.158618
0.158471
0.158154
0.158306
0.158172
0.158306
0.158154
0.157778
0.157935
0.157805
0.157934
0.157778
0.157364
0.157524
0.1574
0.157524
0.157365
0.156933
0.157095
0.156975
0.157095
0.156935
0.156504
0.156667
0.15655
0.156666
0.156504
0.156095
0.156256
0.156143
0.156255
0.156092
0.155721
0.15588
0.155768
0.155876
0.155715
0.155399
0.155553
0.155443
0.155548
0.155391
0.155143
0.155289
0.15518
0.155284
0.155134
0.154966
0.1551
0.154991
0.155095
0.154957
0.154877
0.154995
0.154886
0.154992
0.154871
0.154884
0.15498
0.154868
0.154977
0.15488
0.154988
0.155052
0.154935
0.155051
0.154985
0.155178
0.155201
0.155076
0.155201
0.155177
0.155443
0.155416
0.155278
0.155417
0.155444
0.15572
0.155631
0.155477
0.155633
0.155722
0.15595
0.155787
0.155615
0.155788
0.155952
0.15603
0.155788
0.1556
0.155789
0.156032
0.155833
0.155515
0.155318
0.155515
0.155834
0.155212
0.154831
0.154641
0.154831
0.155213
0.154012
0.153599
0.153441
0.153599
0.154012
0.152139
0.151712
0.151608
0.151712
0.152139
0.149572
0.149104
0.149052
0.149104
0.149572
0.0890377
0.0905815
0.0901639
0.0905816
0.089038
0.0991419
0.0998176
0.0995665
0.0998177
0.0991422
0.105125
0.105823
0.105639
0.105823
0.105125
0.109245
0.110014
0.109888
0.110014
0.109246
0.112261
0.113075
0.112986
0.113075
0.112261
0.114506
0.115348
0.115285
0.115348
0.114506
0.116176
0.117038
0.116992
0.117037
0.116176
0.117403
0.118279
0.118246
0.118277
0.117405
0.118263
0.119156
0.119139
0.119154
0.118264
0.118835
0.119733
0.119725
0.11973
0.118837
0.119225
0.12013
0.120126
0.120127
0.119229
0.119404
0.120321
0.120332
0.120321
0.119408
0.119427
0.120353
0.120373
0.120356
0.119435
0.119326
0.120264
0.120293
0.120268
0.119336
0.119131
0.12008
0.120116
0.120082
0.119138
0.118867
0.119822
0.119864
0.119822
0.118869
0.118544
0.119509
0.119557
0.119508
0.118547
0.118183
0.119156
0.119212
0.119155
0.118187
0.1178
0.11878
0.118842
0.118781
0.117807
0.117413
0.118398
0.118465
0.118399
0.117424
0.117038
0.118025
0.118096
0.118025
0.117043
0.116689
0.117676
0.11775
0.117672
0.116685
0.116379
0.117365
0.117441
0.117358
0.116369
0.116122
0.117106
0.117185
0.117097
0.116107
0.115939
0.116916
0.116998
0.116907
0.115922
0.115847
0.116813
0.116897
0.116805
0.11583
0.115862
0.116812
0.116898
0.116806
0.11585
0.116007
0.116932
0.117019
0.116928
0.115999
0.1163
0.11719
0.117268
0.117187
0.116296
0.116755
0.117586
0.117656
0.117584
0.116753
0.117427
0.118175
0.118222
0.118175
0.117428
0.118273
0.118911
0.118925
0.118913
0.118278
0.119288
0.119785
0.119759
0.119787
0.119293
0.120405
0.120744
0.120675
0.120746
0.120409
0.121492
0.121692
0.12159
0.121693
0.121494
0.122406
0.122503
0.122394
0.122504
0.122407
0.122989
0.123026
0.122957
0.123026
0.122989
0.123172
0.123244
0.123278
0.123244
0.123173
0.123091
0.123225
0.123393
0.123225
0.123091
0.0529451
0.0554789
0.0547416
0.0554789
0.0529452
0.0590337
0.0607975
0.060252
0.0607976
0.0590339
0.0620393
0.0639538
0.0635074
0.0639539
0.0620395
0.0640321
0.0660506
0.0656756
0.0660507
0.0640324
0.065484
0.067533
0.067193
0.067533
0.0654842
0.0665395
0.0685965
0.0682752
0.0685956
0.0665389
0.0672934
0.0693544
0.0690446
0.0693515
0.0672938
0.0678129
0.0698811
0.0695804
0.0698774
0.0678202
0.0681568
0.0702291
0.0699358
0.070224
0.0681633
0.0683479
0.0704216
0.0701415
0.0704136
0.0683474
0.0684504
0.0705279
0.0702466
0.0705203
0.0684559
0.068447
0.0705327
0.0702652
0.07053
0.0684541
0.0683659
0.0704586
0.0702008
0.0704634
0.0683807
0.0682239
0.0703279
0.0700791
0.0703342
0.06824
0.0680471
0.0701538
0.0699104
0.0701551
0.0680545
0.0678262
0.0699432
0.0697053
0.0699418
0.0678343
0.0675735
0.0697061
0.0694747
0.0697044
0.0675937
0.0673159
0.0694515
0.0692259
0.0694491
0.0673226
0.067051
0.069186
0.0689622
0.0691811
0.0670484
0.0667793
0.068917
0.0686915
0.0689106
0.0667818
0.0665206
0.0686563
0.0684285
0.0686509
0.0665152
0.066279
0.0684113
0.0681817
0.0684047
0.0662714
0.0660626
0.068191
0.0679589
0.0681806
0.0660497
0.0658793
0.0680037
0.0677728
0.067992
0.0658547
0.0657412
0.0678606
0.0676346
0.0678494
0.0657108
0.0656743
0.0677765
0.0675585
0.067768
0.0656518
0.0656906
0.067766
0.0675624
0.0677619
0.0656728
0.0658085
0.067847
0.0676601
0.0678436
0.0657928
0.066058
0.0680397
0.0678539
0.0680348
0.0660533
0.0664724
0.0683597
0.0681714
0.068355
0.0664653
0.0671342
0.0688727
0.0686618
0.0688735
0.0671406
0.0680942
0.0695892
0.0693357
0.0695917
0.0681056
0.0694198
0.0705486
0.0702355
0.0705496
0.0694231
0.071083
0.0717605
0.071381
0.0717612
0.0710844
0.0727782
0.0731927
0.0727852
0.0731933
0.0727791
0.0746971
0.0749059
0.0745056
0.0749063
0.0746976
0.0769574
0.0770058
0.0766585
0.0770059
0.0769576
0.0794428
0.0794914
0.0793048
0.0794914
0.0794429
0.0829318
0.0831377
0.0832807
0.0831378
0.0829318
0.00580574
0.00648724
0.00620148
0.00648725
0.00580575
0.00731552
0.00734133
0.0070822
0.00734134
0.00731553
0.00783367
0.00774465
0.00748548
0.00774466
0.00783368
0.00808362
0.00797376
0.00772233
0.00797376
0.00808364
0.00823101
0.00811694
0.00787236
0.00811694
0.00823103
0.00832541
0.00821011
0.00797068
0.00821
0.00832529
0.00838638
0.0082705
0.00803502
0.00827005
0.00838591
0.00842216
0.00830771
0.00807547
0.00830699
0.0084233
0.00844243
0.00832769
0.00809836
0.00832678
0.00844223
0.008451
0.00833414
0.00810744
0.00833269
0.00844833
0.00844611
0.00833158
0.00810661
0.00832995
0.00844442
0.00843638
0.00832124
0.00809872
0.00832036
0.00843537
0.0084192
0.00830323
0.00808277
0.00830322
0.0084197
0.00839835
0.00828104
0.00806198
0.00828093
0.00839847
0.00837691
0.00825489
0.00803696
0.00825446
0.00837551
0.00834506
0.00822485
0.00800823
0.00822454
0.00834711
0.00831104
0.0081927
0.00797697
0.00819209
0.00831732
0.00828172
0.00815874
0.00794394
0.00815794
0.00828171
0.00825172
0.00812366
0.00791006
0.00812224
0.00824706
0.0082177
0.00808786
0.007876
0.00808572
0.00821145
0.00818368
0.00805221
0.00784226
0.00805082
0.00817802
0.00815067
0.00801762
0.00780955
0.00801683
0.00814928
0.00811975
0.00798504
0.00777863
0.00798427
0.00811874
0.00809168
0.00795532
0.00775049
0.00795471
0.00808802
0.00806493
0.00792922
0.00772606
0.00792882
0.00806043
0.008045
0.00790806
0.0077066
0.00790829
0.0080441
0.00803447
0.00789413
0.00769381
0.00789465
0.00803227
0.00803106
0.00788966
0.00768998
0.00788995
0.0080281
0.00803777
0.00789637
0.00769738
0.00789606
0.00803729
0.00805557
0.00791791
0.00772022
0.00791752
0.00805441
0.0080923
0.00796113
0.00776523
0.00796149
0.0080949
0.00815891
0.00803303
0.00783821
0.00803305
0.00816142
0.00825746
0.0081429
0.00794908
0.00814249
0.00825578
0.00839193
0.00830328
0.00811085
0.00830305
0.00839104
0.00863353
0.00853551
0.00834269
0.00853544
0.00863343
0.00898513
0.00887139
0.00867571
0.00887137
0.00898512
0.0095028
0.00936105
0.00915801
0.00936104
0.0095028
0.0104427
0.0101357
0.00989198
0.0101357
0.0104427
0.0132043
0.012122
0.0117393
0.012122
0.0132043
0.00622682
0.0059725
0.00580523
0.00597251
0.00622683
0.0441136
0.0455234
0.0446364
0.0455235
0.0441138
0.0732665
0.0739414
0.0738591
0.0739415
0.0732665
0.0950632
0.0953235
0.0952321
0.0953235
0.0950631
0.111925
0.111946
0.111823
0.111946
0.111925
0.125033
0.124983
0.124847
0.124983
0.125032
0.135258
0.135156
0.13502
0.135156
0.135258
0.143073
0.142919
0.142783
0.142919
0.143072
0.148765
0.148554
0.148416
0.148554
0.148765
0.152489
0.152214
0.152071
0.152214
0.152489
0.154296
0.153949
0.153796
0.153949
0.154296
0.154129
0.153703
0.15354
0.153703
0.154129
0.15184
0.15133
0.151159
0.15133
0.15184
0.147139
0.14655
0.146383
0.14655
0.147139
0.139585
0.138944
0.138816
0.138944
0.139585
0.12845
0.127876
0.12787
0.127876
0.12845
0.11222
0.112034
0.11231
0.112034
0.11222
0.0898505
0.0895439
0.0897618
0.0895439
0.0898505
0.0522087
0.0453835
0.0443768
0.0453835
0.0522088
0.00635976
0.0061112
0.00595496
0.00611121
0.00635977
0.0458807
0.0473795
0.0465472
0.0473797
0.0458809
0.077409
0.0781028
0.0780383
0.0781029
0.0774089
0.101353
0.101548
0.101447
0.101548
0.101353
0.120013
0.119919
0.11976
0.119919
0.120013
0.134558
0.134359
0.134183
0.134359
0.134558
0.14589
0.145621
0.145438
0.145621
0.14589
0.154507
0.154178
0.15399
0.154178
0.154507
0.16072
0.160331
0.160135
0.160331
0.160719
0.164704
0.164251
0.164043
0.164251
0.164704
0.166503
0.165983
0.165767
0.165983
0.166503
0.166055
0.165466
0.165244
0.165466
0.166054
0.163196
0.16254
0.162317
0.16254
0.163196
0.157629
0.156917
0.156708
0.156917
0.157629
0.148861
0.14815
0.148005
0.14815
0.14886
0.136062
0.135595
0.135638
0.135595
0.136062
0.118238
0.118234
0.118671
0.118234
0.118238
0.0976086
0.0974006
0.0979997
0.0974006
0.0976086
0.0820872
0.0751324
0.0738782
0.0751324
0.0820872
0.00649893
0.00625571
0.0061051
0.00625572
0.00649895
0.0475059
0.0491176
0.0483291
0.0491177
0.0475061
0.0810651
0.0817852
0.0817346
0.0817852
0.081065
0.106867
0.107004
0.106904
0.107004
0.106867
0.127084
0.126915
0.126728
0.126915
0.127083
0.14291
0.142601
0.142385
0.142601
0.142909
0.155218
0.154828
0.154599
0.154828
0.155218
0.164539
0.164085
0.163847
0.164084
0.164539
0.171194
0.170679
0.170434
0.170679
0.171194
0.175359
0.174782
0.174531
0.174782
0.175359
0.177089
0.176452
0.176194
0.176452
0.177089
0.176338
0.175638
0.175372
0.175638
0.176338
0.172902
0.172146
0.171882
0.172146
0.172902
0.166453
0.16566
0.165417
0.16566
0.166453
0.156427
0.155677
0.155513
0.155677
0.156427
0.141821
0.141403
0.141459
0.141403
0.141821
0.121712
0.121848
0.122319
0.121848
0.121712
0.0988067
0.0987068
0.0993167
0.0987068
0.0988067
0.0829473
0.0758706
0.0745004
0.0758706
0.0829473
0.00664381
0.00640475
0.00625486
0.00640476
0.00664383
0.0490419
0.0507854
0.0500199
0.0507855
0.0490419
0.0843498
0.0850923
0.0850456
0.0850921
0.0843493
0.111748
0.111835
0.111737
0.111835
0.111747
0.133297
0.133073
0.132865
0.133073
0.133296
0.15025
0.14985
0.149601
0.14985
0.15025
0.163402
0.162918
0.162653
0.162918
0.163402
0.173328
0.172777
0.172502
0.172777
0.173328
0.180353
0.179742
0.179459
0.179742
0.180353
0.184656
0.183988
0.183698
0.183988
0.184656
0.186293
0.185569
0.185274
0.185569
0.186293
0.185205
0.184424
0.184125
0.184424
0.185205
0.181176
0.180352
0.180057
0.180352
0.181176
0.173845
0.172996
0.172725
0.172996
0.173845
0.162509
0.16176
0.161578
0.16176
0.162509
0.146132
0.145697
0.145713
0.145697
0.146132
0.122931
0.123207
0.123585
0.123207
0.122931
0.0931354
0.0935491
0.0938893
0.0935491
0.0931354
0.0541119
0.0467601
0.0454395
0.0467601
0.0541119
0.00817893
0.0071295
0.0068123
0.0071295
0.00817894
0.0415513
0.0378971
0.0372623
0.0378971
0.0415513
0.0403094
0.0369938
0.0364176
0.0369938
0.0403095
0.00818728
0.00702898
0.00670826
0.00702897
0.00818728
0.00715292
0.0062282
0.00596541
0.0062282
0.00715292
0.036538
0.0306328
0.0295969
0.0306328
0.036538
0.0355318
0.0297406
0.028774
0.0297406
0.0355319
0.00712871
0.0061692
0.00590513
0.0061692
0.00712871
0.00657989
0.005709
0.00547422
0.005709
0.00657988
0.0318822
0.0260695
0.0250424
0.0260695
0.0318822
0.0312932
0.0255967
0.0245883
0.0255967
0.0312932
0.00651075
0.00564156
0.00541042
0.00564156
0.00651075
0.00589206
0.00502895
0.00480676
0.00502895
0.00589205
0.0278443
0.0224383
0.0213499
0.0224383
0.0278443
0.0275962
0.0221886
0.0211046
0.0221886
0.0275962
0.00581091
0.00496006
0.00474299
0.00496006
0.00581091
0.00317435
0.00300584
0.00285794
0.00300585
0.00317435
0.00810315
0.00802966
0.00764309
0.00802966
0.00810316
0.00952186
0.00945874
0.00909792
0.00945872
0.00952187
0.0104157
0.0103372
0.0100042
0.0103372
0.0104157
0.0110174
0.0109439
0.0106363
0.0109439
0.0110174
0.011474
0.0114036
0.0111146
0.0114036
0.011474
0.0118464
0.0117745
0.0114981
0.0117745
0.0118464
0.012163
0.0120856
0.011817
0.0120856
0.012163
0.0124378
0.0123509
0.0120866
0.0123509
0.0124378
0.0126757
0.0125759
0.012313
0.0125759
0.0126757
0.0128751
0.0127596
0.0124956
0.0127596
0.0128751
0.0130262
0.0128939
0.0126271
0.0128939
0.0130263
0.0131139
0.0129551
0.012683
0.0129551
0.0131139
0.0131422
0.0129184
0.0126406
0.0129184
0.0131422
0.0130801
0.0127512
0.0124801
0.0127513
0.0130801
0.0128636
0.0124393
0.0121795
0.0124393
0.0128636
0.0123192
0.01185
0.0115699
0.01185
0.0123193
0.0109578
0.0105155
0.0102106
0.0105155
0.0109578
0.00440965
0.00417037
0.00400634
0.00417037
0.00440965
0.00527754
0.00517237
0.00482742
0.00517237
0.00527754
0.0322234
0.0333298
0.0321367
0.0333299
0.0322233
0.0475188
0.0478963
0.0470386
0.0478964
0.0475186
0.0572914
0.0575214
0.0567915
0.0575216
0.0572912
0.0642379
0.064524
0.0638575
0.0645241
0.0642377
0.0694874
0.0698384
0.0692015
0.0698386
0.0694873
0.0735769
0.0739574
0.0733341
0.0739575
0.0735767
0.0767973
0.0771679
0.0765468
0.077168
0.0767972
0.0793059
0.0796291
0.0790014
0.0796292
0.0793058
0.0811725
0.081407
0.0807719
0.0814071
0.0811724
0.0824066
0.0825261
0.0818759
0.0825262
0.0824065
0.0829407
0.0829326
0.0822612
0.0829326
0.0829406
0.0825374
0.082467
0.0817854
0.0824671
0.0825373
0.0806625
0.0807775
0.0801098
0.0807775
0.0806624
0.0768754
0.0772511
0.076506
0.0772512
0.0768753
0.0706606
0.0710254
0.070085
0.0710255
0.0706605
0.0614483
0.0615158
0.060497
0.0615159
0.0614483
0.0459887
0.0459277
0.0448249
0.0459277
0.0459887
0.00754178
0.00744552
0.00705068
0.00744553
0.00754178
0.00588868
0.00565035
0.00541017
0.00565035
0.00588869
0.0389679
0.0402998
0.0391427
0.0403
0.0389679
0.0612336
0.0618342
0.0614713
0.0618343
0.0612335
0.0769121
0.077266
0.0769954
0.0772661
0.0769119
0.0886252
0.0889445
0.0887321
0.0889447
0.088625
0.0976582
0.0979895
0.0978235
0.0979896
0.097658
0.104707
0.105041
0.104907
0.105041
0.104706
0.110168
0.110486
0.110369
0.110486
0.110168
0.114272
0.114547
0.114435
0.114547
0.114272
0.117131
0.117339
0.117222
0.117339
0.117131
0.118773
0.118891
0.118761
0.118891
0.118773
0.119137
0.119148
0.118997
0.119148
0.119137
0.118049
0.117948
0.117775
0.117948
0.118049
0.115179
0.114989
0.114801
0.114989
0.115179
0.110087
0.109799
0.109588
0.109799
0.110087
0.102121
0.101626
0.101382
0.101626
0.10212
0.0893251
0.0886305
0.08846
0.0886305
0.0893251
0.0660657
0.0651953
0.0646313
0.0651953
0.0660657
0.00985718
0.00942537
0.00902071
0.00942538
0.00985718
0.00609288
0.00583472
0.0056453
0.00583472
0.00609288
0.0420609
0.0434135
0.0424354
0.0434137
0.042061
0.0683847
0.0690368
0.0688786
0.0690369
0.0683846
0.0876572
0.0879715
0.0878359
0.0879716
0.087657
0.102376
0.102545
0.102423
0.102545
0.102376
0.113783
0.113918
0.11382
0.113918
0.113783
0.122686
0.122792
0.122709
0.122792
0.122686
0.129527
0.129594
0.129519
0.129594
0.129527
0.134571
0.134586
0.134511
0.134586
0.134571
0.137956
0.137907
0.137826
0.137907
0.137956
0.139725
0.139597
0.139505
0.139597
0.139725
0.139827
0.139608
0.1395
0.139608
0.139826
0.138104
0.137785
0.13766
0.137785
0.138104
0.134268
0.133847
0.133714
0.133847
0.134268
0.127898
0.127372
0.127246
0.127372
0.127898
0.118305
0.11768
0.117601
0.11768
0.118305
0.103621
0.103054
0.103097
0.103054
0.103621
0.077288
0.0761546
0.0759043
0.0761547
0.077288
0.0131455
0.011921
0.0114511
0.011921
0.0131455
)
;

boundaryField
{
    empty
    {
        type            empty;
    }
    top
    {
        type            fixedValue;
        value           uniform 0;
    }
    fixedwall
    {
        type            nutkWallFunction;
        Cmu             0.09;
        kappa           0.41;
        E               9.8;
        value           nonuniform List<scalar> 
585
(
0.000603122
0.000666451
0.000640093
0.000666452
0.000603124
0.000740735
0.000742971
0.000719252
0.000742972
0.000740736
0.000787317
0.000779301
0.000755665
0.000779301
0.000787317
0.000809947
0.000800146
0.000777271
0.000800146
0.000809947
0.00082354
0.000813403
0.000791181
0.000813404
0.000823541
0.000832476
0.000822277
0.000800548
0.00082228
0.000832481
0.000838484
0.000828309
0.000806971
0.000828314
0.000838497
0.000842453
0.000832377
0.000811361
0.000832384
0.000842493
0.000844995
0.000835026
0.000814288
0.000835038
0.000845072
0.000846531
0.00083664
0.000816133
0.000836658
0.000846634
0.000847333
0.000837453
0.00081714
0.000837473
0.000847438
0.000847539
0.000837629
0.000817473
0.000837638
0.000847554
0.000847291
0.000837344
0.000817313
0.000837339
0.000847252
0.000846628
0.000836586
0.000816692
0.00083656
0.000846567
0.000845568
0.000835426
0.000815629
0.000835372
0.000845429
0.000844164
0.000833934
0.000814233
0.000833878
0.000844085
0.000842424
0.000832094
0.000812489
0.000832034
0.000842404
0.000840496
0.000829933
0.000810413
0.000829865
0.000840406
0.000838292
0.000827468
0.000808011
0.000827398
0.000838074
0.000835606
0.000824632
0.000805252
0.000824562
0.000835281
0.000832496
0.000821379
0.000802119
0.00082139
0.000832403
0.000828933
0.000817728
0.000798591
0.000817828
0.000829214
0.000825182
0.000813696
0.000794641
0.000813808
0.000825398
0.000821055
0.000809229
0.000790243
0.000809363
0.000821264
0.000816346
0.000804278
0.000785376
0.00080445
0.000816738
0.000811263
0.000798835
0.000780016
0.000799014
0.000811673
0.000805647
0.000792872
0.000774124
0.000793023
0.000806086
0.000799608
0.000786381
0.000767725
0.000786431
0.000799748
0.000792967
0.000779294
0.00076091
0.000779302
0.000792954
0.000785589
0.000771551
0.000753521
0.000771573
0.00078572
0.000777892
0.000763206
0.000745533
0.000763211
0.000777968
0.000769707
0.000754233
0.000736929
0.00075423
0.000769686
0.000760693
0.000744562
0.000727669
0.000744557
0.000760665
0.00075102
0.000734171
0.000717718
0.000734168
0.000751003
0.000740626
0.000723038
0.00070704
0.00072304
0.000740626
0.000729461
0.00071114
0.000695581
0.000711144
0.000729467
0.000717557
0.000698429
0.000683256
0.000698432
0.000717563
0.000704894
0.000684755
0.000669917
0.000684758
0.000704898
0.000691218
0.000669665
0.00065535
0.000669667
0.000691221
0.000598693
0.000662321
0.000635719
0.000662321
0.000598694
0.000738837
0.000741208
0.000717367
0.000741209
0.000738839
0.000786299
0.000778165
0.000754438
0.000778166
0.0007863
0.000809092
0.000799081
0.000776125
0.000799082
0.000809093
0.000822502
0.000812124
0.000789831
0.000812125
0.000822504
0.000831079
0.0008206
0.0007988
0.000820598
0.000831068
0.000836598
0.000826084
0.000804665
0.000826064
0.000836529
0.000839946
0.000829459
0.000808351
0.000829416
0.000839854
0.000841749
0.000831279
0.000810435
0.000831221
0.000841603
0.000842348
0.00083185
0.000811258
0.000831779
0.000842098
0.000842088
0.000831613
0.000811183
0.000831536
0.000841817
0.000841173
0.000830679
0.000810464
0.000830619
0.000841022
0.000839611
0.000829075
0.000809014
0.00082902
0.000839565
0.000837753
0.000827058
0.000807117
0.000826997
0.000837662
0.000835582
0.000824657
0.000804835
0.000824609
0.00083547
0.000832866
0.00082192
0.000802219
0.000821892
0.000832878
0.000830048
0.000818982
0.00079937
0.000818939
0.000830077
0.000827186
0.000815885
0.000796358
0.000815838
0.000827076
0.000824232
0.000812686
0.00079327
0.000812621
0.000823951
0.000821144
0.000809431
0.000790165
0.000809329
0.00082066
0.000818006
0.000806178
0.000787084
0.000806126
0.000817717
0.00081499
0.000803027
0.000784097
0.00080302
0.000814919
0.000812168
0.000800053
0.000781272
0.000800065
0.000812117
0.000809648
0.00079735
0.000778698
0.000797378
0.000809575
0.000807372
0.00079498
0.000776464
0.000795024
0.000807298
0.000805501
0.000793063
0.000774686
0.000793128
0.000805619
0.000804413
0.000791808
0.000773518
0.000791853
0.00080448
0.000804119
0.000791414
0.000773167
0.00079144
0.000804113
0.00080474
0.000792016
0.000773842
0.000792025
0.000804698
0.000806514
0.000793974
0.000775925
0.000793986
0.000806468
0.000810042
0.000797944
0.000780041
0.000797962
0.000810162
0.000816047
0.000804493
0.000786711
0.000804474
0.000816038
0.000824838
0.000814478
0.00079683
0.000814452
0.000824723
0.000837089
0.000829063
0.000811572
0.000829053
0.00083705
0.000859014
0.000850139
0.00083265
0.000850135
0.000859009
0.00089079
0.000880524
0.000862837
0.000880523
0.000890788
0.000937369
0.000924637
0.000906371
0.000924636
0.000937368
0.00102137
0.000994012
0.000972237
0.000994011
0.00102137
0.00126459
0.00116985
0.00113618
0.00116985
0.00126459
0.000638094
0.000614327
0.000598649
0.000614327
0.000638095
0.000650478
0.000627295
0.000612685
0.000627296
0.000650479
0.000663418
0.000640779
0.000626727
0.00064078
0.000663419
0.000676859
0.000654655
0.000640701
0.000654656
0.000676862
0.000817766
0.000721726
0.000692451
0.000721726
0.000817766
0.000818529
0.000712463
0.000682825
0.000712464
0.000818529
0.000723883
0.000638214
0.000613662
0.000638214
0.000723883
0.000721655
0.000632712
0.000608017
0.000632712
0.000721655
0.000670924
0.000589609
0.000567497
0.000589609
0.000670924
0.000664507
0.000583267
0.000561475
0.000583267
0.000664507
0.000606791
0.000525315
0.000504137
0.000525315
0.000606791
0.000599181
0.000518759
0.000498042
0.000518759
0.000599181
0.000345306
0.000345306
0.000328508
0.000328508
0.00031369
0.00031369
0.000328508
0.000328508
0.000345306
0.000345306
0.000810878
0.000804176
0.000768879
0.000804177
0.000810878
0.000939086
0.00093341
0.00090096
0.00093341
0.000939086
0.00101898
0.00101197
0.000982272
0.00101197
0.00101898
0.00107241
0.00106589
0.00103859
0.00106589
0.00107242
0.00111279
0.00110656
0.00108102
0.00110657
0.00111279
0.00114562
0.00113928
0.00111492
0.00113928
0.00114562
0.00117346
0.00116665
0.00114303
0.00116665
0.00117346
0.00119757
0.00118995
0.00116674
0.00118995
0.00119757
0.00121841
0.00120967
0.00118662
0.00120967
0.00121841
0.00123585
0.00122574
0.00120264
0.00122575
0.00123585
0.00124905
0.00123749
0.00121415
0.00123749
0.00124905
0.0012567
0.00124283
0.00121904
0.00124284
0.0012567
0.00125917
0.00123962
0.00121533
0.00123962
0.00125917
0.00125375
0.00122501
0.00120127
0.00122501
0.00125375
0.00123484
0.0011977
0.0011749
0.0011977
0.00123484
0.00118717
0.00114593
0.00112125
0.00114593
0.00118717
0.00106713
0.00102785
0.00100069
0.00102785
0.00106713
0.000466054
0.000466054
0.000442949
0.000442949
0.000427038
0.000427038
0.000442949
0.000442949
0.000466055
0.000466055
0.000548914
0.000538938
0.000506111
0.000538939
0.000548914
0.000759603
0.000750775
0.000714463
0.000750775
0.000759603
0.000606482
0.000584081
0.000561452
0.000584082
0.000606483
0.000969125
0.000930416
0.000893999
0.000930417
0.000969125
0.000625591
0.000601414
0.00058362
0.000601415
0.000625591
0.00125945
0.00115217
0.00111076
0.00115217
0.00125945
)
;
    }
    outlet
    {
        type            zeroGradient;
    }
}


// ************************************************************************* //
