/*--------------------------------*- C++ -*----------------------------------*\
  =========                 |
  \\      /  F ield         | OpenFOAM: The Open Source CFD Toolbox
   \\    /   O peration     | Website:  https://openfoam.org
    \\  /    A nd           | Version:  9
     \\/     M anipulation  |
\*---------------------------------------------------------------------------*/
FoamFile
{
    format      ascii;
    class       volScalarField;
    location    "3";
    object      nut;
}
// * * * * * * * * * * * * * * * * * * * * * * * * * * * * * * * * * * * * * //

dimensions      [0 2 -1 0 0 0 0];

internalField   nonuniform List<scalar> 
4545
(
0.00579553
0.00647932
0.00619263
0.00647931
0.00579551
0.0072864
0.0073125
0.00705216
0.0073125
0.0072864
0.00780101
0.00771335
0.0074528
0.00771336
0.00780102
0.00805284
0.00794468
0.00769196
0.0079447
0.00805286
0.00820468
0.00809238
0.00784656
0.00809241
0.0082047
0.00830475
0.00819171
0.00795109
0.00819172
0.00830407
0.00837284
0.00825949
0.00802309
0.00825937
0.00837198
0.00841614
0.00830551
0.00807257
0.00830535
0.00841825
0.00844367
0.00833613
0.00810589
0.00833557
0.0084478
0.00846565
0.00835481
0.00812705
0.00835409
0.00846738
0.00847548
0.00836425
0.00813878
0.00836369
0.00847471
0.00847746
0.00836687
0.00814317
0.00836677
0.00847839
0.00847534
0.00836411
0.00814213
0.00836482
0.00847691
0.00846887
0.00835586
0.00813605
0.00835734
0.00847086
0.0084615
0.00834396
0.0081248
0.00834452
0.00845945
0.00844736
0.0083283
0.00810967
0.00832741
0.00844328
0.00842866
0.00830799
0.00809043
0.00830642
0.00842657
0.00840239
0.00828349
0.00806733
0.00828214
0.00839968
0.00837114
0.00825495
0.00804051
0.00825478
0.00837403
0.00834474
0.00822361
0.00800993
0.00822386
0.00834959
0.00831173
0.00818814
0.00797526
0.00818832
0.00831231
0.00827338
0.00814763
0.00793641
0.00814871
0.00827487
0.00823089
0.00810294
0.00789308
0.00810454
0.00823379
0.00818097
0.00805439
0.00784491
0.00805481
0.00818676
0.00813469
0.00800062
0.00779167
0.00799991
0.00813405
0.0080836
0.00794109
0.00773318
0.00794061
0.008078
0.00802209
0.00787552
0.00766869
0.00787572
0.00801726
0.00795453
0.00780387
0.00759949
0.00780384
0.00794944
0.00788083
0.00772588
0.00752515
0.00772617
0.0078761
0.00780127
0.0076416
0.00744472
0.00764224
0.00779308
0.00771554
0.00755056
0.00735788
0.0075511
0.00771134
0.00762124
0.00745229
0.00726442
0.00745325
0.00762088
0.00752245
0.00734746
0.00716417
0.00734838
0.00752259
0.00741868
0.00723535
0.00705674
0.00723588
0.0074199
0.00730635
0.00711558
0.00694174
0.00711569
0.00730691
0.00718634
0.00698765
0.00681861
0.00698764
0.00718634
0.00705819
0.00685122
0.00668648
0.0068512
0.00705815
0.0069221
0.00670478
0.00654381
0.00670476
0.00692207
0.00677545
0.00654369
0.00638847
0.00654367
0.00677543
0.0525203
0.0550574
0.0543166
0.055057
0.0525195
0.0586124
0.0603628
0.0598107
0.0603624
0.0586118
0.061663
0.0635547
0.0630985
0.0635544
0.0616625
0.0637119
0.0657027
0.0653173
0.0657024
0.0637115
0.0652319
0.0672482
0.0668971
0.0672476
0.065231
0.0663704
0.068387
0.0680531
0.068385
0.0663649
0.0672224
0.0692315
0.0689078
0.0692276
0.0672147
0.0678523
0.0698555
0.0695394
0.0698508
0.0678505
0.0683148
0.0703114
0.0700003
0.0703048
0.0683156
0.0686574
0.0706332
0.0703263
0.070626
0.0686524
0.0688761
0.0708378
0.0705418
0.070833
0.0688691
0.0690161
0.0709652
0.070667
0.0709642
0.0690146
0.0690989
0.071028
0.0707388
0.0710283
0.0690913
0.0691095
0.0710168
0.0707306
0.071019
0.0691004
0.0690665
0.070955
0.0706709
0.0709568
0.0690614
0.0689637
0.070842
0.070561
0.0708442
0.0689736
0.0688256
0.070682
0.0704035
0.0706845
0.0688468
0.0686416
0.0704779
0.0702
0.0704789
0.0686546
0.0684104
0.0702286
0.0699518
0.0702302
0.0684252
0.0681495
0.0699368
0.0696584
0.0699362
0.0681594
0.0678284
0.0695948
0.0693167
0.0695925
0.0678242
0.0674439
0.0691986
0.0689264
0.0692001
0.0674402
0.0670018
0.0687518
0.0684859
0.0687564
0.0670018
0.0664933
0.0682539
0.0679924
0.0682566
0.0665036
0.0659372
0.0676983
0.0674422
0.0676986
0.0659409
0.0653149
0.06708
0.0668318
0.0670814
0.0653102
0.0646126
0.0663967
0.0661546
0.0663999
0.0646062
0.0638432
0.0656458
0.0653878
0.0656457
0.0638287
0.0629991
0.064822
0.0645269
0.0648185
0.0629738
0.0620726
0.0639261
0.0635894
0.0639223
0.0620364
0.0610713
0.0629589
0.0625802
0.0629561
0.0610442
0.059991
0.0619175
0.0614971
0.0619181
0.0599748
0.0588316
0.0608024
0.0603384
0.0608066
0.0588291
0.0576048
0.0596133
0.0591024
0.0596178
0.0576117
0.0563077
0.0583479
0.0577866
0.0583503
0.0563132
0.0549429
0.0570024
0.056388
0.0570032
0.0549447
0.0535105
0.0555703
0.0548991
0.0555702
0.0535106
0.052015
0.0540368
0.0533066
0.0540363
0.0520145
0.0504544
0.0523708
0.0515944
0.0523703
0.0504538
0.0880826
0.0896324
0.0892069
0.0896316
0.0880812
0.0981645
0.0988325
0.0985714
0.0988318
0.0981634
0.104208
0.104893
0.104697
0.104892
0.104207
0.108424
0.109175
0.109037
0.109175
0.108423
0.111557
0.112352
0.112251
0.112351
0.111556
0.113944
0.114762
0.114685
0.11476
0.11394
0.115775
0.116607
0.116548
0.116604
0.11577
0.11718
0.11802
0.117973
0.118016
0.117174
0.118249
0.119094
0.119056
0.119089
0.118243
0.11903
0.11988
0.119858
0.119876
0.119025
0.119596
0.120445
0.120426
0.120442
0.119593
0.119997
0.120846
0.120833
0.120844
0.119994
0.120246
0.121093
0.12109
0.121091
0.120237
0.120353
0.121196
0.121198
0.121194
0.120343
0.120337
0.121182
0.12119
0.121184
0.120338
0.120217
0.121063
0.121078
0.121069
0.120233
0.120011
0.12085
0.12087
0.120858
0.120033
0.119719
0.120548
0.120568
0.120554
0.119736
0.119339
0.120156
0.120177
0.12016
0.119346
0.118866
0.119674
0.119696
0.119674
0.118866
0.118298
0.1191
0.119123
0.119099
0.118295
0.117635
0.11843
0.118457
0.118429
0.117629
0.116872
0.117664
0.117694
0.117664
0.116866
0.116002
0.116797
0.116832
0.116799
0.116003
0.115024
0.115824
0.115865
0.115828
0.115033
0.113936
0.114742
0.114788
0.114746
0.113945
0.112732
0.113545
0.113595
0.113549
0.112738
0.111411
0.112229
0.112281
0.112231
0.111412
0.109963
0.110789
0.110838
0.110787
0.109957
0.108381
0.109218
0.109263
0.109215
0.108371
0.106665
0.107512
0.107553
0.107509
0.106654
0.104808
0.105666
0.105703
0.105664
0.104798
0.102802
0.103674
0.103705
0.103673
0.102797
0.100646
0.101527
0.101552
0.101528
0.100645
0.098333
0.0992185
0.0992336
0.0992191
0.0983336
0.0958545
0.0967357
0.0967373
0.0967356
0.0958546
0.0931947
0.0940603
0.0940444
0.0940597
0.0931939
0.0903325
0.0911651
0.0911279
0.0911642
0.0903312
0.0872304
0.0880107
0.0879582
0.0880096
0.0872289
0.115241
0.11628
0.115835
0.11628
0.11524
0.127565
0.127636
0.127289
0.127635
0.127564
0.135791
0.135781
0.135457
0.135781
0.13579
0.141764
0.141771
0.141482
0.141771
0.141764
0.146279
0.14631
0.146048
0.14631
0.146279
0.149762
0.149809
0.149568
0.149808
0.14976
0.15247
0.152528
0.152302
0.152526
0.152467
0.154576
0.15464
0.154427
0.154638
0.154572
0.156199
0.156271
0.156067
0.156268
0.156195
0.157412
0.157486
0.157295
0.157483
0.157409
0.158326
0.158401
0.158214
0.158399
0.158323
0.158991
0.159066
0.158884
0.159065
0.158989
0.159429
0.159505
0.159333
0.159504
0.159427
0.159666
0.15974
0.159572
0.159739
0.159663
0.159732
0.159805
0.159643
0.159807
0.159734
0.159648
0.15972
0.159563
0.159724
0.159655
0.15943
0.159498
0.159345
0.159503
0.159439
0.159084
0.159148
0.158998
0.159152
0.159092
0.158615
0.158673
0.158525
0.158676
0.158619
0.158022
0.158076
0.157931
0.158077
0.158024
0.157306
0.157357
0.157214
0.157357
0.157306
0.156464
0.156513
0.156374
0.156514
0.156464
0.155495
0.155543
0.155407
0.155544
0.155495
0.154392
0.154442
0.15431
0.154444
0.154395
0.153153
0.153205
0.153077
0.153208
0.153157
0.15177
0.151826
0.151702
0.151829
0.151775
0.150238
0.150299
0.150179
0.150301
0.150242
0.14855
0.148616
0.148498
0.148617
0.148552
0.146697
0.146768
0.146653
0.146768
0.146696
0.144669
0.144746
0.144633
0.144745
0.144666
0.142455
0.14254
0.142427
0.142538
0.142451
0.140044
0.140135
0.140024
0.140134
0.14004
0.137422
0.13752
0.137408
0.137519
0.137419
0.134572
0.134675
0.134562
0.134675
0.13457
0.131475
0.131582
0.131465
0.131581
0.131474
0.128106
0.128213
0.128091
0.128212
0.128105
0.124432
0.124535
0.124405
0.124533
0.12443
0.120406
0.120497
0.120368
0.120495
0.120404
0.115959
0.116032
0.115913
0.116031
0.115957
0.13667
0.137455
0.13699
0.137454
0.13667
0.150254
0.15004
0.149625
0.15004
0.150255
0.159924
0.159593
0.159175
0.159593
0.159925
0.167193
0.166853
0.166457
0.166854
0.167194
0.17279
0.172462
0.172086
0.172462
0.172791
0.17716
0.176841
0.176483
0.176841
0.17716
0.18059
0.180278
0.179933
0.180278
0.180589
0.183281
0.182973
0.182638
0.182973
0.18328
0.185368
0.185068
0.184744
0.185067
0.185367
0.186959
0.186657
0.186339
0.186656
0.186958
0.188169
0.187868
0.187558
0.187868
0.188169
0.189064
0.188762
0.188456
0.188762
0.189064
0.189675
0.189374
0.189075
0.189374
0.189675
0.190034
0.189731
0.189437
0.189731
0.190035
0.190182
0.189877
0.189587
0.189878
0.190184
0.190143
0.189835
0.18955
0.189837
0.190146
0.189935
0.189625
0.189343
0.189627
0.189939
0.189571
0.189257
0.188978
0.189259
0.189574
0.189057
0.18874
0.188465
0.188742
0.18906
0.188398
0.188079
0.187806
0.18808
0.1884
0.187597
0.187275
0.187006
0.187276
0.187598
0.186652
0.186329
0.186063
0.18633
0.186653
0.185561
0.185238
0.184975
0.185239
0.185562
0.184319
0.183997
0.183739
0.183999
0.184321
0.182922
0.182602
0.182347
0.182604
0.182924
0.181362
0.181045
0.180793
0.181046
0.181364
0.179629
0.179315
0.179067
0.179316
0.17963
0.177713
0.177404
0.177158
0.177404
0.177713
0.175602
0.175297
0.175054
0.175296
0.175601
0.173279
0.172979
0.172738
0.172978
0.173277
0.170729
0.170434
0.170195
0.170433
0.170726
0.16793
0.16764
0.167402
0.167639
0.167928
0.16486
0.164575
0.164337
0.164573
0.164857
0.161489
0.161209
0.160973
0.161208
0.161487
0.157784
0.15751
0.157278
0.157509
0.157782
0.153704
0.153437
0.15321
0.153435
0.153702
0.149197
0.148937
0.148714
0.148935
0.149195
0.144201
0.143949
0.143722
0.143948
0.144199
0.13863
0.138379
0.138152
0.138378
0.138627
0.153433
0.154083
0.153619
0.154084
0.153434
0.167759
0.16741
0.166964
0.167411
0.167761
0.178372
0.177895
0.177435
0.177896
0.178374
0.186557
0.186063
0.185617
0.186064
0.18656
0.192962
0.192473
0.192044
0.192474
0.192965
0.198015
0.197532
0.197118
0.197533
0.198017
0.202011
0.201533
0.201131
0.201534
0.202013
0.205166
0.204691
0.204298
0.204691
0.205168
0.207624
0.207155
0.206776
0.207156
0.207625
0.209519
0.209047
0.20867
0.209048
0.209521
0.210969
0.210499
0.21013
0.210499
0.210971
0.212051
0.211579
0.211213
0.21158
0.212053
0.212805
0.212333
0.211974
0.212333
0.212806
0.213267
0.212793
0.212438
0.212793
0.213268
0.213486
0.21301
0.212659
0.213011
0.213488
0.213491
0.213012
0.212666
0.213014
0.213493
0.213304
0.212822
0.212479
0.212824
0.213306
0.21294
0.212456
0.212116
0.212457
0.212943
0.212412
0.211925
0.211588
0.211926
0.212413
0.211725
0.211236
0.210902
0.211237
0.211726
0.210884
0.210393
0.210062
0.210394
0.210885
0.209889
0.209398
0.20907
0.209398
0.209891
0.20874
0.208248
0.207924
0.208249
0.208741
0.207432
0.20694
0.206619
0.206941
0.207433
0.205958
0.205467
0.205149
0.205468
0.205959
0.204308
0.203819
0.203505
0.20382
0.204309
0.202472
0.201985
0.201674
0.201985
0.202472
0.200435
0.19995
0.199641
0.19995
0.200434
0.198178
0.197696
0.19739
0.197696
0.198177
0.195681
0.195202
0.194898
0.195202
0.19568
0.19292
0.192444
0.192142
0.192443
0.192918
0.189865
0.189393
0.189096
0.189392
0.189863
0.186485
0.186018
0.185726
0.186017
0.186482
0.182741
0.182283
0.181992
0.182281
0.182738
0.178594
0.17814
0.177845
0.178139
0.178591
0.173983
0.173532
0.173232
0.17353
0.17398
0.168837
0.168386
0.168083
0.168385
0.168834
0.163067
0.162614
0.162315
0.162612
0.163064
0.156559
0.156109
0.155826
0.156107
0.156556
0.166072
0.166647
0.166191
0.166648
0.166074
0.180848
0.180433
0.179977
0.180435
0.180851
0.192071
0.191526
0.191051
0.191528
0.192075
0.200883
0.200317
0.199853
0.200319
0.200887
0.207863
0.207299
0.206851
0.207301
0.207867
0.213413
0.212855
0.21242
0.212857
0.213417
0.217829
0.217275
0.216851
0.217277
0.217833
0.221332
0.22078
0.220364
0.220781
0.221335
0.224068
0.223523
0.223121
0.223524
0.224071
0.226194
0.225645
0.225244
0.225646
0.226197
0.227825
0.227277
0.226884
0.227278
0.227828
0.229049
0.228499
0.228109
0.2285
0.229051
0.22991
0.229361
0.228978
0.229362
0.229913
0.230453
0.229901
0.229522
0.229902
0.230455
0.230729
0.230175
0.2298
0.230177
0.230731
0.230773
0.230217
0.229845
0.230218
0.230775
0.23061
0.230052
0.229683
0.230053
0.230612
0.230259
0.229698
0.229333
0.229699
0.230261
0.229735
0.229172
0.22881
0.229173
0.229737
0.229047
0.228482
0.228123
0.228483
0.229048
0.228201
0.227634
0.227278
0.227635
0.228203
0.2272
0.226632
0.226279
0.226632
0.227201
0.226043
0.225473
0.225123
0.225474
0.226043
0.224724
0.224154
0.223807
0.224155
0.224725
0.223237
0.222667
0.222323
0.222668
0.223238
0.221571
0.221001
0.22066
0.221002
0.221571
0.219711
0.219142
0.218803
0.219142
0.219711
0.217639
0.21707
0.216733
0.217069
0.217638
0.215331
0.214763
0.214429
0.214762
0.21533
0.212762
0.212194
0.211864
0.212194
0.212761
0.209902
0.209336
0.209007
0.209335
0.2099
0.206716
0.20615
0.20582
0.206149
0.206714
0.203159
0.20259
0.202259
0.202589
0.203157
0.199178
0.198606
0.198276
0.198605
0.199175
0.19471
0.194141
0.193812
0.194139
0.194707
0.189691
0.189127
0.188801
0.189125
0.189688
0.184041
0.183487
0.183164
0.183485
0.184038
0.177668
0.177121
0.176805
0.17712
0.177664
0.170449
0.169912
0.169611
0.16991
0.170445
0.1749
0.175432
0.174985
0.175434
0.174903
0.189946
0.189498
0.189039
0.1895
0.18995
0.201548
0.20097
0.200491
0.200973
0.201553
0.210763
0.210163
0.209694
0.210166
0.210768
0.218121
0.217524
0.217068
0.217526
0.218126
0.224007
0.223414
0.222972
0.223417
0.224012
0.228708
0.228119
0.227688
0.228121
0.228713
0.232447
0.23186
0.231437
0.231862
0.232452
0.235374
0.234793
0.234383
0.234795
0.235378
0.237657
0.237072
0.236663
0.237074
0.23766
0.23941
0.238827
0.238426
0.238829
0.239414
0.240731
0.240146
0.239748
0.240148
0.240734
0.241665
0.24108
0.240689
0.241082
0.241668
0.242262
0.241676
0.241288
0.241677
0.242264
0.242579
0.241992
0.241608
0.241993
0.242582
0.242653
0.242064
0.241683
0.242065
0.242656
0.242514
0.241922
0.241545
0.241923
0.242516
0.242182
0.241588
0.241214
0.241589
0.242184
0.241676
0.24108
0.240709
0.241081
0.241678
0.241007
0.240409
0.240041
0.24041
0.241008
0.240183
0.239583
0.239218
0.239584
0.240184
0.239208
0.238606
0.238244
0.238607
0.239209
0.238082
0.237478
0.237118
0.237479
0.238083
0.2368
0.236195
0.235837
0.236195
0.236801
0.235355
0.234748
0.234393
0.234748
0.235355
0.233733
0.233124
0.232772
0.233124
0.233733
0.231918
0.231307
0.230957
0.231307
0.231917
0.229886
0.229274
0.228926
0.229274
0.229886
0.227613
0.226999
0.226653
0.226998
0.227612
0.225066
0.224448
0.224102
0.224448
0.225065
0.222205
0.221582
0.221238
0.221581
0.222204
0.218983
0.218357
0.218014
0.218356
0.218981
0.21535
0.214721
0.214379
0.21472
0.215348
0.211248
0.210617
0.210276
0.210616
0.211245
0.206607
0.205977
0.205638
0.205976
0.206605
0.201351
0.200724
0.200386
0.200722
0.201348
0.195388
0.194767
0.194433
0.194766
0.195385
0.188617
0.188003
0.187676
0.188001
0.188614
0.180908
0.180303
0.179992
0.180302
0.180905
0.180103
0.180612
0.18017
0.180614
0.180107
0.195294
0.194829
0.194371
0.194832
0.195299
0.207102
0.206509
0.206029
0.206511
0.207107
0.216539
0.215924
0.215453
0.215927
0.216545
0.224109
0.223496
0.223039
0.223499
0.224115
0.230184
0.229574
0.22913
0.229577
0.230189
0.235044
0.234439
0.234005
0.234441
0.23505
0.238915
0.238312
0.237886
0.238314
0.23892
0.241944
0.241348
0.240935
0.24135
0.241949
0.244313
0.243712
0.243301
0.243715
0.244317
0.246131
0.245532
0.245128
0.245534
0.246135
0.247503
0.246903
0.246502
0.246905
0.247507
0.248471
0.247872
0.247479
0.247874
0.248474
0.249096
0.248496
0.248106
0.248498
0.249099
0.249435
0.248834
0.248447
0.248836
0.249438
0.249528
0.248926
0.248543
0.248927
0.249531
0.249408
0.248803
0.248423
0.248804
0.24941
0.249098
0.248491
0.248115
0.248493
0.2491
0.248618
0.24801
0.247636
0.248011
0.24862
0.247984
0.247373
0.247002
0.247374
0.247985
0.247204
0.246591
0.246223
0.246592
0.247205
0.246283
0.245668
0.245302
0.245669
0.246284
0.245222
0.244605
0.244241
0.244605
0.245223
0.244017
0.243397
0.243036
0.243397
0.244017
0.242659
0.242036
0.241677
0.242036
0.242659
0.241134
0.240507
0.240151
0.240508
0.241134
0.239423
0.238793
0.238439
0.238793
0.239423
0.237502
0.236867
0.236514
0.236867
0.237502
0.235339
0.234698
0.234346
0.234697
0.235338
0.232894
0.232247
0.231897
0.232247
0.232893
0.230125
0.229471
0.229121
0.229471
0.230124
0.226978
0.226318
0.225968
0.226317
0.226977
0.223395
0.222728
0.222379
0.222727
0.223394
0.219308
0.218635
0.218287
0.218634
0.219307
0.214641
0.213964
0.213618
0.213963
0.214639
0.209308
0.20863
0.208285
0.208629
0.209305
0.20321
0.202535
0.202194
0.202534
0.203207
0.196238
0.195568
0.195234
0.195567
0.196235
0.188259
0.187596
0.187278
0.187595
0.188256
0.181784
0.182285
0.181845
0.182287
0.181787
0.19702
0.196551
0.196092
0.196553
0.197025
0.208891
0.208294
0.207814
0.208296
0.208896
0.218395
0.217776
0.217305
0.217779
0.2184
0.226027
0.225409
0.224952
0.225412
0.226033
0.232153
0.23154
0.231096
0.231543
0.232159
0.237056
0.236447
0.236013
0.23645
0.237062
0.240959
0.240352
0.239927
0.240355
0.240964
0.244007
0.243407
0.242995
0.24341
0.244011
0.246392
0.245789
0.245378
0.245792
0.246396
0.248218
0.247618
0.247214
0.24762
0.248222
0.249598
0.248997
0.248596
0.248999
0.249602
0.250565
0.249966
0.249572
0.249968
0.250568
0.251191
0.250591
0.250201
0.250593
0.251194
0.251532
0.250932
0.250545
0.250933
0.251535
0.251632
0.25103
0.250647
0.251032
0.251634
0.251523
0.25092
0.250541
0.250922
0.251525
0.251233
0.250629
0.250252
0.25063
0.251235
0.250784
0.250178
0.249805
0.250179
0.250786
0.250192
0.249584
0.249213
0.249585
0.250194
0.249469
0.248858
0.24849
0.248859
0.24947
0.248621
0.248007
0.247642
0.248008
0.248622
0.24765
0.247033
0.24667
0.247034
0.247651
0.246552
0.245932
0.245571
0.245933
0.246553
0.24532
0.244695
0.244336
0.244695
0.245321
0.243937
0.243308
0.242951
0.243308
0.243938
0.242386
0.241749
0.241394
0.24175
0.242386
0.240637
0.239993
0.239639
0.239993
0.240637
0.238656
0.238004
0.23765
0.238004
0.238656
0.2364
0.235739
0.235386
0.235739
0.2364
0.23382
0.233148
0.232795
0.233148
0.23382
0.230858
0.230175
0.229822
0.230174
0.230858
0.227447
0.226752
0.226399
0.226752
0.227446
0.223512
0.222807
0.222454
0.222806
0.223511
0.218969
0.218255
0.217903
0.218255
0.218968
0.213726
0.213006
0.212656
0.213005
0.213724
0.207677
0.206956
0.206609
0.206955
0.207675
0.200708
0.199987
0.199647
0.199986
0.200705
0.192681
0.191963
0.191639
0.191962
0.192678
0.179975
0.180484
0.180042
0.180485
0.179978
0.195167
0.194703
0.194244
0.194705
0.195171
0.206968
0.206375
0.205895
0.206378
0.206973
0.216391
0.215777
0.215306
0.21578
0.216396
0.223941
0.223329
0.222872
0.223332
0.223946
0.229989
0.229382
0.228938
0.229385
0.229994
0.234819
0.234216
0.233783
0.234219
0.234824
0.238655
0.238055
0.23763
0.238058
0.23866
0.241639
0.241048
0.240636
0.24105
0.241644
0.243973
0.243378
0.242968
0.243381
0.243977
0.245751
0.24516
0.244757
0.245162
0.245755
0.247093
0.246502
0.246102
0.246503
0.247096
0.248022
0.247433
0.247041
0.247434
0.248024
0.24862
0.248032
0.247643
0.248033
0.248623
0.248943
0.248355
0.24797
0.248356
0.248946
0.249034
0.248445
0.248064
0.248446
0.249036
0.248928
0.248338
0.24796
0.248339
0.24893
0.248653
0.248062
0.247688
0.248063
0.248655
0.248234
0.247642
0.24727
0.247643
0.248236
0.247689
0.247094
0.246726
0.247095
0.24769
0.247031
0.246434
0.246068
0.246435
0.247032
0.246269
0.245669
0.245306
0.24567
0.24627
0.245407
0.244803
0.244442
0.244804
0.245408
0.244443
0.243834
0.243476
0.243835
0.244444
0.243369
0.242755
0.242398
0.242755
0.24337
0.242171
0.241549
0.241194
0.24155
0.242172
0.240826
0.240196
0.239842
0.240196
0.240827
0.239305
0.238666
0.238312
0.238666
0.239306
0.237573
0.236921
0.236568
0.236922
0.237573
0.235586
0.234921
0.234568
0.234922
0.235587
0.233291
0.232611
0.232257
0.232611
0.233291
0.230624
0.229928
0.229573
0.229928
0.230625
0.227512
0.2268
0.226444
0.226799
0.227511
0.223869
0.223141
0.222786
0.223141
0.223868
0.219609
0.218867
0.218512
0.218867
0.219608
0.214631
0.213878
0.213523
0.213877
0.21463
0.208824
0.208063
0.207712
0.208063
0.208823
0.202069
0.201302
0.200958
0.201301
0.202067
0.194225
0.193453
0.193123
0.193452
0.194223
0.174649
0.17518
0.174733
0.175182
0.174652
0.1897
0.189252
0.188793
0.189253
0.189703
0.201289
0.200712
0.200233
0.200714
0.201293
0.210477
0.209879
0.209409
0.209881
0.210481
0.217796
0.2172
0.216745
0.217202
0.2178
0.223631
0.223041
0.222599
0.223043
0.223635
0.228271
0.227686
0.227256
0.227688
0.228275
0.231942
0.231361
0.230939
0.231363
0.231946
0.23478
0.234208
0.2338
0.23421
0.234784
0.236994
0.236419
0.236012
0.236421
0.236997
0.238669
0.238098
0.237699
0.2381
0.238672
0.239927
0.239358
0.238962
0.239359
0.23993
0.240782
0.240215
0.239827
0.240217
0.240784
0.241325
0.240759
0.240375
0.24076
0.241327
0.241607
0.241042
0.240662
0.241043
0.241609
0.241672
0.241108
0.240731
0.241108
0.241673
0.241556
0.240991
0.240619
0.240992
0.241557
0.241288
0.240724
0.240355
0.240725
0.24129
0.240895
0.24033
0.239964
0.240331
0.240896
0.240396
0.239829
0.239466
0.23983
0.240397
0.239807
0.239238
0.238877
0.239238
0.239808
0.239138
0.238566
0.238208
0.238567
0.23914
0.238397
0.23782
0.237464
0.237821
0.238398
0.237583
0.237001
0.236647
0.237002
0.237584
0.236692
0.236103
0.235751
0.236103
0.236693
0.235711
0.235114
0.234763
0.235114
0.235712
0.234621
0.234013
0.233664
0.234014
0.234622
0.233392
0.232772
0.232423
0.232773
0.233393
0.231985
0.231351
0.231002
0.231352
0.231986
0.230349
0.229699
0.22935
0.229699
0.230351
0.228426
0.227758
0.227408
0.227759
0.228427
0.226158
0.22546
0.225109
0.225461
0.226158
0.223452
0.222739
0.222384
0.222739
0.223452
0.220244
0.219506
0.21915
0.219506
0.220244
0.216434
0.215673
0.215317
0.215673
0.216434
0.211906
0.211129
0.210774
0.211128
0.211905
0.206546
0.205754
0.205402
0.205754
0.206545
0.200227
0.199423
0.199077
0.199422
0.200225
0.192803
0.191987
0.191655
0.191987
0.192802
0.165712
0.166286
0.165829
0.166287
0.165713
0.180499
0.180084
0.179627
0.180085
0.180502
0.191706
0.191162
0.190687
0.191163
0.191709
0.20048
0.199916
0.199452
0.199918
0.200483
0.207403
0.206843
0.206395
0.206845
0.207406
0.212881
0.212328
0.211894
0.21233
0.212884
0.217211
0.216663
0.216241
0.216665
0.217213
0.220616
0.220073
0.219659
0.220074
0.220618
0.223225
0.222692
0.222293
0.222694
0.223227
0.225248
0.224715
0.224317
0.224716
0.22525
0.22677
0.226238
0.225847
0.226239
0.226771
0.227894
0.227368
0.226983
0.227369
0.227896
0.228642
0.228118
0.22774
0.228119
0.228643
0.229101
0.22858
0.228205
0.22858
0.229102
0.229321
0.228801
0.228431
0.228801
0.229322
0.229343
0.228825
0.228459
0.228825
0.229344
0.229205
0.228687
0.228325
0.228688
0.229205
0.228935
0.228418
0.22806
0.228419
0.228936
0.228561
0.228044
0.227689
0.228044
0.228562
0.228104
0.227585
0.227233
0.227585
0.228105
0.22758
0.227059
0.226711
0.22706
0.227581
0.227004
0.226481
0.226134
0.226481
0.227006
0.226385
0.225857
0.225513
0.225858
0.226387
0.225727
0.225193
0.224851
0.225194
0.225728
0.225028
0.224486
0.224146
0.224486
0.225029
0.224279
0.223727
0.223388
0.223728
0.22428
0.223464
0.222901
0.222562
0.222901
0.223465
0.222558
0.22198
0.221642
0.221981
0.222559
0.221525
0.220931
0.220592
0.220932
0.221526
0.220323
0.219706
0.219366
0.219707
0.220325
0.2189
0.218257
0.217913
0.218257
0.218901
0.217155
0.216491
0.216148
0.216492
0.217156
0.215015
0.214324
0.213979
0.214324
0.215015
0.212378
0.211659
0.211314
0.21166
0.212379
0.209156
0.208408
0.208062
0.208408
0.209156
0.205267
0.204482
0.204132
0.204482
0.205267
0.200573
0.199767
0.199419
0.199767
0.200573
0.194933
0.194107
0.193767
0.194106
0.194932
0.188197
0.187348
0.187022
0.187348
0.188196
0.152985
0.153634
0.153168
0.153634
0.152985
0.167334
0.166984
0.166537
0.166984
0.167334
0.17793
0.177453
0.176993
0.177454
0.177931
0.186069
0.185577
0.185131
0.185577
0.18607
0.192405
0.191919
0.191491
0.19192
0.192406
0.197367
0.196891
0.196478
0.196891
0.197369
0.201256
0.200787
0.200387
0.200787
0.201257
0.204289
0.203826
0.203435
0.203826
0.20429
0.206587
0.206136
0.20576
0.206136
0.206588
0.208352
0.2079
0.207527
0.207901
0.208353
0.209667
0.209218
0.20885
0.209218
0.209668
0.210612
0.210171
0.209812
0.210171
0.210613
0.211221
0.210783
0.210429
0.210783
0.211222
0.211571
0.211135
0.210787
0.211135
0.211571
0.211708
0.211275
0.210931
0.211275
0.211708
0.211673
0.211242
0.210903
0.211242
0.211672
0.211499
0.21107
0.210736
0.211071
0.211499
0.211217
0.21079
0.210459
0.21079
0.211218
0.210853
0.210426
0.210099
0.210427
0.210854
0.210429
0.210001
0.209678
0.210002
0.21043
0.209963
0.209534
0.209214
0.209535
0.209964
0.209472
0.209041
0.208723
0.209041
0.209473
0.208968
0.208532
0.208216
0.208533
0.208969
0.208459
0.208017
0.207703
0.208018
0.20846
0.207948
0.207497
0.207185
0.207498
0.207949
0.207433
0.206971
0.206659
0.206972
0.207434
0.206902
0.206427
0.206115
0.206428
0.206904
0.206338
0.205847
0.205534
0.205847
0.206339
0.20571
0.205199
0.204885
0.205199
0.205711
0.205
0.204454
0.204136
0.204454
0.205001
0.204113
0.203552
0.203233
0.203553
0.204114
0.202988
0.202388
0.202066
0.202388
0.202989
0.201553
0.200917
0.200591
0.200917
0.201554
0.199698
0.199025
0.198697
0.199025
0.199699
0.197302
0.196594
0.196267
0.196594
0.197303
0.194237
0.193496
0.193172
0.193496
0.194238
0.190418
0.189623
0.189304
0.189623
0.190418
0.185718
0.184913
0.184603
0.184913
0.185718
0.179979
0.179139
0.178838
0.179138
0.179978
0.136168
0.13695
0.136484
0.13695
0.136167
0.14979
0.149574
0.149158
0.149574
0.149789
0.159446
0.159114
0.158696
0.159114
0.159445
0.166664
0.166327
0.16593
0.166326
0.166664
0.172185
0.17186
0.171485
0.17186
0.172185
0.176454
0.176143
0.175785
0.176143
0.176454
0.179763
0.179462
0.179118
0.179462
0.179763
0.182317
0.182023
0.18169
0.182023
0.182317
0.184222
0.183943
0.183627
0.183943
0.184221
0.185662
0.185383
0.185069
0.185383
0.185661
0.186719
0.186444
0.186136
0.186445
0.18672
0.187447
0.187181
0.186884
0.187182
0.187447
0.187888
0.187627
0.187335
0.187627
0.187888
0.188107
0.18785
0.187564
0.18785
0.188106
0.188146
0.187893
0.187612
0.187893
0.188145
0.188042
0.187792
0.187516
0.187792
0.188041
0.187824
0.187578
0.187307
0.187578
0.187824
0.187522
0.187279
0.187012
0.187279
0.187522
0.18716
0.186918
0.186655
0.186918
0.187161
0.186759
0.186517
0.186259
0.186518
0.18676
0.186339
0.186097
0.185842
0.186098
0.186341
0.185918
0.185674
0.185422
0.185675
0.18592
0.185512
0.185263
0.185013
0.185264
0.185513
0.185131
0.184876
0.184628
0.184877
0.185132
0.184786
0.184522
0.184275
0.184523
0.184787
0.184481
0.184206
0.183959
0.184206
0.184481
0.184215
0.183925
0.183677
0.183925
0.184216
0.183981
0.18367
0.18342
0.18367
0.183981
0.18376
0.183424
0.183171
0.183424
0.18376
0.183541
0.183173
0.182915
0.183173
0.183541
0.183245
0.182842
0.182578
0.182842
0.183246
0.182825
0.182379
0.182108
0.182379
0.182826
0.182196
0.181701
0.181424
0.181701
0.182196
0.181254
0.180709
0.180426
0.180709
0.181255
0.179881
0.179285
0.179001
0.179285
0.179882
0.177936
0.177301
0.177023
0.177301
0.177937
0.175277
0.174609
0.174346
0.174608
0.175277
0.171832
0.171095
0.170842
0.171095
0.171831
0.167422
0.166644
0.166417
0.166644
0.167422
0.114736
0.115771
0.115323
0.11577
0.114734
0.127116
0.127183
0.126835
0.127182
0.127114
0.135331
0.13532
0.134995
0.13532
0.135329
0.141255
0.141264
0.140974
0.141263
0.141253
0.145694
0.145729
0.145468
0.145728
0.145692
0.149076
0.149131
0.148891
0.14913
0.149074
0.15166
0.15173
0.151507
0.15173
0.151658
0.153626
0.153707
0.153496
0.153706
0.153624
0.155063
0.155161
0.154969
0.15516
0.155061
0.156115
0.156216
0.156028
0.156216
0.156113
0.156871
0.156978
0.156796
0.156979
0.156872
0.157352
0.157471
0.157302
0.157472
0.157354
0.157606
0.157732
0.157569
0.157732
0.157606
0.157684
0.157816
0.15766
0.157816
0.157683
0.15762
0.157758
0.157608
0.157757
0.15762
0.157445
0.157588
0.157444
0.157588
0.157446
0.157184
0.157332
0.157194
0.157333
0.157185
0.156862
0.157014
0.156882
0.157015
0.156863
0.1565
0.156656
0.156528
0.156657
0.156501
0.156117
0.156275
0.156152
0.156277
0.15612
0.155733
0.155892
0.155773
0.155894
0.155736
0.155366
0.155523
0.155408
0.155525
0.155368
0.155031
0.155185
0.155072
0.155187
0.155033
0.154744
0.154893
0.154782
0.154894
0.154746
0.15452
0.154661
0.154551
0.154662
0.154521
0.154372
0.1545
0.154391
0.154501
0.154372
0.15431
0.154421
0.15431
0.154421
0.15431
0.154341
0.154428
0.154314
0.154428
0.154341
0.154463
0.15452
0.1544
0.15452
0.154462
0.154676
0.154689
0.154559
0.154688
0.154675
0.154958
0.154921
0.154778
0.15492
0.154957
0.155251
0.155152
0.154994
0.155152
0.15525
0.155497
0.155325
0.155149
0.155324
0.155497
0.155597
0.155345
0.155154
0.155345
0.155597
0.155421
0.155094
0.154894
0.155094
0.155421
0.154825
0.154434
0.154242
0.154434
0.154825
0.153651
0.153228
0.153067
0.153228
0.153651
0.151806
0.151366
0.151261
0.151365
0.151806
0.149265
0.148787
0.148733
0.148787
0.149265
0.0876514
0.0891944
0.0887635
0.0891932
0.0876491
0.0978009
0.0984625
0.0981984
0.0984615
0.0977987
0.103836
0.104519
0.104322
0.104518
0.103834
0.10801
0.108763
0.108625
0.108762
0.108008
0.111077
0.111877
0.111777
0.111876
0.111075
0.113375
0.114204
0.11413
0.114203
0.113372
0.115097
0.115946
0.115891
0.115944
0.115094
0.116376
0.117239
0.117198
0.117237
0.116373
0.117287
0.118167
0.118142
0.118166
0.117283
0.117907
0.118794
0.11878
0.118793
0.117905
0.118334
0.11923
0.119221
0.119232
0.118339
0.118562
0.119471
0.119478
0.119476
0.118565
0.118631
0.119551
0.119565
0.119552
0.118631
0.118577
0.119508
0.11953
0.119508
0.11858
0.11843
0.119368
0.119397
0.119368
0.118433
0.118206
0.119151
0.119188
0.119153
0.11821
0.117922
0.118878
0.118922
0.11888
0.117926
0.117599
0.118564
0.118616
0.118566
0.117604
0.117256
0.118226
0.118285
0.118229
0.11726
0.116905
0.11788
0.117944
0.117883
0.116912
0.116563
0.11754
0.117608
0.117543
0.116569
0.116243
0.11722
0.117293
0.117223
0.116246
0.115959
0.116936
0.117012
0.116938
0.115963
0.115729
0.116703
0.116783
0.116705
0.115731
0.115569
0.116536
0.116619
0.116537
0.115568
0.115496
0.116453
0.116538
0.116454
0.115496
0.11553
0.116471
0.116556
0.116471
0.115531
0.115693
0.116607
0.11669
0.116606
0.115694
0.116001
0.116876
0.116947
0.116874
0.115998
0.116474
0.117285
0.117348
0.117283
0.116469
0.117153
0.117883
0.117923
0.117882
0.11715
0.118004
0.118626
0.118633
0.118625
0.118002
0.119026
0.119508
0.119476
0.119507
0.119024
0.120151
0.120477
0.120402
0.120476
0.12015
0.121249
0.121436
0.12133
0.121435
0.121248
0.122177
0.12226
0.122148
0.12226
0.122177
0.122776
0.122801
0.122729
0.122801
0.122775
0.122973
0.123037
0.123068
0.123036
0.122972
0.122906
0.123031
0.123196
0.123031
0.122906
0.0522713
0.0548082
0.0540587
0.0548075
0.0522702
0.0584113
0.0601604
0.0596044
0.0601599
0.0584104
0.0614493
0.063349
0.0628926
0.0633485
0.0614484
0.0634694
0.0654746
0.0650909
0.065474
0.0634685
0.0649473
0.0669842
0.0666362
0.0669836
0.0649464
0.066028
0.0680736
0.0677451
0.068073
0.066027
0.0668064
0.0688557
0.0685403
0.0688554
0.0668024
0.0673563
0.0694069
0.0691013
0.0694059
0.0673496
0.0677276
0.0697792
0.0694805
0.0697767
0.0677153
0.0679332
0.0699954
0.0697122
0.0699951
0.0679233
0.0680511
0.0701163
0.0698338
0.0701216
0.0680601
0.0680689
0.070146
0.0698791
0.0701542
0.0680896
0.0680152
0.0700984
0.0698358
0.0701025
0.0680214
0.0679011
0.0699926
0.0697352
0.0699911
0.067902
0.0677382
0.069836
0.069587
0.0698345
0.0677401
0.0675415
0.0696447
0.0694031
0.0696452
0.0675474
0.0673156
0.0694285
0.0691939
0.0694307
0.0673248
0.0670792
0.0691938
0.0689659
0.069196
0.0670797
0.0668289
0.0689477
0.0687261
0.0689501
0.0668362
0.066573
0.0686977
0.0684772
0.0686999
0.0665819
0.0663276
0.0684525
0.0682317
0.0684546
0.0663336
0.066103
0.0682218
0.0680013
0.0682236
0.0661048
0.065898
0.0680151
0.0677945
0.0680158
0.0658965
0.065724
0.0678411
0.0676226
0.0678428
0.0657289
0.0656062
0.0677106
0.067497
0.0677142
0.0656096
0.0655482
0.0676381
0.0674315
0.0676415
0.0655541
0.0655735
0.0676393
0.0674426
0.0676405
0.065583
0.0657061
0.0677305
0.0675456
0.0677277
0.0657089
0.0659683
0.0679262
0.0677343
0.0679208
0.06596
0.0663933
0.0682508
0.0680558
0.0682488
0.0663809
0.067066
0.0687705
0.0685502
0.0687705
0.067063
0.0680198
0.0694877
0.0692265
0.0694871
0.0680189
0.0693366
0.0704471
0.0701285
0.0704472
0.0693372
0.0710036
0.0716617
0.0712772
0.0716616
0.0710032
0.0727005
0.0730985
0.0726863
0.0730983
0.0727002
0.0746277
0.07482
0.0744151
0.0748199
0.0746275
0.0768982
0.0769286
0.0765766
0.0769285
0.076898
0.0793926
0.0794199
0.0792282
0.0794198
0.0793925
0.0828818
0.0830632
0.0832011
0.0830631
0.0828816
0.00574591
0.00643176
0.00614293
0.00643174
0.00574586
0.00726133
0.00728804
0.00702657
0.00728803
0.0072613
0.00778374
0.00769413
0.00743292
0.00769412
0.00778372
0.00803632
0.00792551
0.00767219
0.00792551
0.0080363
0.00818567
0.00807069
0.00782436
0.00807068
0.00818565
0.0082818
0.00816571
0.00792465
0.00816571
0.00828179
0.00834415
0.00822767
0.00799091
0.0082278
0.00834299
0.00838328
0.00826653
0.00803326
0.00826655
0.00838187
0.00840547
0.00828837
0.00805796
0.00828821
0.00840191
0.00841188
0.00829663
0.00806907
0.00829668
0.00840767
0.00841105
0.0082954
0.0080699
0.00829576
0.00841058
0.00840263
0.00828725
0.00806407
0.00828811
0.00840699
0.0083882
0.00827201
0.00805043
0.00827248
0.00838965
0.00836947
0.00825192
0.00803131
0.00825132
0.00836924
0.00834536
0.00822673
0.00800794
0.00822601
0.0083444
0.00831818
0.00819839
0.00798107
0.00819806
0.00831768
0.00828957
0.00816837
0.00795191
0.00816814
0.00828937
0.00826252
0.0081364
0.00792094
0.00813614
0.00825892
0.00822953
0.00810275
0.00788857
0.00810278
0.00823048
0.0081952
0.00806867
0.00785606
0.00806848
0.00819514
0.00816271
0.00803475
0.00782404
0.00803443
0.00816227
0.00813283
0.0080017
0.007793
0.00800166
0.00813362
0.00810264
0.00797074
0.00776366
0.00797046
0.00810108
0.00807313
0.00794253
0.00773701
0.00794257
0.0080748
0.00805162
0.00791784
0.00771408
0.0079186
0.00805288
0.00803394
0.0078985
0.00769603
0.00789904
0.00803492
0.0080232
0.00788624
0.00768441
0.00788628
0.00802561
0.00802136
0.00788309
0.00768159
0.00788251
0.00802225
0.00802843
0.00788991
0.00769004
0.00788933
0.00802708
0.00804856
0.00791153
0.00771357
0.00791182
0.00804567
0.0080893
0.00795595
0.00775922
0.00795636
0.00808977
0.00815431
0.00802799
0.00783237
0.00802812
0.00815545
0.00824931
0.00813729
0.00794312
0.00813771
0.00825101
0.00838687
0.00829748
0.00810447
0.00829774
0.00838734
0.00862886
0.0085293
0.00833563
0.0085294
0.008629
0.00898006
0.00886444
0.00866779
0.00886448
0.00898011
0.00949679
0.00935309
0.00914906
0.00935311
0.00949681
0.0104339
0.0101254
0.00988089
0.0101254
0.0104339
0.0131881
0.0121063
0.0117233
0.0121063
0.0131881
0.00621105
0.00595666
0.00578883
0.00595665
0.00621104
0.0440194
0.0454319
0.0445445
0.0454315
0.044019
0.0730014
0.073678
0.0735943
0.0736772
0.0730004
0.094667
0.0949318
0.0948408
0.0949307
0.0946655
0.111441
0.111468
0.111345
0.111467
0.111439
0.124494
0.124451
0.124315
0.124449
0.124491
0.134693
0.134596
0.134462
0.134595
0.13469
0.142503
0.142355
0.14222
0.142354
0.142501
0.14821
0.148005
0.147866
0.148003
0.148208
0.151963
0.151692
0.151549
0.151691
0.151961
0.15381
0.153466
0.153313
0.153465
0.153808
0.153693
0.153269
0.153104
0.153268
0.153691
0.151455
0.150947
0.150774
0.150946
0.151454
0.146811
0.146223
0.146054
0.146223
0.14681
0.139317
0.138676
0.138545
0.138675
0.139315
0.128239
0.127666
0.127658
0.127666
0.128238
0.112055
0.111877
0.112152
0.111877
0.112055
0.089741
0.089457
0.089678
0.089457
0.0897408
0.0522505
0.045391
0.0443812
0.045391
0.0522505
0.00634182
0.00609322
0.00593649
0.00609321
0.00634181
0.0457719
0.0472743
0.0464408
0.0472738
0.0457714
0.0771256
0.0778217
0.0777558
0.0778209
0.0771244
0.100933
0.101132
0.101031
0.101131
0.100931
0.119496
0.119408
0.11925
0.119407
0.119494
0.13398
0.133788
0.133612
0.133786
0.133978
0.14528
0.145016
0.144834
0.145015
0.145277
0.153888
0.153564
0.153376
0.153563
0.153885
0.160111
0.159726
0.159532
0.159725
0.160108
0.164121
0.163671
0.163463
0.16367
0.164118
0.165959
0.165442
0.165225
0.165441
0.165957
0.165562
0.164975
0.164752
0.164974
0.16556
0.16276
0.162104
0.161879
0.162104
0.162758
0.157255
0.156543
0.156332
0.156542
0.157254
0.148553
0.147842
0.147695
0.147842
0.148552
0.135825
0.135355
0.135396
0.135355
0.135824
0.118059
0.11806
0.118494
0.11806
0.118058
0.097502
0.0972995
0.0979011
0.0972995
0.0975017
0.0820924
0.0751277
0.0738712
0.0751277
0.0820923
0.00647897
0.00623578
0.00608468
0.00623577
0.00647896
0.0473797
0.0489951
0.0482049
0.0489947
0.0473792
0.0807615
0.0814839
0.0814319
0.081483
0.0807601
0.106423
0.106563
0.106463
0.106562
0.10642
0.126536
0.126373
0.126186
0.126372
0.126534
0.142295
0.141992
0.141776
0.141991
0.142292
0.154565
0.154181
0.153951
0.154179
0.154562
0.163872
0.163423
0.163185
0.163421
0.163869
0.170534
0.170023
0.169778
0.170022
0.170531
0.174723
0.17415
0.173898
0.174149
0.17472
0.176491
0.175856
0.175597
0.175855
0.176489
0.175789
0.17509
0.174823
0.17509
0.175786
0.172414
0.171657
0.171392
0.171657
0.172412
0.166033
0.165238
0.164994
0.165237
0.166031
0.156082
0.15533
0.155164
0.155329
0.156081
0.141558
0.141137
0.14119
0.141136
0.141557
0.121525
0.12166
0.122129
0.121659
0.121524
0.0987036
0.0986032
0.0992131
0.0986031
0.0987034
0.0828956
0.0758162
0.0744458
0.0758161
0.0828954
0.00662198
0.00638315
0.00623269
0.00638314
0.00662197
0.0488965
0.050643
0.0498759
0.0506426
0.0488959
0.0840239
0.0847685
0.0847206
0.0847675
0.0840223
0.111277
0.111368
0.111269
0.111367
0.111275
0.132719
0.1325
0.132292
0.132499
0.132716
0.149599
0.149204
0.148955
0.149202
0.149596
0.162708
0.162228
0.161962
0.162226
0.162704
0.172615
0.172067
0.171792
0.172066
0.172611
0.179642
0.179034
0.178751
0.179033
0.179639
0.183967
0.1833
0.18301
0.183299
0.183964
0.185639
0.184918
0.184621
0.184917
0.185637
0.184602
0.183821
0.18352
0.18382
0.1846
0.180637
0.179812
0.179515
0.179811
0.180636
0.17338
0.172528
0.172256
0.172528
0.173379
0.16213
0.161377
0.161192
0.161376
0.162129
0.145848
0.145405
0.145418
0.145405
0.145847
0.122745
0.123016
0.123391
0.123016
0.122744
0.0930554
0.0934526
0.0937903
0.0934525
0.0930552
0.0540181
0.0466891
0.0453712
0.0466891
0.054018
0.00817342
0.00712181
0.00680438
0.00712181
0.00817342
0.0415147
0.0378585
0.0372219
0.0378585
0.0415147
0.0403276
0.0370012
0.036424
0.0370012
0.0403276
0.00818674
0.00703109
0.00671026
0.00703108
0.00818674
0.00714695
0.00622138
0.00595931
0.00622138
0.00714696
0.0365211
0.0306116
0.029563
0.0306116
0.0365211
0.0355517
0.0297555
0.0287864
0.0297555
0.0355517
0.007129
0.00617073
0.00590658
0.00617073
0.007129
0.00657468
0.00570313
0.00546859
0.00570313
0.00657469
0.0318755
0.0260617
0.0250243
0.0260617
0.0318755
0.0313074
0.0256025
0.0245911
0.0256025
0.0313074
0.00651258
0.00564375
0.00541249
0.00564375
0.00651258
0.00588813
0.00502419
0.00480195
0.00502419
0.00588813
0.027843
0.0224356
0.0213415
0.0224356
0.027843
0.0276044
0.0221929
0.0211063
0.0221929
0.0276044
0.00581276
0.00496203
0.00474486
0.00496203
0.00581276
0.00316572
0.00299617
0.00284756
0.00299617
0.00316572
0.0080848
0.00800583
0.00761871
0.00800585
0.00808481
0.00949657
0.00942912
0.00906736
0.009429
0.00949658
0.0103815
0.0103041
0.00997041
0.010304
0.0103815
0.0109811
0.0109086
0.0106003
0.0109086
0.0109811
0.0114364
0.011367
0.0110774
0.011367
0.0114364
0.0118081
0.0117373
0.0114604
0.0117373
0.0118081
0.0121245
0.0120483
0.0117793
0.0120483
0.0121245
0.0123996
0.0123141
0.0120495
0.0123141
0.0123996
0.0126383
0.0125402
0.0122771
0.0125402
0.0126383
0.012839
0.0127253
0.0124613
0.0127253
0.012839
0.0129922
0.0128616
0.0125949
0.0128616
0.0129922
0.0130816
0.0129258
0.0126539
0.0129258
0.0130816
0.0131131
0.0128915
0.0126138
0.0128915
0.0131131
0.0130534
0.0127282
0.0124562
0.0127282
0.0130533
0.0128399
0.0124178
0.0121583
0.0124178
0.0128399
0.0122987
0.0118311
0.0115516
0.0118311
0.0122987
0.0109402
0.0104998
0.0101954
0.0104998
0.0109402
0.00439848
0.00416082
0.00399681
0.00416082
0.00439848
0.00526828
0.00516639
0.00481801
0.00516639
0.00526827
0.0321536
0.0332539
0.0320691
0.0332537
0.0321535
0.0473438
0.0477319
0.0468742
0.0477316
0.0473435
0.0570745
0.057304
0.0565695
0.0573036
0.0570742
0.063986
0.0642693
0.0636014
0.0642688
0.0639856
0.0692151
0.0695649
0.0689279
0.0695645
0.0692146
0.0732969
0.0736786
0.0730558
0.0736781
0.0732963
0.0765196
0.0768936
0.0762734
0.0768931
0.0765189
0.0790382
0.0793672
0.0787404
0.0793667
0.0790375
0.0809213
0.0811646
0.0805295
0.0811641
0.0809205
0.0821762
0.0823056
0.0816556
0.0823052
0.0821754
0.0827354
0.0827374
0.0820662
0.082737
0.0827347
0.0823655
0.0823011
0.0816188
0.0823007
0.0823648
0.0805265
0.0806451
0.0799786
0.0806447
0.0805258
0.0767779
0.0771562
0.0764108
0.0771559
0.0767773
0.0705884
0.0709636
0.0700266
0.0709633
0.0705879
0.0614041
0.0614834
0.0604739
0.0614832
0.0614038
0.0459683
0.0459137
0.0448109
0.0459136
0.0459681
0.00753816
0.00744363
0.0070492
0.00744362
0.00753816
0.00587737
0.00564136
0.00539828
0.00564136
0.00587736
0.0388945
0.0402124
0.0390675
0.0402122
0.0388943
0.0610132
0.0616135
0.0612493
0.061613
0.0610127
0.0765927
0.0769483
0.0766764
0.0769476
0.0765919
0.0882405
0.0885627
0.0883501
0.0885619
0.0882394
0.0972371
0.0975723
0.0974065
0.0975714
0.0972358
0.104272
0.104611
0.104477
0.10461
0.104271
0.109738
0.11006
0.109943
0.110059
0.109736
0.113859
0.114139
0.114027
0.114138
0.113858
0.116745
0.116958
0.116841
0.116958
0.116744
0.118422
0.118545
0.118414
0.118544
0.11842
0.118826
0.118841
0.118689
0.118841
0.118824
0.117781
0.117684
0.11751
0.117684
0.11778
0.114957
0.11477
0.114581
0.11477
0.114956
0.109912
0.109627
0.109414
0.109626
0.109911
0.101984
0.101498
0.101253
0.101498
0.101983
0.0892202
0.0885289
0.0883565
0.0885287
0.0892198
0.0659825
0.0651258
0.0645627
0.0651257
0.0659823
0.00985039
0.00942101
0.00901721
0.00942101
0.00985038
0.00607929
0.00582126
0.00563098
0.00582126
0.00607928
0.0419789
0.0433316
0.0423542
0.0433313
0.0419786
0.0681401
0.0687926
0.0686311
0.068792
0.0681393
0.0872909
0.0876097
0.0874739
0.0876088
0.0872897
0.101929
0.102104
0.101982
0.102103
0.101928
0.113289
0.11343
0.113333
0.113429
0.113287
0.122172
0.122283
0.122201
0.122282
0.12217
0.129014
0.129086
0.129011
0.129085
0.129012
0.134075
0.134095
0.13402
0.134094
0.134073
0.13749
0.137445
0.137364
0.137444
0.137488
0.139298
0.139174
0.13908
0.139173
0.139296
0.139445
0.139229
0.139119
0.139228
0.139443
0.137771
0.137454
0.137328
0.137453
0.137769
0.133987
0.133568
0.133433
0.133568
0.133986
0.12767
0.127145
0.127017
0.127145
0.127668
0.118124
0.117504
0.117423
0.117504
0.118124
0.103478
0.102918
0.10296
0.102918
0.103477
0.0771852
0.0760738
0.0758267
0.0760737
0.077185
0.0131428
0.0119182
0.0114487
0.0119182
0.0131428
)
;

boundaryField
{
    empty
    {
        type            empty;
    }
    top
    {
        type            fixedValue;
        value           uniform 0;
    }
    fixedwall
    {
        type            nutkWallFunction;
        Cmu             0.09;
        kappa           0.41;
        E               9.8;
        value           nonuniform List<scalar> 
585
(
0.00059746
0.000661336
0.000634629
0.000661336
0.000597459
0.000735931
0.000738336
0.000714362
0.000738336
0.000735931
0.000783115
0.000775101
0.000751226
0.000775102
0.000783117
0.000806105
0.000796241
0.000773149
0.000796242
0.000806107
0.000819937
0.000809711
0.000787289
0.000809714
0.00081994
0.000829054
0.000818755
0.000796836
0.000818765
0.000829059
0.000835201
0.000824927
0.000803408
0.000824938
0.000835194
0.000839274
0.000829113
0.000807925
0.000829124
0.00083932
0.000841958
0.000831879
0.000810964
0.000831888
0.00084201
0.000843673
0.000833572
0.000812892
0.000833582
0.000843675
0.000844551
0.000834445
0.000813967
0.000834447
0.000844495
0.00084482
0.000834689
0.000814374
0.000834706
0.000844835
0.000844593
0.000834445
0.000814282
0.000834506
0.00084477
0.000843894
0.000833729
0.000813733
0.000833817
0.000844196
0.000843071
0.00083264
0.000812706
0.000832653
0.000843095
0.000841891
0.000831213
0.000811326
0.000831128
0.00084159
0.000840145
0.000829367
0.000809579
0.000829253
0.00083979
0.000837913
0.000827139
0.000807478
0.000827063
0.000837644
0.000835304
0.000824568
0.000805039
0.000824559
0.000835342
0.000832653
0.000821678
0.000802253
0.000821708
0.000832812
0.000829604
0.00081843
0.000799099
0.000818472
0.00082968
0.000826109
0.000814798
0.000795563
0.000814871
0.000826323
0.000822266
0.000810765
0.00079161
0.00081085
0.000822578
0.000818078
0.000806313
0.000787211
0.000806353
0.000818259
0.000813611
0.000801404
0.000782351
0.000801386
0.000813472
0.000808643
0.000795993
0.000777009
0.000795964
0.000808434
0.000803059
0.000790033
0.000771114
0.000790021
0.000802964
0.000796861
0.000783481
0.000764782
0.000783484
0.000796756
0.000790125
0.000776353
0.000757974
0.000776393
0.000790148
0.00078296
0.000768647
0.000750598
0.000768701
0.000782953
0.000775149
0.000760301
0.000742625
0.000760364
0.00077521
0.00076665
0.000751308
0.000734038
0.000751378
0.000766859
0.000757765
0.000741695
0.000724815
0.000741728
0.000757874
0.000748228
0.000731391
0.000714924
0.000731397
0.000748279
0.000737946
0.00072036
0.000704321
0.000720354
0.000737941
0.000726894
0.000708569
0.000692948
0.000708563
0.000726884
0.000715093
0.000695973
0.000680722
0.00069597
0.000715088
0.000702539
0.000682427
0.000667496
0.000682425
0.000702537
0.000688987
0.000667495
0.000653065
0.000667494
0.000688986
0.000592822
0.000656934
0.00063001
0.000656932
0.000592818
0.000733629
0.00073609
0.000712006
0.000736089
0.000733627
0.000781532
0.000773339
0.0007494
0.000773338
0.000781531
0.000804591
0.000794486
0.000771335
0.000794486
0.00080459
0.000818197
0.000807729
0.000785255
0.000807728
0.000818196
0.000826946
0.000816388
0.000794419
0.000816387
0.000826945
0.000832594
0.000822039
0.00080047
0.000822042
0.000832587
0.000836101
0.000825576
0.000804339
0.00082558
0.000836087
0.000838061
0.000827557
0.000806598
0.000827558
0.000837992
0.00083875
0.000828318
0.000807618
0.000828316
0.000838684
0.000838704
0.000828235
0.0008077
0.000828216
0.000838673
0.000837995
0.000827521
0.000807175
0.000827511
0.000838108
0.000836694
0.000826108
0.000805937
0.00082611
0.000836775
0.000835015
0.000824257
0.000804201
0.00082423
0.000834926
0.000832816
0.000822002
0.000802085
0.000821959
0.000832684
0.000830334
0.000819446
0.000799645
0.000819403
0.000830245
0.000827799
0.000816701
0.000796984
0.000816655
0.000827707
0.000825141
0.000813789
0.00079416
0.000813751
0.000824997
0.000822167
0.000810733
0.000791216
0.00081072
0.000822186
0.000819186
0.000807639
0.00078826
0.000807611
0.000819114
0.000816247
0.000804567
0.000785345
0.000804546
0.00081617
0.000813399
0.000801579
0.000782518
0.000801587
0.000813444
0.000810726
0.000798759
0.000779844
0.000798754
0.000810652
0.000808264
0.000796188
0.000777414
0.000796195
0.000808302
0.000806194
0.000793964
0.000775323
0.000793988
0.000806328
0.000804595
0.00079221
0.000773676
0.000792213
0.000804653
0.000803631
0.000791072
0.000772617
0.000791057
0.000803649
0.000803448
0.00079076
0.000772362
0.000790736
0.00080337
0.000804
0.000791384
0.00077314
0.000791377
0.000803924
0.000805799
0.000793385
0.000775294
0.000793409
0.000805838
0.000809598
0.000797429
0.000779463
0.000797449
0.000809658
0.000815562
0.000803981
0.000786147
0.000803998
0.000815604
0.000824272
0.000813958
0.000796258
0.000813985
0.000824384
0.000836621
0.000828522
0.000810961
0.000828538
0.000836664
0.00085857
0.00084955
0.000831976
0.000849557
0.000858581
0.000890306
0.000879867
0.000862085
0.00087987
0.00089031
0.000936801
0.000923889
0.000905529
0.00092389
0.000936803
0.00102055
0.000993057
0.000971204
0.000993058
0.00102055
0.00126313
0.00116843
0.00113473
0.00116843
0.00126313
0.000636579
0.000612793
0.000597054
0.000612792
0.000636578
0.000648758
0.000625559
0.000610894
0.000625558
0.000648757
0.000661507
0.000638859
0.000624751
0.000638859
0.000661506
0.000674775
0.000652579
0.000638562
0.000652579
0.000674774
0.000817247
0.000720994
0.000691695
0.000720994
0.000817247
0.000818482
0.000712664
0.000683015
0.000712664
0.000818482
0.000723317
0.000637558
0.000613071
0.000637558
0.000723317
0.000721684
0.000632859
0.000608157
0.000632859
0.000721684
0.000670427
0.00058904
0.00056695
0.00058904
0.000670427
0.000664683
0.000583479
0.000561675
0.000583479
0.000664683
0.000606412
0.000524849
0.000503663
0.000524849
0.000606412
0.000599361
0.000518953
0.000498226
0.000518953
0.000599361
0.000344417
0.000344417
0.000327504
0.000327504
0.000312608
0.000312608
0.000327504
0.000327504
0.000344417
0.000344417
0.000809153
0.000801936
0.000766569
0.000801935
0.000809153
0.000936746
0.00093066
0.000898109
0.000930658
0.000936745
0.00101584
0.00100893
0.000979143
0.00100892
0.00101584
0.00106909
0.00106266
0.00103528
0.00106266
0.00106909
0.00110937
0.00110323
0.0010776
0.00110323
0.00110937
0.00114214
0.0011359
0.00111146
0.0011359
0.00114214
0.00116997
0.00116326
0.00113959
0.00116326
0.00116997
0.00119411
0.00118661
0.00116336
0.00118661
0.00119411
0.00121503
0.00120643
0.00118335
0.00120643
0.00121503
0.00123259
0.00122264
0.00119952
0.00122264
0.00123259
0.00124598
0.00123456
0.00121123
0.00123456
0.00124598
0.00125379
0.00124018
0.0012164
0.00124018
0.00125379
0.00125654
0.00123719
0.0012129
0.00123719
0.00125654
0.00125134
0.00122292
0.0011991
0.00122292
0.00125134
0.0012327
0.00119574
0.00117297
0.00119574
0.0012327
0.00118531
0.00114421
0.00111957
0.00114421
0.0011853
0.00106552
0.00102641
0.000999289
0.00102641
0.00106552
0.000464944
0.000464944
0.000441994
0.000441994
0.000426081
0.000426081
0.000441993
0.000441993
0.000464944
0.000464944
0.000548015
0.000538352
0.00050518
0.000538352
0.000548013
0.000759257
0.00075059
0.000714316
0.00075059
0.000759257
0.000605393
0.000583218
0.000560286
0.000583218
0.000605392
0.000968497
0.000930007
0.000893666
0.000930007
0.000968496
0.000624284
0.00060011
0.000582223
0.000600109
0.000624283
0.0012592
0.00115191
0.00111054
0.00115191
0.0012592
)
;
    }
    outlet
    {
        type            zeroGradient;
    }
}


// ************************************************************************* //
