/*--------------------------------*- C++ -*----------------------------------*\
  =========                 |
  \\      /  F ield         | OpenFOAM: The Open Source CFD Toolbox
   \\    /   O peration     | Website:  https://openfoam.org
    \\  /    A nd           | Version:  9
     \\/     M anipulation  |
\*---------------------------------------------------------------------------*/
FoamFile
{
    format      ascii;
    class       volScalarField;
    location    "4.5";
    object      epsilon;
}
// * * * * * * * * * * * * * * * * * * * * * * * * * * * * * * * * * * * * * //

dimensions      [0 2 -3 0 0 0 0];

internalField   nonuniform List<scalar> 
4545
(
14.7939
20.5615
17.9998
20.5616
14.794
29.1299
29.4212
26.4356
29.4213
29.13
35.6189
34.4374
31.1111
34.4375
35.619
39.1084
37.5698
34.1425
37.57
39.1086
41.3157
39.6624
36.1996
39.6626
41.3158
42.816
41.1087
37.6328
41.1085
42.8152
43.8465
42.1133
38.6383
42.1126
43.839
44.54
42.8005
39.3365
42.7994
44.5329
44.9917
43.2521
39.8067
43.2504
44.9861
45.2551
43.5262
40.1039
43.527
45.265
45.3995
43.6674
40.2668
43.6686
45.4294
45.4596
43.7068
40.3237
43.699
45.4546
45.4361
43.6632
40.3012
43.6499
45.3931
45.3287
43.5353
40.2037
43.5217
45.2661
45.119
43.3279
40.0299
43.3197
45.0776
44.8444
43.0653
39.8024
43.0653
44.8417
44.5407
42.7514
39.5213
42.7509
44.5277
44.2045
42.3885
39.1884
42.3798
44.1715
43.8008
41.973
38.8044
41.9586
43.7586
43.3555
41.5006
38.3672
41.4799
43.2784
42.855
40.9706
37.8755
40.9453
42.7597
42.2784
40.378
37.3269
40.3528
42.1857
41.6167
39.7202
36.7204
39.7049
41.5768
40.908
38.9998
36.0546
38.9977
40.9167
40.1585
38.2195
35.3271
38.2198
40.1466
39.3374
37.3728
34.5376
37.3737
39.3045
38.4423
36.4568
33.6847
36.4625
38.4184
37.471
35.473
32.7767
35.4872
37.505
36.4383
34.4266
31.8271
34.4419
36.5147
35.3817
33.3208
30.8198
33.3258
35.4053
34.2546
32.1494
29.7557
32.1498
34.2608
33.0379
30.913
28.6371
30.9136
33.0625
31.7828
29.6226
27.4668
29.6212
31.7876
30.4736
28.2828
26.2485
28.2819
30.4751
29.1118
26.8958
24.9839
26.8958
29.1115
27.6945
25.4658
23.6744
25.4661
27.6947
26.2338
23.9966
22.3197
23.9967
26.2338
24.7386
22.4826
20.9153
22.4827
24.7385
23.1913
20.8902
19.4531
20.8903
23.1912
18.1559
17.771
15.0923
17.7711
18.156
24.1149
22.0993
19.3044
22.0993
24.1149
27.4903
24.993
22.0244
24.993
27.4904
29.3988
26.7159
23.729
26.716
29.3988
30.5256
27.7838
24.8183
27.7839
30.5256
31.2202
28.4533
25.5225
28.4532
31.2165
31.6389
28.8647
25.973
28.8639
31.6324
31.8739
29.1005
26.2488
29.0989
31.8563
31.9743
29.2119
26.4002
29.211
31.9546
31.9884
29.2343
26.4615
29.2354
31.9783
31.9467
29.1966
26.4566
29.1988
31.9483
31.8574
29.1091
26.4015
29.107
31.867
31.7538
28.9818
26.3023
28.972
31.7381
31.5968
28.8169
26.1678
28.8053
31.5563
31.3839
28.6166
26.0016
28.6099
31.3531
31.163
28.3919
25.8098
28.3905
31.143
30.9393
28.1482
25.5943
28.1448
30.897
30.6764
27.883
25.3561
27.8764
30.6309
30.3743
27.5942
25.0956
27.5853
30.3538
30.0846
27.2856
24.8124
27.2702
30.0521
29.7599
26.9528
24.5059
26.9341
29.7012
29.382
26.5918
24.175
26.5752
29.3347
28.9927
26.2053
23.8199
26.1955
28.9799
28.5912
25.7961
23.4404
25.7928
28.5731
28.1538
25.3627
23.0353
25.3595
28.1188
27.6602
24.901
22.6039
24.8988
27.6512
27.1393
24.4127
22.1469
24.4142
27.1302
26.6083
23.9
21.6665
23.9076
26.6159
26.0436
23.3633
21.1646
23.3742
26.0689
25.458
22.8048
20.638
22.8097
25.4607
24.8412
22.2208
20.086
22.2217
24.8355
24.1729
21.6079
19.5083
21.6096
24.1833
23.4909
20.9719
18.9055
20.9721
23.5087
22.7889
20.3126
18.2782
20.3119
22.7941
22.0499
19.6282
17.6255
19.6278
22.0501
21.2761
18.9178
16.9458
18.9179
21.2761
20.4741
18.1794
16.2369
18.1796
20.4743
19.6511
17.4036
15.4932
17.4039
19.6514
18.7844
16.5532
14.7081
16.5535
18.7845
19.3114
18.2655
16.2833
18.2655
19.3114
23.0128
21.34
19.4561
21.34
23.0129
25.2478
23.4812
21.5868
23.4812
25.2478
26.6092
24.8092
22.9498
24.8093
26.6093
27.4221
25.6288
23.8127
25.6289
27.4222
27.9014
26.1225
24.3502
26.1226
27.9013
28.165
26.4024
24.6711
26.4025
28.1646
28.2844
26.5375
24.8439
26.5375
28.2832
28.3042
26.5715
24.9126
26.5716
28.3029
28.2587
26.5369
24.908
26.5371
28.2587
28.1629
26.4497
24.8499
26.4496
28.1634
28.0308
26.3225
24.7479
26.3211
28.0294
27.8705
26.1645
24.6135
26.1616
27.8651
27.6849
25.9806
24.4525
25.9778
27.6772
27.476
25.7745
24.2686
25.7728
27.4705
27.2505
25.5504
24.0657
25.5501
27.2481
27.0119
25.3106
23.8456
25.3105
27.0085
26.7581
25.0555
23.6091
25.0548
26.7531
26.488
24.7854
23.3568
24.7837
26.4823
26.2032
24.4997
23.0882
24.4965
26.1946
25.9001
24.1975
22.8031
24.1932
25.8883
25.5754
23.8776
22.5008
23.8735
25.5647
25.2305
23.5398
22.1812
23.5371
25.2249
24.8658
23.184
21.8437
23.1833
24.8636
24.48
22.8101
21.4879
22.8106
24.4782
24.0704
22.4173
21.1135
22.4188
24.0707
23.638
22.0059
20.7205
22.0083
23.6401
23.1841
21.5762
20.3093
21.5794
23.1895
22.7089
21.1287
19.88
21.1315
22.716
22.2142
20.6634
19.4327
20.6648
22.218
21.6986
20.1801
18.9672
20.1804
21.6998
21.161
19.6788
18.4837
19.6787
21.162
20.6048
19.1603
17.9824
19.16
20.6057
20.0309
18.6253
17.4634
18.625
20.0311
19.4391
18.0735
16.9263
18.0734
19.4391
18.8302
17.5045
16.3706
17.5046
18.8303
18.2065
16.9172
15.7952
16.9175
18.2067
17.5734
16.3072
15.1984
16.3075
17.5736
16.9151
15.6565
14.5811
15.6567
16.9154
19.7103
18.6944
17.1599
18.6944
19.7103
22.5824
21.1966
19.8002
21.1967
22.5824
24.329
22.9466
21.5865
22.9466
24.3291
25.435
24.0618
22.7499
24.0619
25.4351
26.1078
24.7575
23.491
24.7575
26.1079
26.4998
25.1722
23.9468
25.1723
26.4999
26.7043
25.3972
24.2084
25.3973
26.7044
26.781
25.4918
24.3353
25.492
26.781
26.7699
25.4953
24.3674
25.4954
26.77
26.7002
25.4376
24.3342
25.4378
26.7005
26.5829
25.3295
24.2494
25.3295
26.583
26.4329
25.1863
24.1263
25.1858
26.4323
26.2575
25.0158
23.9744
25.0149
26.2559
26.0619
24.8237
23.7994
24.8228
26.06
25.8492
24.6134
23.6053
24.6128
25.8479
25.6221
24.3879
23.395
24.3878
25.6216
25.3825
24.1491
23.1703
24.1492
25.3822
25.1306
23.8976
22.9322
23.8976
25.13
24.8661
23.6338
22.6811
23.6335
24.8651
24.5884
23.3572
22.417
23.3565
24.5866
24.2964
23.0676
22.1396
23.0666
24.2939
23.9889
22.7643
21.8486
22.7633
23.9865
23.6652
22.4468
21.5437
22.4462
23.6637
23.3249
22.1149
21.2246
22.1148
23.3244
22.9675
21.7684
20.8909
21.7687
22.9676
22.5925
21.4071
20.5427
21.4078
22.5933
22.2002
21.0311
20.1799
21.0321
22.2015
21.7909
20.6406
19.8027
20.6418
21.7928
21.3653
20.2361
19.4113
20.2371
21.3672
20.924
19.8177
19.0057
19.8184
20.9253
20.4674
19.3858
18.5862
19.386
20.4681
19.9962
18.9404
18.153
18.9405
19.9965
19.5115
18.4822
17.7061
18.4822
19.5116
19.0141
18.0116
17.2458
18.0116
19.0141
18.5051
17.5292
16.7726
17.5293
18.5051
17.9862
17.0358
16.2867
17.0359
17.9863
17.4608
16.5323
15.7887
16.5325
17.461
16.937
16.0189
15.2795
16.0191
16.9372
16.4092
15.4882
14.7655
15.4884
16.4094
19.8915
18.9615
17.7036
18.9616
19.8915
22.3696
21.1591
20.0325
21.1591
22.3696
23.8704
22.6887
21.6085
22.6888
23.8704
24.8386
23.6773
22.6453
23.6773
24.8386
25.4359
24.3001
23.3104
24.3001
25.436
25.7842
24.6713
23.7185
24.6714
25.7843
25.9615
24.8686
23.9477
24.8687
25.9616
26.0199
24.9441
24.0511
24.9442
26.02
25.9965
24.9341
24.0649
24.9342
25.9966
25.9155
24.8649
24.017
24.865
25.9156
25.789
24.7474
23.9184
24.7474
25.7891
25.631
24.5963
23.7842
24.5962
25.6308
25.4486
24.4194
23.6226
24.4192
25.4483
25.2478
24.2225
23.4396
24.2222
25.2473
25.0315
24.009
23.2391
24.0089
25.0311
24.8022
23.7819
23.0239
23.7818
24.802
24.5614
23.5427
22.7959
23.5427
24.5614
24.3097
23.2924
22.5563
23.2924
24.3097
24.0473
23.0315
22.3056
23.0315
24.0472
23.7737
22.76
22.0441
22.7599
23.7734
23.4885
22.4778
21.7717
22.4776
23.4881
23.1912
22.1847
21.4883
22.1845
23.1907
22.8813
21.8805
21.1939
21.8804
22.8809
22.5584
21.565
20.8884
21.5651
22.5583
22.2225
21.2383
20.5718
21.2385
22.2226
21.8735
20.9004
20.2441
20.9007
21.8739
21.5119
20.5515
19.9055
20.5519
21.5125
21.1381
20.192
19.5561
20.1924
21.1388
20.7526
19.8221
19.1961
19.8225
20.7533
20.3561
19.4421
18.8257
19.4423
20.3566
19.949
19.0521
18.4449
19.0523
19.9493
19.5318
18.6524
18.0538
18.6525
19.532
19.1052
18.2432
17.6524
18.2433
19.1053
18.6697
17.825
17.2409
17.8251
18.6698
18.2267
17.3986
16.8195
17.3988
18.2269
17.7782
16.9655
16.3895
16.9656
17.7784
17.3285
16.5277
15.953
16.5279
17.3287
16.8866
16.087
15.5137
16.0871
16.8868
16.4513
15.6413
15.0788
15.6414
16.4515
19.9946
19.1286
18.0411
19.1286
19.9946
22.254
21.1494
20.1798
21.1494
22.254
23.6184
22.5495
21.6263
22.5495
23.6184
24.5069
23.4609
22.583
23.4609
24.5069
25.06
24.0388
23.1998
24.0388
25.06
25.3835
24.3841
23.5783
24.3841
25.3836
25.5464
24.5657
23.7884
24.5658
25.5465
25.5957
24.631
23.8784
24.6311
25.5957
25.566
24.6141
23.8822
24.6141
25.5661
25.4789
24.5383
23.8255
24.5384
25.479
25.3472
24.4154
23.719
24.4154
25.3472
25.1839
24.2593
23.5777
24.2593
25.1839
24.9967
24.0778
23.4096
24.0778
24.9966
24.7912
23.8769
23.2208
23.8768
24.7911
24.571
23.6601
23.0152
23.6601
24.571
24.3386
23.4305
22.7959
23.4305
24.3385
24.0956
23.1898
22.565
23.1899
24.0956
23.8429
22.9393
22.3237
22.9394
23.8429
23.5811
22.6798
22.0729
22.6798
23.5811
23.3102
22.4116
21.8132
22.4116
23.3102
23.0303
22.1349
21.545
22.1349
23.0302
22.7413
21.85
21.2684
21.85
22.7412
22.4433
21.557
20.9837
21.5571
22.4432
22.1362
21.2562
20.6912
21.2562
22.1362
21.8204
20.9477
20.391
20.9478
21.8205
21.4963
20.6319
20.0834
20.6321
21.4964
21.1643
20.3092
19.7689
20.3094
21.1645
20.8251
19.9799
19.4475
19.9801
20.8253
20.479
19.6442
19.1193
19.6444
20.4793
20.1266
19.3023
18.7845
19.3025
20.1268
19.7681
18.9541
18.4427
18.9542
19.7683
19.4036
18.5994
18.0935
18.5996
19.4038
19.0331
18.2382
17.7367
18.2383
19.0333
18.6566
17.8702
17.3724
17.8703
18.6568
18.2743
17.4961
17.0012
17.4962
18.2745
17.8885
17.1178
16.6245
17.1179
17.8887
17.5043
16.7385
16.2447
16.7386
17.5044
17.1321
16.3619
15.866
16.3621
17.1323
16.7745
15.9878
15.4963
15.988
16.7746
20.0586
19.234
18.2528
19.234
20.0586
22.1871
21.1477
20.2732
21.1477
22.1872
23.472
22.47
21.6398
22.47
23.472
24.3132
23.3342
22.5463
23.3342
24.3132
24.8395
23.8843
23.1325
23.8843
24.8395
25.1479
24.2134
23.4923
24.2135
25.148
25.302
24.3853
23.6904
24.3854
25.302
25.3455
24.4442
23.7719
24.4443
25.3455
25.3115
24.4226
23.7692
24.4226
25.3116
25.2197
24.342
23.7062
24.3421
25.2198
25.0834
24.2147
23.5939
24.2147
25.0835
24.9153
24.0541
23.4468
24.0541
24.9153
24.723
23.8681
23.2731
23.8681
24.723
24.5125
23.6627
23.0789
23.6627
24.5124
24.2875
23.442
22.8683
23.442
24.2874
24.0508
23.2089
22.6448
23.2089
24.0508
23.8044
22.9657
22.4105
22.9657
23.8044
23.5497
22.7139
22.1671
22.7139
23.5497
23.2875
22.4546
21.9158
22.4546
23.2875
23.0185
22.1885
21.6575
22.1885
23.0185
22.7431
21.9165
21.3931
21.9165
22.7431
22.462
21.6391
21.1231
21.6391
22.4619
22.1754
21.3568
20.8481
21.3568
22.1754
21.8841
21.0703
20.5687
21.0704
21.8841
21.5888
20.7802
20.2856
20.7803
21.5888
21.29
20.4871
19.9993
20.4872
21.2901
20.9886
20.1915
19.7101
20.1916
20.9887
20.6853
19.8938
19.4184
19.8939
20.6854
20.3803
19.5941
19.1242
19.5942
20.3804
20.0739
19.2923
18.8272
19.2924
20.074
19.7658
18.9879
18.5268
18.988
19.766
19.4552
18.6802
18.2225
18.6803
19.4554
19.1418
18.369
17.9138
18.3691
19.1419
18.8254
18.0541
17.6
18.0542
18.8255
18.5065
17.7357
17.2814
17.7358
18.5067
18.1867
17.415
16.9589
17.4151
18.1868
17.87
17.0944
16.6346
17.0945
17.8702
17.5661
16.7775
16.3127
16.7776
17.5663
17.278
16.4649
16.0006
16.465
17.2781
20.098
19.2986
18.3821
19.2986
20.098
22.1482
21.1482
20.3307
21.1482
22.1483
23.3868
22.4245
21.6495
22.4245
23.3868
24.2001
23.2605
22.5256
23.2606
24.2001
24.7101
23.7936
23.0928
23.7937
24.7101
25.0088
24.1124
23.4406
24.1124
25.0088
25.1565
24.2776
23.6306
24.2776
25.1566
25.1953
24.3315
23.7059
24.3316
25.1953
25.1571
24.3057
23.698
24.3058
25.1571
25.0603
24.2204
23.6294
24.2205
25.0604
24.9188
24.0883
23.5116
24.0884
24.9189
24.745
23.9226
23.3588
23.9226
24.745
24.5466
23.7313
23.1793
23.7314
24.5467
24.33
23.5207
22.9792
23.5207
24.33
24.099
23.2948
22.7632
23.2948
24.099
23.8569
23.0572
22.5348
23.0572
23.8569
23.6061
22.8103
22.2964
22.8103
23.6061
23.3482
22.556
22.0502
22.5561
23.3482
23.0847
22.2959
21.7977
22.2959
23.0847
22.8166
22.0311
21.5403
22.0312
22.8167
22.5452
21.7629
21.2792
21.763
22.5452
22.2713
21.4924
21.0154
21.4924
22.2713
21.996
21.2205
20.7501
21.2205
21.996
21.7205
20.9483
20.4842
20.9483
21.7205
21.4459
20.6768
20.2187
20.6769
21.4459
21.1732
20.407
19.9545
20.407
21.1732
20.9034
20.1396
19.6921
20.1396
20.9035
20.6374
19.875
19.432
19.8751
20.6375
20.3755
19.6134
19.1741
19.6135
20.3756
20.1175
19.3545
18.9181
19.3545
20.1176
19.863
19.0976
18.6631
19.0977
19.8631
19.6112
18.8418
18.4081
18.8419
19.6113
19.3607
18.5857
18.1516
18.5858
19.3608
19.1101
18.3282
17.8926
18.3283
19.1102
18.8587
18.0689
17.6304
18.069
18.8588
18.6072
17.8081
17.3651
17.8082
18.6073
18.3593
17.5476
17.0981
17.5477
18.3594
18.1238
17.2905
16.8329
17.2906
18.1239
17.9037
17.0369
16.576
17.037
17.9038
20.1195
19.3333
18.4515
19.3333
20.1195
22.1281
21.149
20.3619
21.149
22.1281
23.3423
22.4011
21.6553
22.4011
23.3423
24.1406
23.2219
22.515
23.2219
24.1406
24.641
23.7452
23.0714
23.7453
24.6411
24.9332
24.0573
23.4116
24.0574
24.9332
25.0757
24.2174
23.5957
24.2174
25.0758
25.1096
24.2667
23.6658
24.2667
25.1097
25.0666
24.2364
23.653
24.2364
25.0666
24.9639
24.1457
23.5787
24.1457
24.9639
24.816
24.008
23.455
24.008
24.8161
24.6353
23.8362
23.296
23.8362
24.6353
24.4296
23.6385
23.1099
23.6385
24.4296
24.2055
23.4214
22.9034
23.4214
24.2055
23.9673
23.1893
22.6811
23.1893
23.9673
23.7184
22.9459
22.4468
22.9459
23.7185
23.4618
22.6941
22.2034
22.6941
23.4618
23.1994
22.4361
21.9535
22.4361
23.1995
22.9334
22.1739
21.6989
22.174
22.9334
22.6651
21.9092
21.4414
21.9093
22.6652
22.3963
21.6437
21.1827
21.6437
22.3964
22.1287
21.3789
20.9245
21.379
22.1287
21.8638
21.1165
20.6682
21.1165
21.8639
21.6034
20.8579
20.4153
20.858
21.6034
21.349
20.6047
20.1673
20.6048
21.349
21.1022
20.3582
19.9253
20.3582
21.1023
20.8645
20.1194
19.6905
20.1194
20.8646
20.6369
19.8891
19.4632
19.8892
20.637
20.4198
19.6676
19.2438
19.6676
20.4199
20.2134
19.4545
19.0317
19.4546
20.2134
20.0167
19.2489
18.8259
19.249
20.0168
19.8283
19.0493
18.6247
19.0493
19.8284
19.6459
18.8534
18.4259
18.8535
19.646
19.4674
18.6594
18.2276
18.6595
19.4675
19.2906
18.4655
18.0278
18.4656
19.2907
19.115
18.2708
17.8255
18.2709
19.1152
18.9428
18.0759
17.6208
18.076
18.9429
18.7815
17.8824
17.4156
17.8824
18.7816
18.6333
17.6897
17.2155
17.6898
18.6334
20.1261
19.3431
18.4717
19.3431
20.1261
22.1228
21.1495
20.3715
21.1495
22.1228
23.3296
22.3943
21.6574
22.3943
23.3296
24.1226
23.21
22.5116
23.21
24.1226
24.6186
23.7292
23.0635
23.7292
24.6186
24.9065
24.0373
23.3996
24.0373
24.9065
25.0444
24.1932
23.5795
24.1932
25.0445
25.0731
24.2378
23.6449
24.2379
25.0731
25.0244
24.2026
23.6271
24.2026
25.0244
24.9146
24.1057
23.5467
24.1058
24.9147
24.7592
23.9614
23.4166
23.9614
24.7593
24.5703
23.7824
23.2506
23.7825
24.5703
24.3559
23.5772
23.0573
23.5773
24.356
24.123
23.3525
22.8433
23.3525
24.1231
23.8761
23.1128
22.6137
23.1128
23.8762
23.619
22.8623
22.3726
22.8623
23.6191
23.355
22.6041
22.1232
22.6042
23.355
23.0865
22.3409
21.8682
22.341
23.0866
22.8161
22.0751
21.6102
22.0752
22.8162
22.5459
21.8089
21.3513
21.8089
22.546
22.278
21.5444
21.0937
21.5444
22.2781
22.0148
21.2837
20.8395
21.2838
22.0148
21.7584
21.0291
20.5907
21.0291
21.7584
21.5112
20.7825
20.3495
20.7825
21.5112
21.2754
20.546
20.1178
20.5461
21.2755
21.0533
20.3216
19.8972
20.3216
21.0533
20.8467
20.1108
19.6894
20.1108
20.8468
20.6573
19.9147
19.4954
19.9148
20.6573
20.4858
19.7342
19.3156
19.7343
20.4859
20.3331
19.5693
19.1498
19.5694
20.3332
20.1983
19.4187
18.9968
19.4188
20.1984
20.0791
19.2804
18.8545
19.2805
20.0791
19.9726
19.1517
18.7201
19.1518
19.9727
19.8756
19.0293
18.5903
19.0294
19.8757
19.7843
18.91
18.4617
18.9101
19.7844
19.6962
18.7911
18.3314
18.7911
19.6963
19.6113
18.6709
18.1974
18.671
19.6114
19.5351
18.5491
18.0597
18.5492
19.5352
19.4681
18.4233
17.9215
18.4233
19.4682
20.1185
19.3292
18.4458
19.3292
20.1185
22.1312
21.1493
20.3607
21.1493
22.1312
23.3462
22.4028
21.6557
22.4028
23.3463
24.1428
23.2226
22.5146
23.2226
24.1429
24.6392
23.7427
23.068
23.7427
24.6392
24.9249
24.0495
23.4032
24.0495
24.9249
25.0588
24.2021
23.5803
24.2022
25.0588
25.0818
24.2421
23.6416
24.2422
25.0819
25.0267
24.2015
23.6189
24.2015
25.0267
24.9089
24.0977
23.5321
24.0978
24.909
24.7449
23.946
23.3951
23.946
24.745
24.5467
23.759
23.2216
23.7591
24.5467
24.3226
23.5454
23.0204
23.5454
24.3227
24.0797
23.3119
22.7983
23.312
24.0797
23.8226
23.0635
22.5606
23.0636
23.8227
23.5558
22.8046
22.3116
22.8046
23.5559
23.2826
22.5386
22.0549
22.5386
23.2827
23.0062
22.2685
21.7937
22.2686
23.0063
22.7294
21.9973
21.5308
21.9974
22.7295
22.4548
21.7275
21.2687
21.7275
22.4549
22.1853
21.4617
21.0102
21.4618
22.1854
21.9237
21.2027
20.7579
21.2028
21.9237
21.6728
20.9532
20.5144
20.9532
21.6728
21.4357
20.7158
20.2823
20.7159
21.4357
21.2154
20.4934
20.0644
20.4935
21.2155
21.0149
20.2885
19.8631
20.2886
21.015
20.8371
20.1036
19.6805
20.1036
20.8372
20.6843
19.9405
19.5185
19.9406
20.6844
20.5583
19.8008
19.3783
19.8008
20.5584
20.4606
19.6851
19.2601
19.6851
20.4607
20.3909
19.5926
19.1632
19.5926
20.3909
20.3471
19.5213
19.0854
19.5214
20.3472
20.3264
19.468
19.0232
19.468
20.3265
20.3239
19.4282
18.9724
19.4283
20.324
20.3337
19.3967
18.9274
19.3968
20.3338
20.3512
19.3683
18.8829
19.3683
20.3513
20.3725
19.338
18.8336
19.338
20.3726
20.3995
19.3018
18.7759
19.3019
20.3996
20.4296
19.2539
18.7095
19.2539
20.4297
20.0954
19.2897
18.3699
19.2898
20.0955
22.1545
21.1485
20.3279
21.1485
22.1546
23.3952
22.4281
21.6503
22.4281
23.3952
24.2055
23.2624
22.5253
23.2625
24.2056
24.7076
23.7894
23.0869
23.7894
24.7076
24.9937
24.0978
23.4249
24.0978
24.9938
25.1244
24.2486
23.6012
24.2486
25.1245
25.1419
24.2843
23.6593
24.2844
25.142
25.08
24.2382
23.632
24.2382
25.0801
24.9536
24.1273
23.539
24.1273
24.9537
24.7802
23.9676
23.395
23.9677
24.7803
24.5718
23.7721
23.214
23.7722
24.5719
24.3371
23.5494
23.0046
23.5495
24.3372
24.0831
23.3066
22.774
23.3066
24.0832
23.815
23.0487
22.5277
23.0487
23.8151
23.5371
22.7803
22.2702
22.7804
23.5372
23.2534
22.5053
22.0054
22.5053
23.2535
22.9671
22.2269
21.7366
22.2269
22.9673
22.6817
21.9483
21.4671
21.9484
22.6818
22.4002
21.6726
21.2
21.6727
22.4003
22.1258
21.4029
20.9382
21.4029
22.1259
21.862
21.1423
20.685
21.1424
21.8621
21.6125
20.8943
20.4435
20.8943
21.6126
21.3809
20.6622
20.2171
20.6622
21.381
21.1712
20.4496
20.0093
20.4496
21.1713
20.9875
20.26
19.8233
20.2601
20.9876
20.8339
20.097
19.6624
20.0971
20.834
20.7141
19.9637
19.5296
19.9638
20.7142
20.6314
19.8627
19.4271
19.8627
20.6315
20.5885
19.7958
19.3565
19.7959
20.5885
20.5865
19.7636
19.3179
19.7636
20.5865
20.6242
19.765
19.3102
19.7651
20.6243
20.701
19.7965
19.3295
19.7965
20.701
20.8104
19.8542
19.3715
19.8542
20.8105
20.945
19.9298
19.4283
19.9298
20.9451
21.096
20.0147
19.4908
20.0147
21.096
21.2547
20.099
19.549
20.0991
21.2548
21.4165
20.1728
19.5934
20.1728
21.4165
21.572
20.2232
19.6174
20.2233
21.5721
20.0531
19.2185
18.2322
19.2185
20.0532
22.1965
21.1473
20.2678
21.1473
22.1965
23.4856
22.4755
21.641
22.4755
23.4856
24.3232
23.3381
22.5465
23.3381
24.3233
24.8386
23.8799
23.1251
23.8799
24.8387
25.1292
24.1944
23.4712
24.1944
25.1293
25.2588
24.3457
23.6498
24.3458
25.2589
25.2715
24.3785
23.7066
24.3785
25.2716
25.2032
24.3276
23.6761
24.3277
25.2033
25.0683
24.21
23.5779
24.2101
25.0684
24.8854
24.0427
23.4277
24.0428
24.8855
24.6668
23.8388
23.2396
23.8388
24.6669
24.4211
23.607
23.0225
23.6071
24.4212
24.1556
23.3546
22.7837
23.3547
24.1558
23.8756
23.0868
22.5288
23.0869
23.8758
23.5856
22.8083
22.2625
22.8084
23.5858
23.2899
22.5232
21.9889
22.5233
23.2901
22.992
22.2351
21.7117
22.2352
22.9922
22.6955
21.9474
21.4344
21.9474
22.6957
22.404
21.6634
21.1602
21.6634
22.4042
22.1212
21.3867
20.8926
21.3867
22.1214
21.851
21.1209
20.6353
21.121
21.8512
21.5976
20.87
20.3921
20.8701
21.5978
21.3657
20.6381
20.1669
20.6382
21.3658
21.1601
20.4296
19.964
20.4297
21.1602
20.9861
20.2492
19.7878
20.2493
20.9863
20.8494
20.1018
19.643
20.1019
20.8495
20.7557
19.9922
19.5339
19.9923
20.7558
20.7106
19.9249
19.4648
19.925
20.7107
20.7189
19.9041
19.4393
19.9041
20.719
20.7838
19.9316
19.4591
19.9317
20.7839
20.9109
20.0104
19.5258
20.0104
20.9109
21.0985
20.1394
19.6387
20.1394
21.0985
21.3431
20.3134
19.7918
20.3135
21.3431
21.6366
20.5241
19.9764
20.5242
21.6367
21.9666
20.7588
20.1796
20.7588
21.9667
22.317
21.0004
20.3843
21.0004
22.317
22.6718
21.2284
20.5711
21.2285
22.6718
23.007
21.4171
20.7214
21.4171
23.007
19.9834
19.1031
18.0083
19.1031
19.9835
22.2656
21.1465
20.1698
21.1465
22.2657
23.6376
22.5564
21.6268
22.5565
23.6377
24.5232
23.4673
22.5837
23.4674
24.5233
25.0635
24.0358
23.192
24.0358
25.0635
25.365
24.3633
23.5539
24.3633
25.3651
25.4972
24.5194
23.74
24.5194
25.4973
25.5075
24.5519
23.799
24.552
25.5076
25.4345
24.4983
23.7678
24.4984
25.4346
25.2924
24.3758
23.667
24.3759
25.2925
25.1012
24.2022
23.5125
24.2023
25.1013
24.873
23.991
23.319
23.991
24.8731
24.6168
23.751
23.0956
23.7511
24.617
24.3401
23.4897
22.8498
23.4898
24.3403
24.048
23.2123
22.5872
23.2124
24.0483
23.7455
22.9237
22.3127
22.9239
23.7458
23.4367
22.6281
22.0305
22.6283
23.437
23.1255
22.3292
21.7445
22.3294
23.1259
22.8159
22.0308
21.4583
22.0309
22.8162
22.5115
21.7363
21.1755
21.7364
22.5117
22.2163
21.4496
20.9
21.4498
22.2166
21.9349
21.1748
20.6356
21.175
21.9351
21.6719
20.9163
20.3865
20.9164
21.6721
21.4326
20.6787
20.1576
20.6789
21.4328
21.2229
20.4675
19.9537
20.4677
21.2232
21.0494
20.2885
19.7805
20.2886
21.0497
20.9195
20.1479
19.644
20.1481
20.9196
20.8412
20.0529
19.5506
20.053
20.8413
20.8234
20.0106
19.5072
20.0106
20.8235
20.873
20.0276
19.5199
20.0276
20.873
21.0017
20.1108
19.5943
20.1108
21.0017
21.2195
20.2699
19.7393
20.2699
21.2195
21.5316
20.5068
19.9559
20.5068
21.5315
21.9407
20.8214
20.2429
20.8214
21.9407
22.4433
21.2076
20.5931
21.2076
22.4432
23.0265
21.6507
20.9911
21.6507
23.0265
23.6664
22.1252
21.4111
22.1252
23.6664
24.329
22.5933
21.8172
22.5933
24.329
24.9598
23.0034
22.1676
23.0034
24.9598
19.8695
18.9202
17.6526
18.9202
19.8695
22.3811
21.15
20.0137
21.15
22.3811
23.8947
22.695
21.6056
22.695
23.8948
24.862
23.6855
22.6452
23.6856
24.8621
25.4458
24.2988
23.3019
24.2988
25.4459
25.7693
24.6504
23.6917
24.6504
25.7694
25.9112
24.8186
23.8935
24.8187
25.9114
25.9242
24.8564
23.9612
24.8565
25.9244
25.8502
24.8041
23.9344
24.8042
25.8503
25.7044
24.6805
23.8357
24.6806
25.7046
25.5073
24.5037
23.6808
24.5038
25.5075
25.2717
24.2876
23.4853
24.2877
25.2719
25.0068
24.0416
23.2587
24.0417
25.007
24.72
23.7731
23.0084
23.7733
24.7204
24.4168
23.4874
22.7403
23.4877
24.4172
24.1018
23.1896
22.4592
23.1899
24.1024
23.7797
22.8838
22.1697
22.8841
23.7802
23.4542
22.574
21.8755
22.5743
23.4548
23.1297
22.264
21.5807
22.2642
23.1301
22.8097
21.9575
21.2888
21.9576
22.81
22.4986
21.6584
21.0038
21.6586
22.4989
22.2012
21.3712
20.73
21.3713
22.2015
21.9226
21.1004
20.4719
21.1006
21.9229
21.6685
20.8514
20.2346
20.8516
21.6688
21.4457
20.6302
20.0239
20.6304
21.446
21.2618
20.4436
19.8463
20.4437
21.262
21.1258
20.2995
19.7093
20.2995
21.1259
21.0484
20.2069
19.6215
20.2069
21.0483
21.0419
20.1765
19.5927
20.1764
21.0417
21.1169
20.2177
19.6317
20.2176
21.1167
21.2954
20.3463
19.7527
20.3462
21.2952
21.5968
20.5797
19.9716
20.5795
21.5966
22.0397
20.9301
20.2987
20.93
22.0394
22.6432
21.4101
20.744
21.41
22.643
23.4215
22.0255
21.3105
22.0255
23.4214
24.376
22.7694
21.9882
22.7693
24.376
25.4852
23.6125
22.7462
23.6125
25.4852
26.6941
24.4934
23.5247
24.4934
26.694
27.889
25.3093
24.2359
25.3093
27.889
19.6677
18.6269
17.0809
18.627
19.6678
22.5879
21.1743
19.7653
21.1743
22.588
24.355
22.9471
21.5747
22.9471
24.3551
25.4638
24.0681
22.7446
24.0681
25.464
26.1236
24.7553
23.4782
24.7554
26.1237
26.4892
25.1496
23.9149
25.1497
26.4894
26.6551
25.3435
24.147
25.3436
26.6552
26.6816
25.397
24.2351
25.3971
26.6816
26.6146
25.3538
24.2216
25.3538
26.6143
26.4724
25.2367
24.1338
25.2367
26.4723
26.2748
25.0621
23.9855
25.0622
26.275
26.0362
24.8461
23.7942
24.8461
26.0365
25.7659
24.5979
23.5695
24.5981
25.7665
25.4718
24.3254
23.3193
24.3258
25.4727
25.1591
24.034
23.0495
24.0346
25.1602
24.833
23.7288
22.7652
23.7294
24.8341
24.498
23.4143
22.471
23.4148
24.4992
24.1581
23.0943
22.171
23.0948
24.1592
23.8179
22.7731
21.8691
22.7733
23.8183
23.4807
22.454
21.5691
22.4539
23.4806
23.1508
22.1411
21.275
22.1411
23.1507
22.8334
21.839
20.9912
21.8391
22.8333
22.5339
21.5527
20.7225
21.5528
22.5336
22.2584
21.2877
20.4744
21.2877
22.2581
22.0141
21.0504
20.253
21.0503
22.0137
21.809
20.8481
20.0653
20.8479
21.8085
21.6533
20.6899
19.9201
20.6896
21.6526
21.5597
20.5867
19.8278
20.5862
21.5587
21.5438
20.5521
19.8011
20.5515
21.5426
21.6209
20.5997
19.8526
20.5991
21.6198
21.822
20.7531
20.0044
20.7524
21.8208
22.1824
21.0429
20.2843
21.0423
22.1813
22.7416
21.4986
20.7185
21.4982
22.7407
23.5524
22.1582
21.3396
22.1579
23.5518
24.6757
23.0617
22.1804
23.0615
24.6753
26.1713
24.2403
23.2627
24.2402
26.1711
28.0744
25.6942
24.5768
25.6941
28.0743
30.3495
27.3526
26.0476
27.3526
30.3495
32.7943
29.017
27.4979
29.017
32.7942
19.2295
18.154
16.1608
18.154
19.2296
22.999
21.2908
19.3928
21.2909
22.9991
25.2656
23.4651
21.5556
23.4651
25.2657
26.6355
24.8037
22.9292
24.8038
26.6356
27.4363
25.6162
23.7856
25.6163
27.4365
27.8879
26.0889
24.303
26.089
27.8881
28.1108
26.336
24.5925
26.3359
28.1102
28.1767
26.4274
24.7234
26.427
28.1747
28.1342
26.4095
24.741
26.4088
28.1312
28.0109
26.3129
24.6787
26.3126
28.009
27.8243
26.1512
24.5499
26.1514
27.8244
27.5918
25.9436
24.3728
25.9435
27.593
27.3227
25.6997
24.1584
25.7001
27.3247
27.0256
25.428
23.9152
25.429
27.0278
26.7068
25.1343
23.6494
25.1355
26.7086
26.3717
24.8242
23.3665
24.8255
26.3743
26.0257
24.5027
23.0715
24.5039
26.0291
25.6727
24.1738
22.7689
24.1749
25.6755
25.3176
23.8423
22.4629
23.8419
25.3181
24.9628
23.5109
22.1573
23.5094
24.9603
24.6116
23.1834
21.8563
23.1824
24.6092
24.2717
22.8655
21.5644
22.8646
24.2692
23.9481
22.5621
21.2866
22.5605
23.9441
23.6476
22.279
21.0287
22.2775
23.6433
23.3774
22.0229
20.797
22.0214
23.3739
23.1449
21.8009
20.5989
21.7992
23.1412
22.9596
21.6223
20.4434
21.6205
22.9555
22.8364
21.4996
20.3424
21.4975
22.8314
22.7927
21.4483
20.3111
21.4462
22.788
22.8486
21.4858
20.3653
21.4838
22.8444
23.0376
21.6408
20.5341
21.6389
23.0337
23.413
21.9594
20.859
21.9576
23.4096
24.0391
22.4915
21.3855
22.4902
24.0366
25.0165
23.3145
22.183
23.3136
25.015
26.4997
24.5378
23.3459
24.5373
26.4988
28.7069
26.3047
24.9937
26.3045
28.7064
31.9271
28.7772
27.2493
28.777
31.9268
36.444
32.0445
30.1537
32.0445
36.4439
42.1918
35.8397
33.4351
35.8397
42.1917
17.9928
17.5789
14.8977
17.579
17.9929
24.0461
21.9965
19.1915
21.9966
24.0462
27.4728
24.9372
21.9546
24.9372
27.4729
29.3966
26.6746
23.6719
26.6746
29.3968
30.51
27.7333
24.752
27.7333
30.5102
31.1726
28.377
25.4308
28.3769
31.1722
31.5487
28.7499
25.8427
28.7483
31.544
31.7183
28.9345
26.0679
28.9314
31.7057
31.7462
28.9821
26.1568
28.9773
31.7273
31.671
28.9314
26.1453
28.9286
31.6561
31.5162
28.8051
26.0608
28.8064
31.5237
31.3251
28.6215
25.9134
28.6228
31.3303
31.0854
28.3905
25.7185
28.3913
31.0747
30.7932
28.1221
25.4871
28.1227
30.7915
30.4728
27.8253
25.2266
27.8248
30.4661
30.1308
27.5071
24.9442
27.508
30.1315
29.7771
27.1743
24.6461
27.1764
29.783
29.4127
26.831
24.3375
26.8325
29.4028
29.0435
26.4832
24.0239
26.4818
29.0174
28.6703
26.1333
23.7097
26.127
28.6405
28.2921
25.7837
23.3993
25.7781
28.2646
27.9165
25.4432
23.0977
25.4388
27.9031
27.5631
25.1178
22.8102
25.111
27.5498
27.2358
24.8146
22.5444
24.8081
27.2238
26.9508
24.5413
22.3071
24.5363
26.9505
26.7149
24.3049
22.1052
24.2986
26.7017
26.4995
24.1115
21.9485
24.1054
26.4941
26.3574
23.9792
21.8515
23.972
26.3424
26.2978
23.9249
21.8333
23.9186
26.2758
26.3509
23.9696
21.9122
23.9643
26.3257
26.5483
24.1486
22.128
24.1429
26.5198
26.9273
24.5173
22.5328
24.5125
26.9039
27.5813
25.1482
23.1945
25.1449
27.5655
28.6438
26.1652
24.2298
26.1634
28.6404
30.4508
27.7903
25.8338
27.7893
30.4491
33.4991
30.3928
28.3335
30.3922
33.4982
38.7962
34.6027
32.2586
34.6024
38.7958
48.3615
41.4847
38.4129
41.4846
48.3613
65.0628
51.9051
47.4914
51.9051
65.0628
14.427
20.1299
17.5839
20.13
14.4271
28.8731
29.18
26.1968
29.1801
28.8733
35.4566
34.2607
30.9341
34.2609
35.4568
38.9615
37.3934
33.9655
37.3935
38.9617
41.1325
39.4449
35.9847
39.445
41.1327
42.5646
40.8194
37.3506
40.8193
42.5645
43.5046
41.7269
38.2637
41.7245
43.4977
44.0892
42.2937
38.8465
42.2884
44.0716
44.399
42.6019
39.1788
42.5935
44.3681
44.4899
42.6982
39.3121
42.694
44.4682
44.4625
42.658
39.3011
42.6584
44.4554
44.3113
42.5021
39.1871
42.503
44.3189
44.0448
42.2321
38.957
42.235
44.0537
43.7009
41.8879
38.6553
41.8932
43.7086
43.3043
41.4849
38.2944
41.4904
43.2998
42.8621
41.0363
37.8866
41.0427
42.8683
42.3985
40.5567
37.4458
40.5619
42.41
41.9063
40.0528
36.9829
40.0584
41.9197
41.4107
39.5409
36.5131
39.5399
41.4167
40.9118
39.0258
36.0453
39.0159
40.8831
40.3925
38.5108
35.5844
38.5059
40.377
39.9109
38.0192
35.141
38.0143
39.9018
39.4533
37.5581
34.724
37.5464
39.4238
39.0441
37.141
34.3473
37.1293
39.0148
38.7075
36.7824
34.0245
36.7718
38.6872
38.4399
36.4956
33.7699
36.4852
38.4136
38.2449
36.3017
33.6026
36.2927
38.2221
38.184
36.239
33.5519
36.2279
38.1532
38.2708
36.3281
33.6485
36.3192
38.2472
38.5628
36.6239
33.9482
36.6185
38.5494
39.1432
37.2322
34.5462
37.2277
39.1272
40.0854
38.2471
35.5306
38.2431
40.0729
41.5258
39.8368
37.0611
39.8327
41.5155
43.599
42.2389
39.3708
42.237
43.599
47.4836
45.8844
42.8444
45.8831
47.4812
53.5251
51.5172
48.1825
51.5164
53.5238
63.3193
60.5268
56.6727
60.5263
63.3186
84.0251
76.8297
71.4189
76.8293
84.0245
169.864
131.424
119.364
131.423
169.864
17.818
15.7214
14.4368
15.7215
17.818
15.9544
14.1235
12.3124
14.1236
15.9545
15.0781
14.0525
12.9265
14.0526
15.0782
15.1017
14.3425
13.5528
14.3426
15.1019
15.4696
14.7986
14.1641
14.7987
15.4697
16.0485
15.3702
14.8046
15.3703
16.0486
16.7624
16.0304
15.4887
16.0305
16.7625
17.5892
16.7684
16.223
16.7684
17.5893
18.5251
17.5825
17.0127
17.5826
18.5252
19.5805
18.4807
17.8676
18.4807
19.5806
20.7841
19.4844
18.8085
19.4844
20.7842
22.2027
20.6436
19.8795
20.6437
22.2028
23.9774
22.061
21.1697
22.061
23.9775
26.4144
23.9502
22.8612
23.9503
26.4145
30.1823
26.7487
25.3173
26.7487
30.1824
36.8339
31.3789
29.2783
31.3789
36.834
50.43
40.0787
36.5633
40.0787
50.43
84.4185
59.5346
52.8493
59.5346
84.4185
191.8
112.894
98.1282
112.894
191.8
18.9831
16.8417
15.5824
16.8418
18.9831
16.3664
14.4689
12.7595
14.4691
16.3665
15.221
14.1909
13.1679
14.1911
15.2211
15.1352
14.3806
13.6806
14.3808
15.1354
15.443
14.7755
14.2201
14.7756
15.4432
15.9782
15.3047
14.8102
15.3048
15.9783
16.6537
15.9304
15.4561
15.9305
16.6538
17.4423
16.6375
16.1585
16.6376
17.4425
18.3382
17.4222
16.9202
17.4223
18.3383
19.3495
18.2909
17.7495
18.291
19.3496
20.5065
19.2669
18.6681
19.267
20.5067
21.8795
20.4038
19.7241
20.4038
21.8796
23.6148
21.8105
21.0137
21.8105
23.6149
26.0288
23.712
22.7305
23.712
26.0289
29.8245
26.5783
25.2705
26.5784
29.8246
36.7239
31.4508
29.4815
31.4508
36.724
51.5053
41.0076
37.5365
41.0076
51.5053
89.4821
62.756
55.6314
62.756
89.4821
196.591
115.279
98.9117
115.279
196.591
20.2562
18.0644
16.7905
18.0646
20.2562
16.9925
14.9948
13.314
14.995
16.9926
15.6047
14.5239
13.5376
14.524
15.6048
15.3993
14.6102
13.942
14.6103
15.3995
15.6346
14.9348
14.4093
14.9349
15.6348
16.1127
15.4133
14.9467
15.4134
16.1129
16.7403
15.9974
15.5503
15.9975
16.7405
17.4831
16.667
16.2159
16.6671
17.4832
18.3322
17.4159
16.9435
17.4159
18.3323
19.2954
18.2496
17.7405
18.2496
19.2955
20.4004
19.1897
18.6279
19.1898
20.4005
21.7135
20.2876
19.6519
20.2876
21.7136
23.3805
21.6529
20.9092
21.653
23.3806
25.7072
23.5063
22.5913
23.5064
25.7072
29.3684
26.3075
25.0885
26.3075
29.3684
36.031
31.0899
29.2518
31.0899
36.031
50.4132
40.5857
37.3227
40.5857
50.4132
87.862
62.5096
55.7008
62.5096
87.862
193.997
116.277
100.338
116.277
193.997
21.6407
19.386
18.0563
19.3862
21.6407
17.8134
15.6764
13.9567
15.6766
17.8135
16.1903
15.0113
14.0083
15.0114
16.1905
15.8469
14.9829
14.3049
14.983
15.8471
15.9944
15.2287
14.6987
15.2289
15.9945
16.4019
15.6479
15.1796
15.648
16.402
16.9731
16.1836
15.737
16.1837
16.9733
17.6624
16.8093
16.3613
16.8094
17.6626
18.4571
17.5153
17.0492
17.5153
18.4572
19.3625
18.3047
17.806
18.3048
19.3626
20.4045
19.1974
18.6507
19.1975
20.4046
21.6444
20.2416
19.6268
20.2416
21.6445
23.2149
21.5374
20.8233
21.5375
23.215
25.391
23.2866
22.4155
23.2866
25.3911
28.7631
25.8989
24.7535
25.8989
28.7631
34.7384
30.2801
28.5903
30.2801
34.7384
47.262
38.8356
35.948
38.8356
47.262
80.0832
58.8776
53.1061
58.8776
80.0832
186.729
116.399
102.826
116.399
186.729
793.027
525.248
458.211
525.248
793.028
370.115
199.641
169.838
199.641
370.115
378.045
199.975
169.486
199.975
378.044
795.518
503.408
437.598
503.407
795.517
530.449
350.166
307.688
350.166
530.45
379.358
192.082
161.836
192.082
379.358
381.984
192.409
161.789
192.409
381.984
525.126
340.351
298.489
340.351
525.125
412.904
269.691
237.769
269.691
412.905
363.724
175.577
145.581
175.577
363.724
364.235
174.949
145.014
174.949
364.234
400.063
260.279
229.581
260.279
400.062
296.482
184.341
160.971
184.341
296.482
320.572
142.684
115.646
142.684
320.572
318.557
141.743
114.902
141.743
318.556
284.425
176.889
154.667
176.889
284.425
2.36054
2.00403
1.72247
2.00406
2.36053
7.75232
7.54227
6.50454
7.54235
7.75226
12.578
12.3282
10.9705
12.3283
12.5779
16.4621
16.0916
14.5862
16.0917
16.462
19.4825
19.094
17.5289
19.0941
19.4825
22.0059
21.6024
20.0015
21.6025
22.0059
24.2184
23.7794
22.1437
23.7795
24.2184
26.2125
25.7137
24.0375
25.7139
26.2125
28.029
27.4448
25.7203
27.445
28.029
29.6681
28.9722
27.1927
28.9724
29.6681
31.0902
30.2604
28.4208
30.2605
31.0903
32.198
31.2259
29.3275
31.2261
32.198
32.8521
31.6731
29.7185
31.6732
32.8521
33.0659
31.4046
29.4217
31.4047
33.0659
32.5991
30.2018
28.3158
30.2019
32.5992
31.0078
28.0395
26.3187
28.0395
31.0078
27.2354
24.24
22.5616
24.2401
27.2354
19.1667
16.9381
15.507
16.9381
19.1667
6.32589
5.35105
4.74412
5.35107
6.32589
10.8486
10.2128
8.3022
10.2129
10.8484
15.0763
13.8022
10.4875
13.8024
15.0762
16.664
15.3092
12.5588
15.3094
16.6639
17.7557
16.4499
14.0492
16.45
17.7557
18.7263
17.4209
15.2369
17.4211
18.7263
19.7141
18.3482
16.2871
18.3483
19.7141
20.756
19.2755
17.2751
19.2757
20.756
21.8647
20.2205
18.2362
20.2206
21.8647
23.0486
21.1913
19.1873
21.1915
23.0486
24.315
22.1944
20.1362
22.1946
24.3151
25.6688
23.2276
21.0829
23.2278
25.6688
27.1176
24.2928
22.0254
24.2929
27.1177
28.6835
25.3972
22.9597
25.3974
28.6836
30.4266
26.5716
23.8951
26.5717
30.4266
32.417
27.8576
24.8474
27.8577
32.4171
34.6369
29.2084
25.721
29.2085
34.6369
35.9885
29.7502
25.6606
29.7503
35.9885
34.5033
28.7392
24.0514
28.7393
34.5033
31.6541
30.4574
25.8645
30.4575
31.654
15.0708
13.3123
11.6862
13.3124
15.0706
15.9132
14.2354
11.5796
14.2355
15.9132
15.9976
14.745
12.8212
14.7451
15.9976
16.3343
15.2944
13.7883
15.2946
16.3343
16.859
15.8955
14.61
15.8956
16.859
17.5402
16.5677
15.3952
16.5679
17.5403
18.3477
17.3082
16.1874
17.3084
18.3478
19.268
18.1144
17.0047
18.1145
19.2681
20.2997
18.9871
17.8573
18.9873
20.2997
21.4513
19.9324
18.7541
19.9325
21.4514
22.7434
20.9629
19.7075
20.963
22.7434
24.2207
22.1087
20.7421
22.1088
24.2208
25.9798
23.4343
21.909
23.4344
25.9798
28.2266
25.073
23.312
25.0731
28.2267
31.3684
27.2671
25.1339
27.2672
31.3684
36.0764
30.3797
27.6049
30.3798
36.0764
42.982
34.6618
30.9076
34.6619
42.9821
52.6478
41.1624
35.8542
41.1624
52.6478
70.6715
61.7854
54.1647
61.7855
70.6714
16.693
14.6586
13.2766
14.6588
16.693
15.8415
14.0451
11.9635
14.0453
15.8415
15.294
14.1915
12.8214
14.1917
15.294
15.4189
14.5784
13.5785
14.5785
15.419
15.8393
15.0896
14.2676
15.0898
15.8394
16.4543
15.7011
14.9618
15.7012
16.4544
17.203
16.3941
15.6877
16.3943
17.2031
18.0663
17.1614
16.4559
17.1615
18.0664
19.0416
18.0024
17.2732
18.0025
19.0417
20.1388
18.9243
18.1492
18.9244
20.1389
21.3843
19.9461
19.1019
19.9461
21.3844
22.8379
21.1103
20.1683
21.1104
22.838
24.6274
22.5073
21.4252
22.5073
24.6275
27.0283
24.3231
23.027
24.3232
27.0284
30.62
26.9236
25.2703
26.9236
30.6201
36.6131
31.0076
28.6927
31.0077
36.6131
47.5435
37.9966
34.454
37.9966
47.5435
71.362
52.9966
46.9876
52.9967
71.362
167.617
125.003
110.796
125.003
167.617
)
;

boundaryField
{
    empty
    {
        type            empty;
    }
    top
    {
        type            fixedValue;
        value           uniform 0.00754;
    }
    fixedwall
    {
        type            epsilonWallFunction;
        value           nonuniform List<scalar> 
585
(
14.7939
20.5615
17.9998
20.5616
14.794
29.1299
29.4212
26.4356
29.4213
29.13
35.6189
34.4374
31.1111
34.4375
35.619
39.1084
37.5698
34.1425
37.57
39.1086
41.3157
39.6624
36.1996
39.6626
41.3158
42.816
41.1087
37.6328
41.1085
42.8152
43.8465
42.1133
38.6383
42.1126
43.839
44.54
42.8005
39.3365
42.7994
44.5329
44.9917
43.2521
39.8067
43.2504
44.9861
45.2551
43.5262
40.1039
43.527
45.265
45.3995
43.6674
40.2668
43.6686
45.4294
45.4596
43.7068
40.3237
43.699
45.4546
45.4361
43.6632
40.3012
43.6499
45.3931
45.3287
43.5353
40.2037
43.5217
45.2661
45.119
43.3279
40.0299
43.3197
45.0776
44.8444
43.0653
39.8024
43.0653
44.8417
44.5407
42.7514
39.5213
42.7509
44.5277
44.2045
42.3885
39.1884
42.3798
44.1715
43.8008
41.973
38.8044
41.9586
43.7586
43.3555
41.5006
38.3672
41.4799
43.2784
42.855
40.9706
37.8755
40.9453
42.7597
42.2784
40.378
37.3269
40.3528
42.1857
41.6167
39.7202
36.7204
39.7049
41.5768
40.908
38.9998
36.0546
38.9977
40.9167
40.1585
38.2195
35.3271
38.2198
40.1466
39.3374
37.3728
34.5376
37.3737
39.3045
38.4423
36.4568
33.6847
36.4625
38.4184
37.471
35.473
32.7767
35.4872
37.505
36.4383
34.4266
31.8271
34.4419
36.5147
35.3817
33.3208
30.8198
33.3258
35.4053
34.2546
32.1494
29.7557
32.1498
34.2608
33.0379
30.913
28.6371
30.9136
33.0625
31.7828
29.6226
27.4668
29.6212
31.7876
30.4736
28.2828
26.2485
28.2819
30.4751
29.1118
26.8958
24.9839
26.8958
29.1115
27.6945
25.4658
23.6744
25.4661
27.6947
26.2338
23.9966
22.3197
23.9967
26.2338
24.7386
22.4826
20.9153
22.4827
24.7385
23.1913
20.8902
19.4531
20.8903
23.1912
14.427
20.1299
17.5839
20.13
14.4271
28.8731
29.18
26.1968
29.1801
28.8733
35.4566
34.2607
30.9341
34.2609
35.4568
38.9615
37.3934
33.9655
37.3935
38.9617
41.1325
39.4449
35.9847
39.445
41.1327
42.5646
40.8194
37.3506
40.8193
42.5645
43.5046
41.7269
38.2637
41.7245
43.4977
44.0892
42.2937
38.8465
42.2884
44.0716
44.399
42.6019
39.1788
42.5935
44.3681
44.4899
42.6982
39.3121
42.694
44.4682
44.4625
42.658
39.3011
42.6584
44.4554
44.3113
42.5021
39.1871
42.503
44.3189
44.0448
42.2321
38.957
42.235
44.0537
43.7009
41.8879
38.6553
41.8932
43.7086
43.3043
41.4849
38.2944
41.4904
43.2998
42.8621
41.0363
37.8866
41.0427
42.8683
42.3985
40.5567
37.4458
40.5619
42.41
41.9063
40.0528
36.9829
40.0584
41.9197
41.4107
39.5409
36.5131
39.5399
41.4167
40.9118
39.0258
36.0453
39.0159
40.8831
40.3925
38.5108
35.5844
38.5059
40.377
39.9109
38.0192
35.141
38.0143
39.9018
39.4533
37.5581
34.724
37.5464
39.4238
39.0441
37.141
34.3473
37.1293
39.0148
38.7075
36.7824
34.0245
36.7718
38.6872
38.4399
36.4956
33.7699
36.4852
38.4136
38.2449
36.3017
33.6026
36.2927
38.2221
38.184
36.239
33.5519
36.2279
38.1532
38.2708
36.3281
33.6485
36.3192
38.2472
38.5628
36.6239
33.9482
36.6185
38.5494
39.1432
37.2322
34.5462
37.2277
39.1272
40.0854
38.2471
35.5306
38.2431
40.0729
41.5258
39.8368
37.0611
39.8327
41.5155
43.599
42.2389
39.3708
42.237
43.599
47.4836
45.8844
42.8444
45.8831
47.4812
53.5251
51.5172
48.1825
51.5164
53.5238
63.3193
60.5268
56.6727
60.5263
63.3186
84.0251
76.8297
71.4189
76.8293
84.0245
169.864
131.424
119.364
131.423
169.864
17.818
15.7214
14.4368
15.7215
17.818
18.9831
16.8417
15.5824
16.8418
18.9831
20.2562
18.0644
16.7905
18.0646
20.2562
21.6407
19.386
18.0563
19.3862
21.6407
793.027
525.248
458.211
525.248
793.028
795.518
503.408
437.598
503.407
795.517
530.449
350.166
307.688
350.166
530.45
525.126
340.351
298.489
340.351
525.125
412.904
269.691
237.769
269.691
412.905
400.063
260.279
229.581
260.279
400.062
296.482
184.341
160.971
184.341
296.482
284.425
176.889
154.667
176.889
284.425
2.36054
2.36054
2.00403
2.00403
1.72247
1.72247
2.00406
2.00406
2.36053
2.36053
7.75232
7.54227
6.50454
7.54235
7.75226
12.578
12.3282
10.9705
12.3283
12.5779
16.4621
16.0916
14.5862
16.0917
16.462
19.4825
19.094
17.5289
19.0941
19.4825
22.0059
21.6024
20.0015
21.6025
22.0059
24.2184
23.7794
22.1437
23.7795
24.2184
26.2125
25.7137
24.0375
25.7139
26.2125
28.029
27.4448
25.7203
27.445
28.029
29.6681
28.9722
27.1927
28.9724
29.6681
31.0902
30.2604
28.4208
30.2605
31.0903
32.198
31.2259
29.3275
31.2261
32.198
32.8521
31.6731
29.7185
31.6732
32.8521
33.0659
31.4046
29.4217
31.4047
33.0659
32.5991
30.2018
28.3158
30.2019
32.5992
31.0078
28.0395
26.3187
28.0395
31.0078
27.2354
24.24
22.5616
24.2401
27.2354
19.1667
16.9381
15.507
16.9381
19.1667
6.32589
6.32589
5.35105
5.35105
4.74412
4.74412
5.35107
5.35107
6.32589
6.32589
10.8486
10.2128
8.3022
10.2129
10.8484
31.6541
30.4574
25.8645
30.4575
31.654
15.0708
13.3123
11.6862
13.3124
15.0706
70.6715
61.7854
54.1647
61.7855
70.6714
16.693
14.6586
13.2766
14.6588
16.693
167.617
125.003
110.796
125.003
167.617
)
;
    }
    outlet
    {
        type            zeroGradient;
    }
}


// ************************************************************************* //
