/*--------------------------------*- C++ -*----------------------------------*\
  =========                 |
  \\      /  F ield         | OpenFOAM: The Open Source CFD Toolbox
   \\    /   O peration     | Website:  https://openfoam.org
    \\  /    A nd           | Version:  9
     \\/     M anipulation  |
\*---------------------------------------------------------------------------*/
FoamFile
{
    format      ascii;
    class       volScalarField;
    location    "4.5";
    object      k;
}
// * * * * * * * * * * * * * * * * * * * * * * * * * * * * * * * * * * * * * //

dimensions      [0 2 -2 0 0 0 0];

internalField   nonuniform List<scalar> 
4545
(
0.980848
1.22156
1.11787
1.22156
0.980851
1.54089
1.55115
1.44435
1.55115
1.5409
1.76197
1.72279
1.60999
1.7228
1.76198
1.87525
1.82574
1.71294
1.82575
1.87526
1.94516
1.89292
1.78108
1.89293
1.94517
1.99199
1.93867
1.82778
1.93866
1.99189
2.02384
1.97014
1.8602
1.97009
2.02358
2.04522
1.99152
1.88255
1.99146
2.04471
2.05895
2.00552
1.89751
2.00546
2.05835
2.06706
2.01397
1.90694
2.01401
2.0669
2.07131
2.01828
1.91211
2.01841
2.07185
2.07276
2.01948
1.91392
2.01934
2.07302
2.07237
2.01818
1.91321
2.01777
2.07157
2.0691
2.01428
1.91012
2.01376
2.0673
2.0625
2.00789
1.9046
2.00755
2.06121
2.05451
1.99972
1.89737
1.99967
2.05403
2.04559
1.99
1.88842
1.98989
2.04446
2.03493
1.97874
1.8778
1.97841
2.03348
2.02205
1.96573
1.86552
1.96527
2.02119
2.00861
1.95099
1.85148
1.95027
2.00688
1.99314
1.93438
1.83563
1.93348
1.99042
1.97488
1.91568
1.81787
1.91482
1.97241
1.95471
1.8948
1.79813
1.89434
1.9538
1.93297
1.87187
1.77634
1.8718
1.93274
1.9093
1.84685
1.75237
1.84677
1.90841
1.88274
1.81948
1.72617
1.81935
1.88208
1.85388
1.78963
1.69763
1.78962
1.85318
1.82297
1.75726
1.66698
1.75763
1.82353
1.78949
1.72246
1.63462
1.72304
1.79127
1.75448
1.68534
1.59994
1.68559
1.75488
1.7169
1.64561
1.5629
1.64569
1.71683
1.67584
1.60313
1.52347
1.60325
1.67651
1.63302
1.55822
1.48168
1.55824
1.6335
1.58797
1.51088
1.43753
1.51087
1.5881
1.54026
1.46107
1.39097
1.46107
1.54026
1.48984
1.40881
1.34194
1.40882
1.48984
1.43698
1.35409
1.29024
1.35409
1.43698
1.38184
1.29652
1.23554
1.29652
1.38184
1.32361
1.23455
1.17726
1.23456
1.3236
3.27478
3.31666
3.03652
3.31666
3.27479
3.98148
3.86854
3.59966
3.86854
3.98149
4.35769
4.21894
3.94679
4.21894
4.3577
4.57917
4.43345
4.16648
4.43346
4.57918
4.72037
4.57291
4.31111
4.57291
4.72037
4.81444
4.66581
4.40857
4.66578
4.81404
4.87688
4.72761
4.47443
4.72747
4.87629
4.9175
4.76764
4.5181
4.76745
4.91586
4.9416
4.79177
4.54558
4.79171
4.93973
4.95433
4.80405
4.56096
4.80418
4.95317
4.95837
4.80747
4.56715
4.80789
4.95839
4.95587
4.80429
4.56622
4.80443
4.9572
4.95069
4.79563
4.55957
4.79491
4.95015
4.93864
4.78145
4.54738
4.7804
4.93581
4.92021
4.76249
4.53073
4.76188
4.91791
4.89985
4.7398
4.51023
4.73958
4.89786
4.8776
4.71402
4.48616
4.71344
4.87352
4.84984
4.68483
4.45865
4.6841
4.84598
4.81728
4.65204
4.42772
4.6512
4.8162
4.7848
4.61616
4.39331
4.61466
4.78294
4.74753
4.57661
4.35532
4.57482
4.74329
4.7037
4.53292
4.3136
4.5315
4.70074
4.6577
4.48539
4.26808
4.48471
4.65748
4.60874
4.43418
4.21865
4.43395
4.60699
4.55415
4.37891
4.16507
4.37838
4.55055
4.49216
4.31904
4.10713
4.31835
4.49119
4.4256
4.25464
4.04473
4.2542
4.42439
4.35608
4.18574
3.97754
4.18607
4.35585
4.28083
4.11217
3.90524
4.11319
4.28194
4.20068
4.03426
3.82807
4.03486
4.20043
4.11536
3.95173
3.7462
3.95203
4.11491
4.02334
3.86426
3.65956
3.86473
4.02439
3.92762
3.77233
3.5682
3.77263
3.92969
3.82787
3.67587
3.4721
3.67595
3.82859
3.72239
3.57461
3.37111
3.5746
3.72246
3.61151
3.46833
3.26494
3.46834
3.61148
3.49589
3.35667
3.15311
3.35669
3.49587
3.37628
3.23829
3.03468
3.23831
3.37626
3.2506
3.10868
2.90851
3.10871
3.25059
4.38128
4.29789
4.04884
4.29789
4.38129
5.04251
4.8726
4.64685
4.87261
5.04252
5.4379
5.26182
5.04078
5.26182
5.43791
5.6917
5.51522
5.30152
5.51523
5.69171
5.85888
5.68454
5.4773
5.68455
5.85888
5.97111
5.79867
5.59693
5.79867
5.97108
6.04592
5.87499
5.67794
5.87499
6.04586
6.09424
5.92445
5.73142
5.92443
6.09409
6.12314
5.95417
5.76466
5.95417
6.12299
6.13753
5.969
5.7826
5.96903
6.13748
6.14087
5.97245
5.78881
5.9725
6.14091
6.13597
5.96734
5.78607
5.96731
6.13598
6.124
5.9548
5.77581
5.95463
6.12373
6.10576
5.93586
5.75891
5.93565
6.10526
6.08213
5.91154
5.73657
5.91141
6.08174
6.05404
5.88255
5.70945
5.88251
6.05378
6.02192
5.84935
5.67795
5.84929
6.02156
5.98567
5.81208
5.6423
5.81198
5.98524
5.94535
5.77083
5.60259
5.77066
5.94495
5.90113
5.72558
5.5588
5.72525
5.90051
5.85253
5.67618
5.51087
5.67576
5.85164
5.79919
5.62245
5.45867
5.62208
5.79842
5.74116
5.56428
5.40208
5.56406
5.74077
5.67828
5.50156
5.34096
5.50149
5.67802
5.61021
5.43412
5.27512
5.4341
5.60991
5.53662
5.36177
5.20441
5.36178
5.5365
5.45747
5.28437
5.12871
5.28446
5.45747
5.37278
5.20186
5.04788
5.20205
5.37302
5.28238
5.11412
4.9618
5.11436
5.28277
5.18632
5.02112
4.87035
5.02129
5.18658
5.08453
4.92276
4.77352
4.92285
5.08467
4.97688
4.81896
4.67122
4.81903
4.97702
4.86353
4.70968
4.56335
4.70972
4.86369
4.74448
4.59481
4.44975
4.59483
4.74453
4.61954
4.47416
4.33018
4.47417
4.61954
4.4886
4.34739
4.20428
4.34741
4.48859
4.35162
4.214
4.07152
4.21402
4.35161
4.20878
4.07283
3.93113
4.07286
4.20878
4.05736
3.92077
3.78262
3.9208
4.05736
5.06733
4.95679
4.74029
4.9568
5.06734
5.69993
5.52401
5.33203
5.52402
5.69995
6.09949
5.92374
5.73893
5.92375
6.0995
6.36893
6.19505
6.01793
6.19506
6.36894
6.55194
6.38118
6.21052
6.38119
6.55195
6.67691
6.50876
6.3435
6.50877
6.67691
6.76109
6.59503
6.43428
6.59504
6.76109
6.8158
6.65134
6.49443
6.65135
6.81579
6.8487
6.68539
6.53177
6.68541
6.84869
6.86506
6.70251
6.55174
6.70253
6.86507
6.86868
6.70656
6.55831
6.70658
6.8687
6.86267
6.70065
6.55456
6.70064
6.86266
6.84832
6.6862
6.54217
6.68615
6.84823
6.82704
6.66458
6.52236
6.66452
6.82691
6.79989
6.63696
6.49642
6.63692
6.79978
6.7676
6.60409
6.46513
6.60409
6.76754
6.73065
6.56649
6.42898
6.56649
6.73061
6.68926
6.52442
6.3883
6.52442
6.6892
6.64354
6.47805
6.34324
6.47802
6.64344
6.59342
6.42738
6.29385
6.42731
6.59325
6.53879
6.37237
6.24012
6.37227
6.53855
6.47946
6.31292
6.18196
6.31281
6.47922
6.41525
6.24889
6.11926
6.24882
6.41508
6.346
6.18015
6.0519
6.18013
6.3459
6.27153
6.10658
5.97974
6.10659
6.27147
6.19165
6.02803
5.90263
6.02806
6.19164
6.10624
5.94436
5.82046
5.94442
6.10627
6.01519
5.85545
5.73307
5.85554
6.01529
5.91843
5.7612
5.64034
5.76129
5.91856
5.81587
5.66148
5.54213
5.66156
5.81598
5.70741
5.55614
5.43825
5.55619
5.70748
5.59295
5.445
5.32853
5.44504
5.59299
5.47235
5.32789
5.21274
5.32791
5.47238
5.34546
5.20456
5.09061
5.20458
5.34547
5.21203
5.07471
4.96181
5.07474
5.21203
5.07182
4.93798
4.8259
4.93801
5.07182
4.92468
4.79384
4.68237
4.79387
4.92469
4.77085
4.64139
4.5306
4.64142
4.77085
4.60816
4.47828
4.37032
4.4783
4.60817
5.54674
5.4306
5.2388
5.43061
5.54676
6.16086
5.98771
5.81833
5.98772
6.16088
6.56099
6.39011
6.22823
6.39012
6.56101
6.83939
6.67102
6.5165
6.67103
6.8394
7.033
6.86784
6.71942
6.86785
7.03301
7.1674
7.00489
6.86152
7.0049
7.16741
7.25905
7.09866
6.9595
7.09867
7.25906
7.31921
7.16046
7.02484
7.16047
7.31922
7.35573
7.19819
7.06558
7.19821
7.35574
7.37416
7.21745
7.08744
7.21746
7.37417
7.37851
7.22232
7.0946
7.22233
7.37852
7.3721
7.21614
7.09038
7.21615
7.37211
7.35649
7.20058
7.07668
7.20058
7.35647
7.33327
7.1772
7.0549
7.17719
7.33324
7.30368
7.14731
7.02649
7.1473
7.30366
7.26853
7.11176
6.99232
7.11176
7.26852
7.22838
7.07115
6.953
7.07116
7.22839
7.18355
7.02586
6.90893
7.02587
7.18356
7.13424
6.97613
6.86036
6.97613
7.13424
7.08048
6.92204
6.80742
6.92203
7.08045
7.02224
6.86364
6.75016
6.86362
7.02219
6.95945
6.80088
6.68856
6.80086
6.95938
6.89198
6.73371
6.62256
6.73369
6.89192
6.81971
6.66202
6.55209
6.66202
6.81966
6.74251
6.58571
6.47704
6.58573
6.74248
6.66025
6.50467
6.39728
6.50469
6.66024
6.57282
6.41877
6.31269
6.4188
6.57283
6.4801
6.32785
6.22311
6.32789
6.48013
6.38195
6.23176
6.12834
6.2318
6.38199
6.27821
6.13029
6.02817
6.13033
6.27825
6.16868
6.02318
5.9223
6.02321
6.16871
6.05312
5.91014
5.81044
5.91016
6.05314
5.93119
5.79081
5.69219
5.79083
5.93121
5.80254
5.66479
5.56714
5.66481
5.80255
5.66674
5.53165
5.43482
5.53167
5.66675
5.52337
5.39089
5.29468
5.39091
5.52338
5.3722
5.24195
5.14616
5.24197
5.37221
5.21343
5.08397
4.98864
5.08399
5.21344
5.04519
4.91489
4.82176
4.91491
5.0452
5.89442
5.7771
5.60228
5.77711
5.89444
6.49584
6.3261
6.17138
6.32611
6.49586
6.89555
6.72888
6.5814
6.72889
6.89557
7.17946
7.01543
6.87488
7.01545
7.17948
7.38028
7.21934
7.08452
7.21936
7.38029
7.52151
7.36312
7.23302
7.36313
7.52153
7.61883
7.46248
7.3363
7.46249
7.61885
7.68326
7.5285
7.40562
7.52852
7.68327
7.72268
7.56913
7.44905
7.56914
7.7227
7.74279
7.5901
7.47243
7.59012
7.74281
7.74778
7.59567
7.48012
7.59568
7.74779
7.7411
7.58931
7.47558
7.58932
7.74111
7.72452
7.57291
7.46089
7.57291
7.72453
7.69979
7.54815
7.43762
7.54816
7.69979
7.66829
7.51649
7.40732
7.5165
7.66829
7.63094
7.4789
7.371
7.47891
7.63094
7.58841
7.43608
7.32936
7.43609
7.58842
7.54113
7.3885
7.28291
7.38851
7.54114
7.4894
7.33651
7.23199
7.33652
7.48941
7.43337
7.2803
7.17684
7.2803
7.43337
7.37312
7.21999
7.11758
7.21999
7.37311
7.30867
7.15564
7.05429
7.15564
7.30865
7.23999
7.08725
6.98697
7.08726
7.23997
7.16703
7.0148
6.91561
7.01481
7.16701
7.08973
6.93822
6.84014
6.93823
7.08971
7.00799
6.85743
6.76047
6.85744
7.00798
6.92172
6.77229
6.67646
6.77231
6.92172
6.83077
6.68263
6.58792
6.68266
6.83078
6.73494
6.58822
6.49459
6.58824
6.73496
6.63397
6.48874
6.39614
6.48876
6.63399
6.52751
6.3838
6.29218
6.38383
6.52753
6.41511
6.27294
6.1822
6.27297
6.41513
6.29624
6.15562
6.06565
6.15564
6.29626
6.17029
6.03123
5.94192
6.03125
6.17031
6.03659
5.89913
5.81033
5.89915
6.03661
5.89452
5.75865
5.6702
5.75867
5.89454
5.74365
5.60908
5.52079
5.6091
5.74366
5.58405
5.44947
5.36133
5.44949
5.58406
5.41387
5.27775
5.19129
5.27777
5.41388
6.14366
6.02599
5.86247
6.026
6.14369
6.73635
6.5692
6.424
6.56921
6.73637
7.13549
6.97176
6.83348
6.97177
7.13551
7.42286
7.26179
7.13006
7.2618
7.42288
7.62848
7.47038
7.34408
7.4704
7.6285
7.77443
7.61877
7.49694
7.61879
7.77444
7.87572
7.72204
7.60393
7.72205
7.87573
7.94313
7.79103
7.67604
7.79105
7.94315
7.98454
7.83366
7.72132
7.83367
7.98456
8.0057
7.85573
7.74568
7.85574
8.00572
8.01092
7.86161
7.75357
7.86162
8.01094
8.00378
7.8549
7.7486
7.85491
8.0038
7.98619
7.83761
7.73295
7.83762
7.9862
7.96004
7.81158
7.70833
7.81159
7.96005
7.92684
7.77837
7.67643
7.77839
7.92685
7.88763
7.73908
7.63835
7.7391
7.88764
7.84319
7.69452
7.59492
7.69453
7.8432
7.79409
7.64526
7.54674
7.64528
7.7941
7.74074
7.59178
7.49428
7.59179
7.74075
7.68341
7.53435
7.43786
7.53436
7.68341
7.62229
7.47322
7.37772
7.47323
7.62229
7.55752
7.40854
7.31402
7.40855
7.55751
7.48918
7.34041
7.24687
7.34042
7.48917
7.41731
7.26887
7.17631
7.26888
7.4173
7.34191
7.19393
7.10234
7.19394
7.3419
7.26294
7.11552
7.0249
7.11553
7.26294
7.18031
7.03352
6.94384
7.03354
7.18032
7.09385
6.94772
6.85893
6.94774
7.09386
7.00328
6.85781
6.76986
6.85783
7.00329
6.90822
6.76337
6.67617
6.76339
6.90823
6.80815
6.66384
6.5773
6.66387
6.80816
6.70241
6.55857
6.47258
6.5586
6.70243
6.59021
6.44679
6.36123
6.44681
6.59023
6.47066
6.32764
6.24239
6.32766
6.47068
6.34281
6.20023
6.11516
6.20025
6.34283
6.20577
6.06364
5.97859
6.06366
6.20578
6.05882
5.91693
5.83171
5.91695
6.05884
5.90184
5.75894
5.67355
5.75896
5.90185
5.73284
5.58746
5.50326
5.58748
5.73286
6.31193
6.19405
6.03767
6.19407
6.31196
6.89895
6.73351
6.59427
6.73352
6.89897
7.29761
7.13579
7.00321
7.1358
7.29763
7.58707
7.42789
7.3016
7.4279
7.58709
7.79565
7.63938
7.51831
7.63939
7.79567
7.9445
7.79063
7.67387
7.79064
7.94452
8.0482
7.89629
7.78311
7.8963
8.04822
8.11733
7.96701
7.85686
7.96703
8.11735
8.15972
8.01068
7.90309
8.01069
8.15974
8.18118
8.03313
7.92777
8.03314
8.1812
8.18608
8.0388
7.93541
8.03882
8.1861
8.17814
8.03142
7.92973
8.03144
8.17816
8.15931
8.01305
7.91296
8.01307
8.15933
8.13167
7.98569
7.88699
7.9857
8.13168
8.09681
7.951
7.85359
7.95101
8.09683
8.0559
7.91018
7.81397
7.91019
8.05592
8.00986
7.86415
7.76906
7.86417
8.00987
7.95934
7.81362
7.71959
7.81364
7.95935
7.90491
7.75916
7.66613
7.75917
7.90492
7.84694
7.70116
7.60911
7.70117
7.84695
7.78578
7.64
7.5489
7.64001
7.78578
7.72167
7.57593
7.48575
7.57594
7.72167
7.65481
7.50915
7.41987
7.50916
7.65481
7.58536
7.43979
7.3514
7.4398
7.58536
7.51338
7.36795
7.28041
7.36796
7.51338
7.43891
7.29359
7.20686
7.2936
7.43891
7.36185
7.2166
7.13062
7.21662
7.36186
7.28203
7.13676
7.05146
7.13678
7.28204
7.19911
7.05368
6.96896
7.0537
7.19912
7.11258
6.96684
6.88259
6.96686
7.11259
7.02175
6.87552
6.7916
6.87554
7.02176
6.92573
6.77883
6.69513
6.77885
6.92575
6.82346
6.67577
6.59213
6.67579
6.82348
6.71374
6.56518
6.48148
6.5652
6.71375
6.59528
6.44586
6.36195
6.44588
6.59529
6.46683
6.31658
6.23231
6.3166
6.46684
6.32736
6.17607
6.09126
6.17609
6.32737
6.17639
6.02289
5.9375
6.0229
6.1764
6.01171
5.85454
5.76985
5.85456
6.01172
6.40897
6.29089
6.13842
6.29091
6.40899
6.9929
6.82836
6.69238
6.82838
6.99292
7.39127
7.23046
7.101
7.23048
7.39129
7.68176
7.5236
7.40028
7.52362
7.68178
7.89178
7.73652
7.6183
7.73653
7.8918
8.04195
7.88911
7.77511
7.88912
8.04198
8.1466
7.99576
7.88529
7.99577
8.14663
8.21621
8.06702
7.95953
8.06704
8.21623
8.25858
8.11075
8.00579
8.11076
8.2586
8.27953
8.13281
8.03007
8.13283
8.27955
8.28351
8.13771
8.03692
8.13772
8.28353
8.27434
8.12926
8.03018
8.12927
8.27436
8.25396
8.10951
8.01204
8.10952
8.25398
8.22465
8.08067
7.98461
8.08068
8.22467
8.18808
8.04445
7.9497
8.04447
8.1881
8.14553
8.00216
7.90863
8.00218
8.14554
8.09801
7.95483
7.86243
7.95485
8.09803
8.04634
7.90328
7.81194
7.90329
8.04635
7.99117
7.84818
7.75785
7.84819
7.99118
7.93303
7.79007
7.70072
7.79008
7.93304
7.87238
7.72942
7.641
7.72943
7.87239
7.80961
7.66662
7.5791
7.66664
7.80962
7.74505
7.60199
7.51531
7.602
7.74506
7.67893
7.53574
7.44987
7.53575
7.67894
7.61146
7.46804
7.38292
7.46805
7.61146
7.54271
7.39895
7.3145
7.39897
7.54272
7.47268
7.3284
7.24453
7.32842
7.47269
7.40117
7.25617
7.17276
7.25618
7.40118
7.32782
7.18183
7.09876
7.18185
7.32783
7.25204
7.10477
7.02188
7.10479
7.25205
7.17299
7.02413
6.94126
7.02415
7.173
7.08955
6.93882
6.85579
6.93883
7.08957
7.00037
6.84752
6.76417
6.84753
7.00038
6.90388
6.74876
6.66494
6.74878
6.9039
6.79842
6.64098
6.55651
6.64099
6.79844
6.6823
6.52251
6.43724
6.52253
6.68232
6.55404
6.3917
6.30544
6.39171
6.55406
6.41273
6.24667
6.15937
6.24668
6.41274
6.25582
6.08461
5.99744
6.08463
6.25583
6.43982
6.32154
6.17025
6.32155
6.43985
7.02303
6.85867
6.72366
6.85868
7.02306
7.42134
7.26077
7.13224
7.26079
7.42136
7.71199
7.55412
7.4317
7.55413
7.71202
7.92212
7.76719
7.64984
7.7672
7.92215
8.0722
7.91974
7.80661
7.91976
8.07223
8.17648
8.02611
7.9165
8.02612
8.17651
8.24541
8.0968
7.99018
8.09682
8.24543
8.2868
8.13968
8.03561
8.13969
8.28682
8.3065
8.16064
8.05881
8.16066
8.30653
8.30899
8.16422
8.06438
8.16423
8.30902
8.29822
8.15434
8.05625
8.15436
8.29824
8.276
8.13296
8.03652
8.13297
8.27602
8.24486
8.10249
8.00751
8.10251
8.24488
8.20651
8.0647
7.97107
8.06471
8.20653
8.16231
8.02096
7.9286
8.02097
8.16233
8.11339
7.9724
7.88122
7.97241
8.11341
8.06066
7.91995
7.82988
7.91996
8.06068
8.00492
7.86439
7.77538
7.86441
8.00494
7.94681
7.80639
7.71838
7.80641
7.94683
7.88694
7.74654
7.65947
7.74656
7.88696
7.82584
7.68536
7.59917
7.68537
7.82585
7.76396
7.62327
7.53791
7.62328
7.76397
7.70169
7.56064
7.47602
7.56065
7.7017
7.63932
7.49772
7.41377
7.49773
7.63933
7.57708
7.43468
7.35129
7.43469
7.57709
7.51501
7.37152
7.28857
7.37153
7.51502
7.45299
7.30808
7.22542
7.30809
7.453
7.39066
7.24397
7.16143
7.24398
7.39067
7.3275
7.17856
7.09592
7.17858
7.32752
7.26256
7.11085
7.02789
7.11086
7.26257
7.19445
7.03953
6.95605
7.03955
7.19446
7.12154
6.96305
6.87882
6.96306
7.12156
7.04191
6.87954
6.79437
6.87956
7.04192
6.9534
6.78699
6.70068
6.787
6.95341
6.8538
6.68323
6.59558
6.68324
6.85381
6.74103
6.56603
6.47684
6.56605
6.74104
6.61358
6.43298
6.34217
6.43299
6.6136
6.46843
6.28075
6.18941
6.28076
6.46845
6.40606
6.28754
6.13484
6.28755
6.40609
6.9909
6.82596
6.68978
6.82597
6.99092
7.38941
7.2283
7.09866
7.22831
7.38943
7.67944
7.52109
7.39763
7.52111
7.67947
7.88845
7.73314
7.61482
7.73315
7.88848
8.03711
7.88439
7.77034
7.8844
8.03713
8.13976
7.98925
7.87878
7.98927
8.13979
8.20693
8.05833
7.9509
8.05834
8.20695
8.24645
8.0995
7.99469
8.09952
8.24647
8.26421
8.1187
8.01619
8.11872
8.26423
8.26471
8.12048
8.02002
8.12049
8.26473
8.25197
8.10885
8.01022
8.10887
8.25199
8.22768
8.08561
7.9887
8.08563
8.2277
8.19458
8.05341
7.95804
8.05342
8.19461
8.15438
8.01398
7.92006
8.014
8.15441
8.10852
7.96881
7.87623
7.96882
8.10854
8.05822
7.91908
7.82776
7.91909
8.05824
8.00448
7.86581
7.77568
7.86582
8.00451
7.94823
7.8099
7.72089
7.80991
7.94825
7.89022
7.75211
7.66416
7.75213
7.89024
7.8312
7.69317
7.60621
7.69319
7.83122
7.77183
7.63372
7.54767
7.63373
7.77185
7.71272
7.57432
7.48911
7.57433
7.71274
7.65442
7.51549
7.43101
7.5155
7.65443
7.59739
7.45762
7.37377
7.45764
7.5974
7.54196
7.40101
7.31766
7.40103
7.54198
7.48834
7.34579
7.26277
7.3458
7.48836
7.43652
7.29189
7.20901
7.2919
7.43653
7.38624
7.23901
7.15607
7.23902
7.38625
7.33711
7.18663
7.10333
7.18664
7.33712
7.28817
7.13375
7.04982
7.13376
7.28818
7.23799
7.07896
6.99411
7.07897
7.238
7.18471
7.02042
6.93437
7.02044
7.18472
7.12591
6.95589
6.86836
6.9559
7.12593
7.05895
6.88279
6.79353
6.88281
7.05896
6.9809
6.79834
6.70709
6.79835
6.98091
6.88888
6.69951
6.60602
6.69952
6.88889
6.7805
6.58308
6.48724
6.58309
6.78051
6.65199
6.44494
6.3478
6.44495
6.65201
6.30614
6.18733
6.03048
6.18734
6.30617
6.89507
6.72877
6.58912
6.72879
6.8951
7.29409
7.1316
6.99867
7.13162
7.29412
7.58271
7.42307
7.2965
7.42309
7.58274
7.78935
7.6329
7.51162
7.63291
7.78938
7.93526
7.78155
7.66467
7.78157
7.93528
8.03506
7.88374
7.77056
7.88376
8.03509
8.09943
7.95021
7.84018
7.95022
8.09946
8.13627
7.98889
7.88159
7.98891
8.13629
8.15149
8.00575
7.90085
8.00577
8.15151
8.14963
8.00536
7.90261
8.00538
8.14966
8.1346
7.99172
7.89092
7.99173
8.13462
8.10815
7.96654
7.86755
7.96655
8.10818
8.07306
7.93259
7.83525
7.9326
8.07308
8.03104
7.8916
7.79582
7.89161
8.03107
7.98359
7.84508
7.75076
7.8451
7.98362
7.93199
7.7943
7.70135
7.79431
7.93202
7.87733
7.74033
7.64868
7.74035
7.87736
7.82061
7.68415
7.59373
7.68417
7.82063
7.7627
7.62664
7.53737
7.62665
7.76272
7.70446
7.56861
7.48042
7.56862
7.70448
7.6467
7.51083
7.42363
7.51084
7.64672
7.59018
7.45402
7.36772
7.45404
7.5902
7.5356
7.39885
7.31332
7.39886
7.53562
7.48365
7.34591
7.26103
7.34592
7.48366
7.43487
7.29568
7.21128
7.29569
7.43489
7.38972
7.24852
7.16441
7.24853
7.38973
7.34842
7.20458
7.12052
7.20459
7.34843
7.31095
7.16372
7.07944
7.16373
7.31096
7.27691
7.12547
7.04065
7.12548
7.27692
7.2455
7.08893
7.00322
7.08894
7.24551
7.21546
7.05276
6.96575
7.05277
7.21546
7.18487
7.01506
6.92635
7.01507
7.18488
7.15133
6.97348
6.88266
6.97349
7.15134
7.11149
6.9249
6.83161
6.92491
7.1115
7.06145
6.86556
6.76945
6.86557
7.06146
6.99717
6.79132
6.69206
6.79133
6.99718
6.91491
6.69771
6.59514
6.69772
6.91492
6.80958
6.57934
6.47448
6.57935
6.80959
6.135
6.01588
5.85162
6.01589
6.13503
6.73083
6.5623
6.41643
6.56231
6.73085
7.13068
6.96585
6.827
6.96587
7.13071
7.41697
7.25511
7.1229
7.25512
7.417
7.6199
7.46141
7.33474
7.46142
7.61993
7.76168
7.60614
7.48408
7.60616
7.76171
7.85744
7.7045
7.58631
7.70451
7.85747
7.91807
7.76743
7.65256
7.76744
7.91809
7.95154
7.80296
7.69096
7.80297
7.95156
7.96375
7.81704
7.7076
7.81706
7.96378
7.95936
7.81432
7.70714
7.81434
7.95938
7.9419
7.79852
7.69348
7.79853
7.94192
7.91336
7.7715
7.66839
7.77152
7.91339
7.87642
7.73596
7.63465
7.73598
7.87645
7.83279
7.69364
7.59402
7.69365
7.83282
7.78397
7.64604
7.54803
7.64606
7.78401
7.73129
7.59445
7.49796
7.59447
7.73132
7.67587
7.54
7.44495
7.54002
7.6759
7.61878
7.48372
7.39004
7.48374
7.61882
7.56098
7.42655
7.33417
7.42656
7.56101
7.50342
7.36941
7.27825
7.36942
7.50345
7.44703
7.31317
7.22314
7.31319
7.44706
7.39271
7.25869
7.16968
7.2587
7.39273
7.34134
7.20678
7.11868
7.2068
7.34137
7.29381
7.15825
7.07088
7.15826
7.29383
7.25093
7.1138
7.027
7.11381
7.25095
7.21344
7.07408
6.98761
7.07409
7.21345
7.18195
7.03955
6.95313
7.03956
7.18196
7.15685
7.01046
6.92377
7.01047
7.15686
7.13823
6.98676
6.89941
6.98677
7.13824
7.12572
6.96793
6.87946
6.96793
7.12572
7.11836
6.95286
6.86276
6.95286
7.11836
7.11437
6.9397
6.84741
6.9397
7.11437
7.11093
6.92564
6.8306
6.92565
7.11094
7.10456
6.90723
6.80881
6.90723
7.10456
7.09102
6.88023
6.7778
6.88024
7.09103
7.06456
6.83931
6.73242
6.83932
7.06456
7.01908
6.77766
6.6661
6.77766
7.01908
6.94695
6.68757
6.57237
6.68758
6.94696
5.88289
5.76353
5.5877
5.76355
5.88291
6.48894
6.3172
6.16154
6.31721
6.48897
6.88991
6.72159
6.57329
6.7216
6.88994
7.17269
7.00741
6.86615
7.00742
7.17272
7.3703
7.20861
7.07322
7.20862
7.37032
7.50645
7.34794
7.21744
7.34796
7.50647
7.59696
7.44128
7.3149
7.44129
7.59699
7.65299
7.49983
7.37699
7.49985
7.65301
7.68256
7.53169
7.41191
7.5317
7.68258
7.69154
7.54276
7.42573
7.54278
7.69156
7.68462
7.53774
7.42313
7.53776
7.68464
7.66489
7.51994
7.40765
7.51995
7.66491
7.63459
7.49141
7.38122
7.49142
7.63462
7.59621
7.45471
7.3465
7.45473
7.59625
7.55143
7.41152
7.30519
7.41154
7.55147
7.50174
7.36334
7.25879
7.36336
7.50178
7.44842
7.31144
7.2086
7.31146
7.44847
7.39264
7.25695
7.15575
7.25697
7.39269
7.33549
7.20093
7.10129
7.20095
7.33553
7.27797
7.14435
7.04622
7.14437
7.27801
7.22109
7.0882
6.9915
7.08822
7.22112
7.16587
7.03344
6.93806
7.03345
7.16591
7.11334
6.98101
6.88687
6.98102
7.11337
7.06453
6.93189
6.83886
6.9319
7.06456
7.02053
6.88706
6.79498
6.88707
7.02055
6.98242
6.8475
6.75618
6.84751
6.98243
6.95129
6.81416
6.72335
6.81416
6.9513
6.92821
6.78792
6.69733
6.78792
6.92822
6.91414
6.76954
6.67879
6.76955
6.91414
6.90985
6.75957
6.66819
6.75957
6.90985
6.91565
6.75818
6.66562
6.75818
6.91565
6.93167
6.76493
6.67054
6.76493
6.93167
6.95721
6.77903
6.68196
6.77903
6.95721
6.99007
6.79808
6.6975
6.79808
6.99007
7.02661
6.81832
6.71327
6.81832
7.02661
7.0613
6.83416
6.72369
6.83417
7.0613
7.08736
6.83855
6.72169
6.83856
7.08736
7.09608
6.82352
6.69973
6.82353
7.09608
7.07492
6.77626
6.64648
6.77626
7.07493
5.53228
5.41349
5.22037
5.4135
5.53231
6.15284
5.97697
5.80634
5.97698
6.15286
6.55496
6.38176
6.21878
6.38178
6.55499
6.83241
6.66217
6.50667
6.66218
6.83244
7.02255
6.85611
6.70687
6.85612
7.02258
7.15131
6.98826
6.84424
6.98827
7.15134
7.23533
7.07531
6.93572
7.07533
7.23536
7.28603
7.12874
6.99294
7.12875
7.28605
7.3114
7.1566
7.0241
7.15661
7.31142
7.31719
7.16467
7.03514
7.16468
7.3172
7.30808
7.15766
7.03075
7.15767
7.3081
7.28663
7.13835
7.014
7.13836
7.28664
7.25525
7.10898
6.98694
7.10899
7.25528
7.21624
7.07191
6.95204
7.07193
7.21629
7.17118
7.02872
6.91094
7.02875
7.17123
7.12148
6.98084
6.86507
6.98087
7.12154
7.06841
6.9295
6.81567
6.92953
7.06847
7.01307
6.8758
6.76385
6.87583
7.01313
6.95656
6.82078
6.71064
6.8208
6.9566
6.89985
6.76541
6.65704
6.76543
6.89989
6.844
6.71069
6.60402
6.7107
6.84403
6.79006
6.65761
6.55257
6.65762
6.79009
6.73912
6.60719
6.5037
6.60721
6.73914
6.69234
6.56052
6.45846
6.56053
6.69235
6.65096
6.51872
6.41795
6.51872
6.65096
6.6163
6.483
6.38335
6.48299
6.61629
6.58979
6.45462
6.35586
6.45461
6.58977
6.57299
6.43494
6.33677
6.43492
6.57297
6.56754
6.42532
6.32736
6.4253
6.56752
6.57487
6.42704
6.3288
6.42702
6.57484
6.59684
6.4412
6.34202
6.44118
6.59681
6.63528
6.46938
6.36841
6.46936
6.63525
6.69095
6.51166
6.40785
6.51165
6.69093
6.76391
6.56741
6.45944
6.5674
6.76389
6.85255
6.63433
6.52062
6.63432
6.85253
6.95239
6.7075
6.58631
6.7075
6.95238
7.05498
6.77802
6.64755
6.77801
7.05498
7.14843
6.83289
6.69158
6.83289
7.14842
7.21175
6.85429
6.70287
6.85429
7.21175
5.04987
4.93607
4.71797
4.93608
5.0499
5.69099
5.51158
5.31805
5.51159
5.69101
6.0934
5.91459
5.72839
5.9146
6.09343
6.36224
6.18577
6.00738
6.18578
6.36227
6.54181
6.3691
6.19731
6.36911
6.54184
6.66097
6.49168
6.32546
6.49169
6.66099
6.73723
6.57101
6.40952
6.57102
6.73725
6.78207
6.61864
6.46122
6.61864
6.78207
6.80328
6.6424
6.48855
6.64239
6.80325
6.80632
6.64781
6.49717
6.6478
6.80629
6.79585
6.6395
6.4917
6.63949
6.79583
6.77373
6.61966
6.47465
6.61965
6.77373
6.74251
6.59059
6.44813
6.59061
6.74255
6.70425
6.55444
6.41439
6.55448
6.70433
6.66038
6.51264
6.37493
6.51269
6.66048
6.61221
6.46653
6.33107
6.46658
6.61231
6.56092
6.41723
6.28396
6.41728
6.56101
6.50753
6.36577
6.23465
6.36581
6.5076
6.45306
6.31314
6.18411
6.31314
6.45309
6.39844
6.26023
6.13327
6.26021
6.39843
6.34467
6.208
6.08309
6.20799
6.34464
6.29279
6.15745
6.03454
6.15743
6.29276
6.24392
6.1096
5.98864
6.10957
6.24386
6.19923
6.06556
5.94648
6.06552
6.19915
6.16004
6.02655
5.90925
6.0265
6.15995
6.12779
5.99389
5.87826
5.99384
6.12769
6.10416
5.9691
5.85497
5.96904
6.10405
6.09111
5.95391
5.84104
5.95384
6.09099
6.09091
5.95031
5.83838
5.95024
6.0908
6.10557
5.96008
5.84864
5.96002
6.10547
6.13916
5.98637
5.87479
5.98632
6.13907
6.19517
6.03221
5.91955
6.03216
6.19508
6.27739
6.10023
5.98521
6.10019
6.27732
6.38996
6.19313
6.07397
6.1931
6.38991
6.53642
6.31258
6.18686
6.31256
6.53638
6.71818
6.45763
6.32219
6.45762
6.71815
6.9312
6.62197
6.47304
6.62196
6.93118
7.16262
6.79024
6.62401
6.79023
7.16262
7.38247
6.93342
6.74831
6.93342
7.38246
4.361
4.27387
4.02312
4.27388
4.36102
5.03276
4.85873
4.63127
4.85874
5.03278
5.43182
5.25206
5.02944
5.25207
5.43184
5.68543
5.50573
5.29055
5.50574
5.68545
5.8494
5.67251
5.46392
5.67252
5.84942
5.95606
5.7819
5.57895
5.78191
5.95607
6.02326
5.85162
5.65351
5.8516
6.02321
6.06207
5.89277
5.69885
5.89271
6.06193
6.0796
5.91257
5.72238
5.91248
6.07936
6.08095
5.91603
5.72923
5.91595
6.08068
6.07071
5.90763
5.72383
5.90757
6.0705
6.04986
5.88887
5.70807
5.88883
6.04982
6.02092
5.86196
5.68391
5.86198
6.02096
5.98572
5.82879
5.65337
5.82886
5.98582
5.94554
5.79062
5.61775
5.79071
5.94564
5.90154
5.74863
5.57823
5.74872
5.90166
5.85477
5.70382
5.53584
5.7039
5.8549
5.80609
5.65708
5.49148
5.65712
5.80616
5.7564
5.60928
5.44601
5.60924
5.75641
5.70647
5.56118
5.40025
5.56106
5.70627
5.65715
5.51363
5.3551
5.51352
5.65692
5.60953
5.46759
5.31144
5.46747
5.60931
5.56455
5.42401
5.27022
5.42384
5.56428
5.52339
5.38395
5.23252
5.38376
5.52308
5.48741
5.34859
5.1995
5.3484
5.48707
5.4579
5.31922
5.17246
5.31902
5.4575
5.43646
5.29741
5.15294
5.29721
5.43605
5.42528
5.28509
5.14283
5.28489
5.4249
5.42698
5.28461
5.14437
5.28444
5.42666
5.44431
5.29819
5.15975
5.29805
5.44406
5.48255
5.33061
5.19356
5.33049
5.48232
5.54697
5.38642
5.25003
5.38631
5.54675
5.6447
5.4713
5.33448
5.4712
5.64454
5.78517
5.59274
5.45376
5.59268
5.78508
5.98099
5.76005
5.61606
5.76001
5.98092
6.24846
5.98368
5.83005
5.98365
6.24842
6.60526
6.27191
6.10141
6.2719
6.60523
7.06232
6.62426
6.42673
6.62425
7.0623
7.59634
7.00502
6.77055
7.00501
7.59633
3.25301
3.29145
3.00984
3.29146
3.25303
3.97105
3.85437
3.58404
3.85438
3.97106
4.35131
4.20915
3.9356
4.20915
4.35133
4.57284
4.42412
4.15583
4.42413
4.57286
4.71118
4.56143
4.29842
4.56144
4.71119
4.80031
4.65027
4.39193
4.65025
4.80026
4.85645
4.70652
4.45225
4.70635
4.85612
4.88813
4.73945
4.48892
4.73919
4.88727
4.90263
4.7551
4.50802
4.75461
4.90126
4.90355
4.75743
4.51366
4.757
4.90225
4.89533
4.7507
4.50977
4.75062
4.89575
4.88064
4.7358
4.49767
4.73594
4.88082
4.85945
4.7143
4.4787
4.71431
4.85804
4.83181
4.68766
4.45461
4.68761
4.83135
4.80019
4.65704
4.42645
4.65689
4.79943
4.76555
4.62338
4.39519
4.62335
4.76527
4.72892
4.58756
4.36166
4.58762
4.72894
4.69077
4.55018
4.32652
4.55016
4.68929
4.65165
4.51187
4.29038
4.51182
4.64889
4.61212
4.47319
4.25387
4.47277
4.60963
4.57274
4.43477
4.2178
4.4343
4.57034
4.53365
4.39748
4.18296
4.39714
4.53269
4.49724
4.36216
4.15005
4.3617
4.4967
4.46425
4.32979
4.12016
4.32926
4.46368
4.43642
4.30143
4.09428
4.30096
4.43669
4.41495
4.27808
4.07347
4.27749
4.41395
4.39749
4.26071
4.05909
4.26019
4.39741
4.3896
4.25153
4.053
4.25098
4.3888
4.39306
4.25275
4.05713
4.25224
4.39151
4.41152
4.26679
4.07399
4.26645
4.40956
4.45065
4.29889
4.10874
4.29851
4.44822
4.51404
4.35404
4.16646
4.35371
4.51208
4.61249
4.43995
4.25454
4.43976
4.61114
4.75643
4.56756
4.38375
4.56747
4.75624
4.96228
4.75401
4.57083
4.75396
4.96219
5.27289
5.02947
4.84309
5.02944
5.27284
5.7597
5.44121
5.24182
5.44119
5.75967
6.53367
6.05317
5.81791
6.05316
6.53366
7.74296
6.92441
6.62915
6.92441
7.74295
0.964573
1.20442
1.1006
1.20443
0.96458
1.53184
1.54267
1.43565
1.54268
1.53185
1.75663
1.71691
1.60389
1.71691
1.75664
1.87057
1.82003
1.70703
1.82004
1.87058
1.93943
1.88601
1.77403
1.88601
1.93943
1.98419
1.92957
1.81864
1.92957
1.98418
2.01331
1.95807
1.84816
1.95799
2.01313
2.03109
1.97575
1.86688
1.97559
2.03059
2.04065
1.98531
1.8775
1.98503
2.03978
2.04342
1.98831
1.88176
1.98812
2.04279
2.04224
1.98711
1.88142
1.98707
2.04234
2.03806
1.9823
1.8778
1.98234
2.03825
2.03034
1.97392
1.87044
1.97397
2.03011
2.01983
1.96318
1.86077
1.96328
2.01993
2.00759
1.95056
1.84916
1.95064
2.00739
1.99391
1.93647
1.836
1.9366
1.99401
1.97944
1.92135
1.82175
1.92147
1.97969
1.96408
1.90542
1.8067
1.90553
1.96396
1.94847
1.88912
1.79136
1.88911
1.94781
1.9327
1.87265
1.77602
1.87236
1.93152
1.91643
1.85616
1.76084
1.85597
1.91557
1.90081
1.8403
1.74618
1.84015
1.90046
1.88621
1.82535
1.73234
1.82503
1.88548
1.87307
1.81179
1.71979
1.81145
1.87235
1.86223
1.80012
1.709
1.7998
1.86197
1.85392
1.7908
1.70047
1.79045
1.85322
1.84749
1.78444
1.69484
1.78414
1.84714
1.84558
1.78235
1.69313
1.78201
1.84482
1.84836
1.78525
1.69638
1.78496
1.84752
1.85774
1.79498
1.70645
1.7948
1.857
1.87664
1.81483
1.72644
1.81468
1.87574
1.90649
1.84765
1.75907
1.8475
1.90576
1.95178
1.89848
1.80923
1.89836
1.95121
2.01624
1.97404
1.88364
1.974
2.01621
2.13425
2.08605
1.99286
2.08602
2.13419
2.31164
2.25346
2.15513
2.25344
2.3116
2.58567
2.50907
2.4014
2.50906
2.58565
3.12239
2.94149
2.80171
2.94148
3.12238
4.99208
4.20723
3.94576
4.20723
4.99207
1.11032
1.02143
0.964998
1.02143
1.11032
2.79668
2.67301
2.47128
2.67303
2.79668
3.50377
3.39803
3.2572
3.39805
3.50377
3.99414
3.89775
3.78709
3.89777
3.99415
4.38634
4.29055
4.19523
4.29056
4.38635
4.72197
4.62018
4.53189
4.62019
4.72198
5.01928
4.90659
4.82054
4.9066
5.01929
5.28798
5.16033
5.07331
5.16034
5.288
5.53371
5.38726
5.29678
5.38727
5.53373
5.7599
5.59075
5.49465
5.59075
5.75992
5.96933
5.77316
5.66933
5.77317
5.96934
6.16635
5.93767
5.82364
5.93767
6.16636
6.36026
6.09054
5.96286
6.09054
6.36027
6.57151
6.24494
6.09781
6.24494
6.57152
6.84189
6.42615
6.24896
6.42616
6.8419
7.25057
6.67718
6.44966
6.67718
7.25057
7.92975
7.06337
6.75476
7.06337
7.92975
9.18029
7.69628
7.26012
7.69628
9.18029
10.5483
7.54511
6.95595
7.54511
10.5483
1.15821
1.06939
1.0154
1.0694
1.15821
2.88871
2.76008
2.56902
2.7601
2.88871
3.61846
3.50948
3.3792
3.5095
3.61847
4.12872
4.02833
3.92708
4.02835
4.12873
4.53814
4.43722
4.35013
4.43724
4.53815
4.88779
4.78012
4.69917
4.78013
4.88781
5.19587
5.07709
4.99777
5.0771
5.19588
5.47223
5.33878
5.25814
5.33879
5.47224
5.72266
5.57115
5.48693
5.57116
5.72268
5.95073
5.77768
5.68794
5.77769
5.95075
6.15942
5.96101
5.86381
5.96102
6.15943
6.35367
6.12478
6.01786
6.12479
6.35368
6.54376
6.27614
6.15619
6.27615
6.54377
6.75188
6.42981
6.29114
6.42982
6.75189
7.02353
6.61446
6.4465
6.61446
7.02354
7.45114
6.88361
6.66567
6.88361
7.45115
8.22588
7.33977
7.03521
7.33977
8.22588
9.85121
8.24112
7.78306
8.24112
9.85121
13.3906
9.80997
9.01076
9.80998
13.3906
1.20943
1.12055
1.06723
1.12055
1.20943
2.99509
2.86083
2.67399
2.86086
2.99508
3.74929
3.63313
3.50649
3.63315
3.74929
4.27635
4.16799
4.06965
4.168
4.27636
4.69878
4.58936
4.50455
4.58937
4.69879
5.05834
4.94198
4.86289
4.94199
5.05836
5.37332
5.24612
5.16844
5.24613
5.37333
5.65366
5.51249
5.43344
5.51251
5.65368
5.90521
5.74706
5.66451
5.74707
5.90523
6.13158
5.95329
5.86545
5.9533
6.1316
6.33572
6.13378
6.0389
6.13379
6.33574
6.52255
6.29222
6.18817
6.29223
6.52256
6.70203
6.43554
6.31921
6.43555
6.70204
6.89527
6.57777
6.44376
6.57778
6.89528
7.14453
6.74574
6.58414
6.74574
7.14453
7.53506
6.98904
6.78062
6.98904
7.53506
8.25688
7.41264
7.12214
7.41264
8.25688
9.82135
8.27989
7.84006
8.27989
9.82135
13.3713
9.90056
9.11358
9.90056
13.3713
1.26393
1.17456
1.12021
1.17456
1.26393
3.11572
2.97434
2.78522
2.97437
3.11571
3.89557
3.76749
3.63844
3.76752
3.89557
4.43598
4.31502
4.21442
4.31505
4.43599
4.86731
4.74537
4.6584
4.7454
4.86732
5.23294
5.10442
5.02329
5.10444
5.23295
5.55135
5.41264
5.33309
5.41266
5.55136
5.83238
5.6807
5.60003
5.68072
5.83239
6.08172
5.91446
5.83064
5.91448
6.08173
6.30295
6.11726
6.02859
6.11727
6.30296
6.49891
6.2915
6.19631
6.29151
6.49893
6.67386
6.44035
6.33663
6.44036
6.67387
6.83616
6.56955
6.45441
6.56956
6.83617
7.00324
6.69033
6.55887
6.69033
7.00324
7.20665
6.82265
6.66631
6.82265
7.20665
7.51025
7.00134
6.80354
7.00134
7.51025
8.03462
7.29139
7.02582
7.29139
8.03461
9.10346
7.82299
7.44317
7.82298
9.10346
10.5955
7.7765
7.20512
7.7765
10.5955
8.48923
6.45038
5.88915
6.45038
8.48922
13.0718
9.16857
8.38542
9.16857
13.0718
13.0124
9.06636
8.28138
9.06636
13.0124
8.50693
6.27028
5.71115
6.27028
8.50692
6.49289
4.92256
4.51595
4.92256
6.49289
12.41
8.08559
7.29513
8.08559
12.41
12.2804
7.97387
7.19211
7.97387
12.2804
6.44935
4.83013
4.42547
4.83013
6.44935
5.49425
4.13606
3.80287
4.13606
5.49425
11.3511
7.13145
6.36452
7.13144
11.3511
11.2537
7.05388
6.29433
7.05388
11.2537
5.37972
4.03924
3.71505
4.03924
5.37972
4.40562
3.20939
2.93206
3.20939
4.40562
9.95884
5.96432
5.23768
5.96432
9.95883
9.88321
5.91147
5.19076
5.91147
9.88321
4.28535
3.1223
2.855
3.1223
4.28534
0.288546
0.258712
0.233874
0.258714
0.288546
0.835469
0.820316
0.743231
0.820322
0.835465
1.15359
1.13827
1.05309
1.13828
1.15358
1.38028
1.3595
1.27333
1.35951
1.38027
1.54433
1.52374
1.43929
1.52375
1.54433
1.67495
1.65443
1.57164
1.65444
1.67495
1.78542
1.76379
1.68195
1.7638
1.78542
1.88213
1.85819
1.77653
1.8582
1.88213
1.96811
1.94068
1.8585
1.94069
1.96811
2.04411
2.01203
1.92877
2.01204
2.04411
2.10892
2.07123
1.98641
2.07124
2.10892
2.15872
2.11506
2.02844
2.11507
2.15872
2.18786
2.13521
2.04643
2.13521
2.18786
2.19734
2.12312
2.03278
2.12312
2.19735
2.17662
2.06856
1.98151
2.06856
2.17662
2.10519
1.9686
1.88722
1.96861
2.10519
1.93078
1.78649
1.70304
1.78649
1.93078
1.5276
1.40676
1.32637
1.40677
1.5276
0.556709
0.497937
0.459535
0.497938
0.556709
0.797611
0.766143
0.667332
0.766151
0.797603
2.32352
2.26099
1.9353
2.26102
2.32349
2.96639
2.85451
2.56215
2.85454
2.96636
3.36215
3.24261
2.97761
3.24265
3.36212
3.65611
3.5342
3.28813
3.53424
3.65609
3.90154
3.77342
3.53892
3.77346
3.90151
4.11939
3.97999
3.75191
3.98003
4.11937
4.31949
4.1639
3.93838
4.16394
4.31947
4.50673
4.33012
4.10402
4.33015
4.50671
4.68303
4.4806
4.25111
4.48063
4.68301
4.84805
4.61509
4.37952
4.61513
4.84804
4.99911
4.73133
4.48686
4.73136
4.9991
5.12891
4.82409
4.56776
4.82412
5.1289
5.22211
4.88356
4.6119
4.88358
5.2221
5.26216
4.88998
4.59592
4.89
5.26216
5.21486
4.80115
4.4755
4.80117
5.21485
4.95703
4.50945
4.15324
4.50947
4.95702
4.19895
3.82965
3.46111
3.82966
4.19894
1.62867
1.58736
1.42348
1.58737
1.62867
0.993037
0.914225
0.838167
0.914237
0.993032
2.62512
2.52491
2.24431
2.52495
2.6251
3.29938
3.18304
2.95941
3.18308
3.29936
3.73639
3.62378
3.43469
3.62382
3.73637
4.07468
3.96363
3.79543
3.96366
4.07466
4.36282
4.24732
4.09079
4.24735
4.36281
4.62031
4.49466
4.3439
4.49469
4.6203
4.85665
4.71577
4.56662
4.71579
4.85664
5.07695
4.91596
4.76512
4.91599
5.07694
5.28383
5.09783
4.94241
5.09786
5.28383
5.47861
5.26241
5.09961
5.26243
5.47861
5.6624
5.41014
5.23693
5.41016
5.6624
5.83757
5.54185
5.35453
5.54187
5.83757
6.01034
5.65996
5.45313
5.65998
6.01034
6.19437
5.76769
5.53216
5.76771
6.19437
6.3981
5.85703
5.57642
5.85704
6.3981
6.53149
5.8425
5.51173
5.84252
6.53149
6.21666
5.46057
5.07424
5.46058
6.21666
2.78213
2.54374
2.33002
2.54374
2.78212
1.06308
0.97486
0.91258
0.974868
1.06308
2.72114
2.60307
2.37522
2.6031
2.72113
3.40917
3.29959
3.13267
3.29962
3.40916
3.87547
3.77508
3.6405
3.77511
3.87546
4.24489
4.14662
4.02967
4.14665
4.24489
4.56115
4.45816
4.35004
4.45818
4.56115
4.84275
4.72955
4.62496
4.72957
4.84275
5.09923
4.97115
4.86648
4.97117
5.09924
5.33598
5.18862
5.08102
5.18863
5.33598
5.55612
5.38501
5.27204
5.38503
5.55613
5.76194
5.56225
5.44147
5.56226
5.76195
5.9567
5.72248
5.59118
5.72249
5.95671
6.14744
5.87007
5.72464
5.87009
6.14745
6.35006
6.01444
5.8491
6.01446
6.35007
6.59653
6.17283
5.97735
6.17284
6.59653
6.93746
6.36746
6.12311
6.36747
6.93747
7.39861
6.59605
6.28235
6.59606
7.39861
7.82828
6.69654
6.29511
6.69655
7.82828
4.94797
4.06908
3.75462
4.06908
4.94797
)
;

boundaryField
{
    empty
    {
        type            empty;
    }
    top
    {
        type            fixedValue;
        value           uniform 0.00375;
    }
    fixedwall
    {
        type            kqRWallFunction;
        value           nonuniform List<scalar> 
585
(
0.980848
1.22156
1.11787
1.22156
0.980851
1.54089
1.55115
1.44435
1.55115
1.5409
1.76197
1.72279
1.60999
1.7228
1.76198
1.87525
1.82574
1.71294
1.82575
1.87526
1.94516
1.89292
1.78108
1.89293
1.94517
1.99199
1.93867
1.82778
1.93866
1.99189
2.02384
1.97014
1.8602
1.97009
2.02358
2.04522
1.99152
1.88255
1.99146
2.04471
2.05895
2.00552
1.89751
2.00546
2.05835
2.06706
2.01397
1.90694
2.01401
2.0669
2.07131
2.01828
1.91211
2.01841
2.07185
2.07276
2.01948
1.91392
2.01934
2.07302
2.07237
2.01818
1.91321
2.01777
2.07157
2.0691
2.01428
1.91012
2.01376
2.0673
2.0625
2.00789
1.9046
2.00755
2.06121
2.05451
1.99972
1.89737
1.99967
2.05403
2.04559
1.99
1.88842
1.98989
2.04446
2.03493
1.97874
1.8778
1.97841
2.03348
2.02205
1.96573
1.86552
1.96527
2.02119
2.00861
1.95099
1.85148
1.95027
2.00688
1.99314
1.93438
1.83563
1.93348
1.99042
1.97488
1.91568
1.81787
1.91482
1.97241
1.95471
1.8948
1.79813
1.89434
1.9538
1.93297
1.87187
1.77634
1.8718
1.93274
1.9093
1.84685
1.75237
1.84677
1.90841
1.88274
1.81948
1.72617
1.81935
1.88208
1.85388
1.78963
1.69763
1.78962
1.85318
1.82297
1.75726
1.66698
1.75763
1.82353
1.78949
1.72246
1.63462
1.72304
1.79127
1.75448
1.68534
1.59994
1.68559
1.75488
1.7169
1.64561
1.5629
1.64569
1.71683
1.67584
1.60313
1.52347
1.60325
1.67651
1.63302
1.55822
1.48168
1.55824
1.6335
1.58797
1.51088
1.43753
1.51087
1.5881
1.54026
1.46107
1.39097
1.46107
1.54026
1.48984
1.40881
1.34194
1.40882
1.48984
1.43698
1.35409
1.29024
1.35409
1.43698
1.38184
1.29652
1.23554
1.29652
1.38184
1.32361
1.23455
1.17726
1.23456
1.3236
0.964573
1.20442
1.1006
1.20443
0.96458
1.53184
1.54267
1.43565
1.54268
1.53185
1.75663
1.71691
1.60389
1.71691
1.75664
1.87057
1.82003
1.70703
1.82004
1.87058
1.93943
1.88601
1.77403
1.88601
1.93943
1.98419
1.92957
1.81864
1.92957
1.98418
2.01331
1.95807
1.84816
1.95799
2.01313
2.03109
1.97575
1.86688
1.97559
2.03059
2.04065
1.98531
1.8775
1.98503
2.03978
2.04342
1.98831
1.88176
1.98812
2.04279
2.04224
1.98711
1.88142
1.98707
2.04234
2.03806
1.9823
1.8778
1.98234
2.03825
2.03034
1.97392
1.87044
1.97397
2.03011
2.01983
1.96318
1.86077
1.96328
2.01993
2.00759
1.95056
1.84916
1.95064
2.00739
1.99391
1.93647
1.836
1.9366
1.99401
1.97944
1.92135
1.82175
1.92147
1.97969
1.96408
1.90542
1.8067
1.90553
1.96396
1.94847
1.88912
1.79136
1.88911
1.94781
1.9327
1.87265
1.77602
1.87236
1.93152
1.91643
1.85616
1.76084
1.85597
1.91557
1.90081
1.8403
1.74618
1.84015
1.90046
1.88621
1.82535
1.73234
1.82503
1.88548
1.87307
1.81179
1.71979
1.81145
1.87235
1.86223
1.80012
1.709
1.7998
1.86197
1.85392
1.7908
1.70047
1.79045
1.85322
1.84749
1.78444
1.69484
1.78414
1.84714
1.84558
1.78235
1.69313
1.78201
1.84482
1.84836
1.78525
1.69638
1.78496
1.84752
1.85774
1.79498
1.70645
1.7948
1.857
1.87664
1.81483
1.72644
1.81468
1.87574
1.90649
1.84765
1.75907
1.8475
1.90576
1.95178
1.89848
1.80923
1.89836
1.95121
2.01624
1.97404
1.88364
1.974
2.01621
2.13425
2.08605
1.99286
2.08602
2.13419
2.31164
2.25346
2.15513
2.25344
2.3116
2.58567
2.50907
2.4014
2.50906
2.58565
3.12239
2.94149
2.80171
2.94148
3.12238
4.99208
4.20723
3.94576
4.20723
4.99207
1.11032
1.02143
0.964998
1.02143
1.11032
1.15821
1.06939
1.0154
1.0694
1.15821
1.20943
1.12055
1.06723
1.12055
1.20943
1.26393
1.17456
1.12021
1.17456
1.26393
8.48923
6.45038
5.88915
6.45038
8.48922
8.50693
6.27028
5.71115
6.27028
8.50692
6.49289
4.92256
4.51595
4.92256
6.49289
6.44935
4.83013
4.42547
4.83013
6.44935
5.49425
4.13606
3.80287
4.13606
5.49425
5.37972
4.03924
3.71505
4.03924
5.37972
4.40562
3.20939
2.93206
3.20939
4.40562
4.28535
3.1223
2.855
3.1223
4.28534
0.288546
0.288546
0.258712
0.258712
0.233874
0.233874
0.258714
0.258714
0.288546
0.288546
0.835469
0.820316
0.743231
0.820322
0.835465
1.15359
1.13827
1.05309
1.13828
1.15358
1.38028
1.3595
1.27333
1.35951
1.38027
1.54433
1.52374
1.43929
1.52375
1.54433
1.67495
1.65443
1.57164
1.65444
1.67495
1.78542
1.76379
1.68195
1.7638
1.78542
1.88213
1.85819
1.77653
1.8582
1.88213
1.96811
1.94068
1.8585
1.94069
1.96811
2.04411
2.01203
1.92877
2.01204
2.04411
2.10892
2.07123
1.98641
2.07124
2.10892
2.15872
2.11506
2.02844
2.11507
2.15872
2.18786
2.13521
2.04643
2.13521
2.18786
2.19734
2.12312
2.03278
2.12312
2.19735
2.17662
2.06856
1.98151
2.06856
2.17662
2.10519
1.9686
1.88722
1.96861
2.10519
1.93078
1.78649
1.70304
1.78649
1.93078
1.5276
1.40676
1.32637
1.40677
1.5276
0.556709
0.556709
0.497937
0.497937
0.459535
0.459535
0.497938
0.497938
0.556709
0.556709
0.797611
0.766143
0.667332
0.766151
0.797603
1.62867
1.58736
1.42348
1.58737
1.62867
0.993037
0.914225
0.838167
0.914237
0.993032
2.78213
2.54374
2.33002
2.54374
2.78212
1.06308
0.97486
0.91258
0.974868
1.06308
4.94797
4.06908
3.75462
4.06908
4.94797
)
;
    }
    outlet
    {
        type            zeroGradient;
    }
}


// ************************************************************************* //
