/*--------------------------------*- C++ -*----------------------------------*\
  =========                 |
  \\      /  F ield         | OpenFOAM: The Open Source CFD Toolbox
   \\    /   O peration     | Website:  https://openfoam.org
    \\  /    A nd           | Version:  9
     \\/     M anipulation  |
\*---------------------------------------------------------------------------*/
FoamFile
{
    format      ascii;
    class       volScalarField;
    location    "4.5";
    object      nut;
}
// * * * * * * * * * * * * * * * * * * * * * * * * * * * * * * * * * * * * * //

dimensions      [0 2 -1 0 0 0 0];

internalField   nonuniform List<scalar> 
4545
(
0.00585277
0.00653159
0.00624822
0.00653159
0.00585278
0.00733581
0.00736019
0.0071023
0.0073602
0.00733582
0.00784443
0.00775674
0.0074985
0.00775675
0.00784444
0.00809266
0.00798514
0.00773453
0.00798515
0.00809267
0.00824213
0.00813073
0.00788685
0.00813073
0.00824213
0.00834089
0.00822844
0.0079896
0.00822841
0.00834019
0.00840736
0.00829502
0.00806017
0.00829474
0.00840661
0.00845227
0.00833996
0.00810844
0.00833967
0.00844936
0.00848008
0.00836931
0.0081406
0.00836916
0.00847626
0.00849731
0.0083868
0.00816077
0.00838701
0.00849417
0.00850514
0.00839552
0.0081719
0.00839638
0.00850398
0.00850578
0.00839794
0.00817582
0.00839828
0.00850883
0.00850697
0.00839548
0.0081743
0.00839465
0.00850852
0.00850026
0.00838767
0.00816767
0.00838597
0.00849719
0.00848534
0.00837441
0.00815581
0.0083732
0.00848255
0.00847132
0.00835704
0.00814024
0.00835665
0.00846789
0.0084552
0.00833682
0.00812098
0.00833599
0.00844831
0.0084309
0.00831324
0.00809811
0.00831223
0.00842522
0.00840121
0.00828554
0.00807159
0.00828448
0.0084022
0.00837507
0.00825466
0.00804118
0.00825263
0.00837553
0.00834286
0.00821962
0.00800671
0.0082171
0.00833868
0.00830245
0.00817979
0.0079679
0.00817759
0.00829991
0.00826305
0.00813498
0.00792456
0.00813415
0.00826326
0.00822024
0.00808593
0.00787648
0.00808579
0.00821656
0.00816985
0.00803198
0.00782326
0.00803119
0.00816463
0.00810995
0.00797229
0.00776456
0.0079709
0.00811106
0.00804633
0.00790665
0.00770005
0.0079053
0.00804522
0.00798193
0.00783463
0.00763021
0.00783473
0.00797955
0.0079094
0.0077562
0.00755577
0.00775791
0.00790856
0.00783
0.00767189
0.00747516
0.00767301
0.0078283
0.00774486
0.00758092
0.00738812
0.00758156
0.00774285
0.00765055
0.0074824
0.00729429
0.00748336
0.00765103
0.00755152
0.00737695
0.0071935
0.0073775
0.00755478
0.00744738
0.00726402
0.00708548
0.00726423
0.0074482
0.00733439
0.00714335
0.0069698
0.00714333
0.00733445
0.0072132
0.0070144
0.00684585
0.00701439
0.00721316
0.00708404
0.00687681
0.00671271
0.00687681
0.00708402
0.00694681
0.00672904
0.00656887
0.00672905
0.00694679
0.00679886
0.00656627
0.00641209
0.00656629
0.00679885
0.0531603
0.0557098
0.0549846
0.0557099
0.0531604
0.0591625
0.0609477
0.06041
0.0609478
0.0591626
0.0621692
0.0640959
0.063654
0.064096
0.0621693
0.064193
0.0662149
0.0658418
0.066215
0.064193
0.0656948
0.0677386
0.0673983
0.0677386
0.0656946
0.0668187
0.0688594
0.0685356
0.0688591
0.0668156
0.0676559
0.0696882
0.0693741
0.0696861
0.0676534
0.0682804
0.070299
0.0699914
0.070297
0.0682728
0.0687349
0.0707415
0.0704391
0.0707419
0.0687251
0.0690588
0.0710499
0.0707521
0.0710515
0.0690484
0.0692618
0.0712433
0.0709575
0.0712501
0.0692589
0.0693863
0.0713629
0.0710768
0.0713721
0.0694023
0.0694668
0.0714179
0.0711373
0.0714208
0.0694861
0.0694727
0.0714026
0.0711208
0.0714
0.0694821
0.0694228
0.0713333
0.0710524
0.071332
0.0694261
0.0693374
0.0712143
0.0709343
0.0712112
0.0693258
0.0692061
0.0710517
0.0707698
0.0710429
0.069185
0.0690071
0.0708418
0.0705613
0.0708368
0.0689995
0.0687608
0.0705847
0.070308
0.0705821
0.0687763
0.0684897
0.0702863
0.0700096
0.0702803
0.0685104
0.0681627
0.0699402
0.0696648
0.0699341
0.0681754
0.0677705
0.0695427
0.0692716
0.0695423
0.0677944
0.0673435
0.0690959
0.0688284
0.069101
0.067367
0.0668613
0.0685985
0.0683321
0.0686002
0.0668529
0.0663011
0.0680423
0.0677786
0.0680344
0.0662786
0.0656597
0.0674217
0.0671639
0.0674061
0.0656525
0.0649514
0.0667349
0.0664827
0.0667169
0.0649375
0.0641824
0.0659764
0.0657177
0.0659658
0.0641576
0.0633283
0.0651406
0.0648528
0.0651422
0.0632995
0.0623816
0.0642309
0.0639051
0.0642362
0.0623677
0.0613601
0.0632496
0.0628826
0.0632565
0.0613607
0.0602682
0.0621961
0.0617849
0.0622061
0.0602736
0.059102
0.0610696
0.0606113
0.0610786
0.0591194
0.0578676
0.0598684
0.05936
0.059873
0.0578759
0.0565561
0.0585893
0.0580292
0.0585904
0.0565577
0.0551733
0.0572287
0.0566146
0.0572287
0.0551723
0.0537222
0.0557804
0.0551085
0.0557803
0.053721
0.0522073
0.0542292
0.053497
0.0542293
0.0522063
0.050626
0.0525428
0.0517639
0.052543
0.0506252
0.0894604
0.0910169
0.0906071
0.091017
0.0894606
0.0994412
0.100132
0.0998858
0.100132
0.0994415
0.10541
0.106119
0.105937
0.106119
0.10541
0.109571
0.110346
0.110221
0.110346
0.109571
0.11266
0.113476
0.113388
0.113476
0.11266
0.115008
0.115847
0.115782
0.115846
0.115007
0.116804
0.117656
0.117608
0.117655
0.116803
0.118177
0.119036
0.119
0.119035
0.118177
0.119218
0.120079
0.120052
0.120079
0.119217
0.119971
0.120836
0.120823
0.120836
0.119969
0.120511
0.121374
0.121366
0.121377
0.12051
0.120885
0.121752
0.12175
0.121758
0.120892
0.121106
0.121973
0.121982
0.121979
0.12112
0.121193
0.122056
0.122068
0.122061
0.121208
0.121172
0.122026
0.12204
0.122029
0.12118
0.121048
0.121893
0.121908
0.121892
0.121049
0.120825
0.121662
0.121679
0.12166
0.120826
0.120507
0.121339
0.12136
0.121339
0.120512
0.120102
0.120927
0.12095
0.120928
0.120111
0.119607
0.120426
0.120452
0.120428
0.119622
0.119023
0.119835
0.119864
0.119839
0.11904
0.118346
0.119152
0.119184
0.119157
0.118364
0.117575
0.118374
0.118408
0.118378
0.117585
0.116701
0.117497
0.117532
0.117497
0.1167
0.115715
0.116513
0.116551
0.11651
0.115711
0.114617
0.115418
0.115459
0.115411
0.11461
0.113401
0.114207
0.11425
0.114197
0.113391
0.11206
0.112872
0.112918
0.112863
0.112044
0.110587
0.111407
0.111456
0.111403
0.110569
0.108976
0.10981
0.109858
0.10981
0.108968
0.107229
0.108078
0.108123
0.10808
0.107229
0.105347
0.106206
0.106246
0.10621
0.105348
0.103318
0.104189
0.104223
0.104193
0.103321
0.101139
0.102018
0.102043
0.10202
0.101141
0.0988013
0.0996835
0.099699
0.0996843
0.0988016
0.0962963
0.0971743
0.0971763
0.0971743
0.0962954
0.0936092
0.0944718
0.0944564
0.0944717
0.0936079
0.0907195
0.0915492
0.0915126
0.0915491
0.0907182
0.08759
0.0883673
0.0883155
0.0883674
0.0875889
0.117249
0.118286
0.117852
0.118286
0.117249
0.129483
0.129564
0.129229
0.129564
0.129483
0.137627
0.137631
0.137317
0.137631
0.137628
0.14353
0.14355
0.143271
0.143551
0.14353
0.147983
0.148026
0.147773
0.148026
0.147983
0.151408
0.151467
0.151235
0.151467
0.151408
0.154062
0.154131
0.153914
0.154131
0.154061
0.156117
0.156192
0.155987
0.156192
0.156116
0.157693
0.157774
0.157578
0.157774
0.157692
0.158861
0.158943
0.158759
0.158943
0.15886
0.15973
0.159814
0.159634
0.159815
0.159731
0.160356
0.16044
0.160265
0.160442
0.160359
0.160753
0.160837
0.160672
0.160841
0.160758
0.160954
0.161036
0.160874
0.161039
0.160959
0.16099
0.161068
0.16091
0.16107
0.160993
0.160878
0.160951
0.160796
0.160952
0.160878
0.160628
0.160697
0.160544
0.160697
0.160628
0.16025
0.160314
0.160165
0.160314
0.16025
0.159747
0.159808
0.159662
0.159808
0.159749
0.159123
0.159181
0.159037
0.159181
0.159127
0.158378
0.158432
0.158292
0.158433
0.158383
0.15751
0.157561
0.157424
0.157563
0.157515
0.156516
0.156564
0.15643
0.156565
0.156518
0.15539
0.155438
0.155305
0.155437
0.155388
0.154126
0.154175
0.154045
0.154173
0.154122
0.152718
0.152769
0.152643
0.152766
0.152712
0.151159
0.151214
0.15109
0.151209
0.151152
0.14944
0.1495
0.14938
0.149496
0.149432
0.147553
0.147619
0.147503
0.147616
0.147546
0.145488
0.145562
0.145449
0.145561
0.145485
0.143238
0.14332
0.143208
0.14332
0.143237
0.140791
0.14088
0.14077
0.140881
0.140791
0.138134
0.138229
0.138118
0.13823
0.138135
0.13525
0.13535
0.135238
0.135351
0.13525
0.132119
0.132222
0.132106
0.132222
0.132119
0.128716
0.128819
0.128696
0.128819
0.128715
0.125007
0.125105
0.124976
0.125105
0.125006
0.120948
0.121034
0.120905
0.121034
0.120947
0.116469
0.116537
0.116418
0.116537
0.116468
0.139204
0.13998
0.139523
0.13998
0.139205
0.15271
0.152499
0.152091
0.1525
0.152711
0.162301
0.161975
0.161565
0.161976
0.162302
0.169492
0.169159
0.168769
0.169159
0.169493
0.175015
0.174693
0.174323
0.174693
0.175016
0.179313
0.179
0.178647
0.179
0.179313
0.182672
0.182366
0.182026
0.182366
0.182672
0.185296
0.184993
0.184663
0.184993
0.185295
0.187318
0.187023
0.186704
0.187023
0.187318
0.188846
0.188548
0.188236
0.188548
0.188846
0.189996
0.1897
0.189393
0.1897
0.189996
0.190836
0.190538
0.190236
0.190539
0.190837
0.19139
0.191092
0.190798
0.191094
0.191392
0.191697
0.191397
0.191106
0.191398
0.191699
0.191796
0.191493
0.191206
0.191494
0.191798
0.191711
0.191404
0.19112
0.191405
0.191711
0.191457
0.191147
0.190866
0.191147
0.191457
0.191048
0.190734
0.190456
0.190734
0.191048
0.19049
0.190173
0.189899
0.190173
0.19049
0.189789
0.189469
0.189198
0.18947
0.18979
0.188946
0.188624
0.188356
0.188625
0.188947
0.187961
0.187637
0.187372
0.187638
0.187962
0.186832
0.186507
0.186244
0.186507
0.186831
0.185552
0.185227
0.184968
0.185227
0.18555
0.184117
0.183793
0.183537
0.183792
0.184114
0.182517
0.182196
0.181943
0.182195
0.182514
0.180745
0.180427
0.180177
0.180425
0.180741
0.178788
0.178474
0.178228
0.178473
0.178785
0.176634
0.176325
0.176082
0.176324
0.176631
0.174269
0.173965
0.173725
0.173965
0.174267
0.171675
0.171377
0.171138
0.171377
0.171674
0.168833
0.16854
0.168303
0.168541
0.168833
0.16572
0.165432
0.165195
0.165433
0.16572
0.162308
0.162024
0.161788
0.162025
0.162308
0.158562
0.158284
0.158051
0.158284
0.158562
0.154441
0.154169
0.153942
0.154169
0.15444
0.149894
0.149629
0.149406
0.149629
0.149894
0.14486
0.144602
0.144374
0.144602
0.144859
0.13925
0.138995
0.138767
0.138995
0.13925
0.156391
0.157029
0.15657
0.157029
0.156392
0.17065
0.170301
0.16986
0.170301
0.170651
0.181189
0.180713
0.180259
0.180714
0.181189
0.189294
0.188802
0.188361
0.188803
0.189295
0.195617
0.19513
0.194706
0.195131
0.195618
0.200586
0.200106
0.199696
0.200106
0.200587
0.204498
0.204023
0.203625
0.204023
0.204499
0.207571
0.207099
0.20671
0.207099
0.207571
0.20995
0.209484
0.209108
0.209484
0.20995
0.211766
0.211297
0.210923
0.211297
0.211767
0.213141
0.212672
0.212306
0.212673
0.213142
0.214153
0.213683
0.21332
0.213683
0.214154
0.214834
0.214364
0.214008
0.214364
0.214835
0.21523
0.214757
0.214404
0.214757
0.215231
0.215385
0.21491
0.214561
0.21491
0.215386
0.215329
0.214851
0.214505
0.214851
0.21533
0.215083
0.214601
0.214259
0.214602
0.215084
0.214662
0.214178
0.213839
0.214178
0.214663
0.214078
0.213591
0.213255
0.213591
0.214079
0.213338
0.212847
0.212515
0.212848
0.213338
0.212444
0.211952
0.211622
0.211952
0.212444
0.211399
0.210905
0.210578
0.210906
0.211399
0.2102
0.209705
0.209381
0.209705
0.210199
0.208842
0.208347
0.208026
0.208347
0.208841
0.207319
0.206825
0.206507
0.206824
0.207317
0.205621
0.205128
0.204813
0.205128
0.205619
0.203736
0.203245
0.202933
0.203245
0.203734
0.201649
0.201161
0.200852
0.201161
0.201647
0.199343
0.198858
0.198552
0.198858
0.199342
0.196797
0.196315
0.196011
0.196315
0.196796
0.193987
0.193508
0.193206
0.193508
0.193986
0.190883
0.190408
0.19011
0.190408
0.190883
0.187454
0.186984
0.186691
0.186984
0.187454
0.183663
0.1832
0.18291
0.1832
0.183662
0.179467
0.17901
0.178716
0.17901
0.179467
0.17481
0.174355
0.174056
0.174355
0.174809
0.169619
0.169165
0.168862
0.169165
0.169618
0.163806
0.163349
0.16305
0.163349
0.163805
0.157257
0.156801
0.156518
0.156802
0.157256
0.169354
0.169914
0.169462
0.169915
0.169355
0.184073
0.183656
0.183203
0.183656
0.184074
0.195227
0.194681
0.19421
0.194682
0.195228
0.203959
0.203393
0.202933
0.203394
0.20396
0.210851
0.210288
0.209843
0.210289
0.210852
0.21631
0.215753
0.215321
0.215753
0.216311
0.220632
0.220079
0.219658
0.220079
0.220633
0.22404
0.223489
0.223076
0.223489
0.224041
0.226686
0.226141
0.225741
0.226142
0.226686
0.228719
0.22817
0.227772
0.22817
0.228719
0.230261
0.229713
0.229323
0.229714
0.230262
0.231402
0.230853
0.230465
0.230853
0.231403
0.232178
0.231629
0.231248
0.23163
0.232179
0.232641
0.23209
0.231712
0.23209
0.232642
0.232842
0.232288
0.231914
0.232288
0.232842
0.232813
0.232256
0.231886
0.232257
0.232813
0.232579
0.23202
0.231653
0.232021
0.23258
0.232161
0.231599
0.231235
0.2316
0.232161
0.231571
0.231007
0.230646
0.231007
0.231572
0.23082
0.230253
0.229895
0.230254
0.23082
0.229913
0.229344
0.228988
0.229344
0.229913
0.228851
0.228281
0.227928
0.228281
0.228851
0.227635
0.227063
0.226713
0.227063
0.227635
0.226259
0.225686
0.225339
0.225686
0.226258
0.224715
0.224143
0.223798
0.224143
0.224715
0.222993
0.222421
0.222079
0.222421
0.222992
0.221078
0.220506
0.220167
0.220506
0.221077
0.21895
0.218379
0.218043
0.218379
0.21895
0.216589
0.216017
0.215684
0.216017
0.216588
0.213965
0.213395
0.213065
0.213395
0.213965
0.21105
0.210482
0.210154
0.210482
0.21105
0.207811
0.207243
0.206914
0.207243
0.20781
0.204202
0.203631
0.203301
0.203631
0.204201
0.200168
0.199595
0.199265
0.199595
0.200168
0.195651
0.195079
0.19475
0.195079
0.19565
0.190581
0.190014
0.189689
0.190014
0.190581
0.184882
0.184324
0.184002
0.184324
0.184881
0.17846
0.17791
0.177594
0.17791
0.17846
0.171194
0.170652
0.170352
0.170653
0.171194
0.178408
0.178923
0.178479
0.178924
0.178409
0.193406
0.192953
0.192497
0.192954
0.193407
0.204943
0.204364
0.203887
0.204364
0.204944
0.214078
0.213478
0.213011
0.213479
0.214079
0.221346
0.220748
0.220295
0.220749
0.221347
0.227135
0.226541
0.226101
0.226542
0.227136
0.231734
0.231144
0.230715
0.231144
0.231734
0.235369
0.234782
0.234361
0.234782
0.23537
0.238195
0.237614
0.237206
0.237615
0.238196
0.240374
0.239789
0.239383
0.23979
0.240375
0.242029
0.241445
0.241046
0.241446
0.24203
0.243257
0.242672
0.242275
0.242672
0.243257
0.244094
0.24351
0.24312
0.24351
0.244095
0.244602
0.244016
0.243629
0.244016
0.244603
0.244834
0.244245
0.243863
0.244246
0.244834
0.244826
0.244235
0.243856
0.244236
0.244826
0.244607
0.244014
0.243638
0.244015
0.244607
0.244199
0.243604
0.243231
0.243605
0.2442
0.24362
0.243022
0.242652
0.243023
0.24362
0.24288
0.24228
0.241913
0.242281
0.24288
0.241988
0.241386
0.241021
0.241386
0.241988
0.240946
0.240342
0.23998
0.240343
0.240946
0.239755
0.239149
0.23879
0.239149
0.239755
0.23841
0.237802
0.237445
0.237803
0.23841
0.236903
0.236294
0.235939
0.236294
0.236903
0.23522
0.23461
0.234258
0.23461
0.23522
0.233345
0.232733
0.232384
0.232733
0.233345
0.231256
0.230641
0.230294
0.230642
0.231255
0.228924
0.228308
0.227963
0.228308
0.228924
0.22632
0.225701
0.225356
0.225701
0.22632
0.223403
0.222779
0.222435
0.222779
0.223403
0.220125
0.219498
0.219155
0.219498
0.220125
0.216437
0.215807
0.215466
0.215808
0.216437
0.21228
0.211649
0.211308
0.211649
0.21228
0.207586
0.206954
0.206615
0.206954
0.207586
0.202276
0.201646
0.201309
0.201646
0.202275
0.19626
0.195636
0.195303
0.195636
0.196259
0.189436
0.188818
0.188492
0.188819
0.189435
0.181675
0.181066
0.180756
0.181066
0.181675
0.183739
0.184231
0.183792
0.184231
0.183741
0.19889
0.19842
0.197964
0.198421
0.198891
0.210638
0.210042
0.209564
0.210043
0.210639
0.219997
0.21938
0.218911
0.21938
0.219998
0.227475
0.22686
0.226404
0.22686
0.227476
0.233447
0.232836
0.232394
0.232837
0.233448
0.2382
0.237593
0.237162
0.237594
0.238201
0.241961
0.241356
0.240933
0.241357
0.241962
0.244883
0.244285
0.243873
0.244285
0.244883
0.24714
0.246538
0.246128
0.246539
0.24714
0.248851
0.248251
0.247849
0.248252
0.248852
0.250122
0.249522
0.249122
0.249522
0.250123
0.250987
0.250387
0.249994
0.250388
0.250987
0.251515
0.250914
0.250525
0.250914
0.251515
0.251761
0.251159
0.250773
0.251159
0.251761
0.251765
0.251161
0.250779
0.251162
0.251765
0.251558
0.250953
0.250574
0.250953
0.251559
0.251166
0.250559
0.250183
0.250559
0.251167
0.250608
0.249999
0.249625
0.249999
0.250609
0.249898
0.249286
0.248915
0.249286
0.249898
0.249045
0.24843
0.248063
0.248431
0.249045
0.248054
0.247437
0.247072
0.247437
0.248054
0.246925
0.246306
0.245943
0.246306
0.246925
0.245653
0.245032
0.244672
0.245032
0.245653
0.244231
0.243607
0.243249
0.243607
0.244231
0.242644
0.242016
0.241661
0.242017
0.242644
0.240872
0.240241
0.239887
0.240241
0.240872
0.23889
0.238255
0.237903
0.238255
0.23889
0.236669
0.236027
0.235676
0.236028
0.236669
0.234166
0.233519
0.233169
0.233519
0.234166
0.23134
0.230686
0.230337
0.230686
0.23134
0.228137
0.227476
0.227127
0.227476
0.228137
0.224497
0.22383
0.223482
0.22383
0.224497
0.220354
0.219681
0.219334
0.219681
0.220354
0.215631
0.214954
0.214608
0.214954
0.215631
0.210242
0.209563
0.209219
0.209563
0.210242
0.204088
0.203412
0.203071
0.203412
0.204088
0.19706
0.196388
0.196054
0.196388
0.19706
0.189026
0.18836
0.188042
0.18836
0.189025
0.185452
0.185936
0.185498
0.185936
0.185453
0.200656
0.200181
0.199725
0.200182
0.200657
0.212471
0.21187
0.211392
0.211871
0.212472
0.221897
0.221276
0.220807
0.221277
0.221899
0.229436
0.228817
0.228361
0.228817
0.229437
0.235459
0.234844
0.234401
0.234844
0.23546
0.240251
0.23964
0.239208
0.23964
0.240252
0.244039
0.243431
0.243007
0.243431
0.24404
0.246975
0.246374
0.245963
0.246375
0.246976
0.249244
0.24864
0.24823
0.248641
0.249245
0.250959
0.250357
0.249954
0.250358
0.250959
0.252233
0.251631
0.251232
0.251632
0.252234
0.253092
0.252492
0.252099
0.252492
0.253093
0.253617
0.253016
0.252626
0.253016
0.253617
0.253861
0.253259
0.252874
0.25326
0.253862
0.253867
0.253265
0.252883
0.253265
0.253868
0.253669
0.253065
0.252687
0.253066
0.25367
0.253294
0.252689
0.252313
0.252689
0.253295
0.252763
0.252156
0.251783
0.252157
0.252764
0.252093
0.251484
0.251114
0.251484
0.252093
0.251295
0.250683
0.250315
0.250683
0.251295
0.250374
0.24976
0.249395
0.24976
0.250375
0.249334
0.248717
0.248355
0.248717
0.249335
0.248171
0.247549
0.247189
0.24755
0.248171
0.246873
0.246248
0.24589
0.246248
0.246874
0.245429
0.244799
0.244443
0.244799
0.245429
0.243817
0.24318
0.242826
0.24318
0.243817
0.242008
0.241365
0.241012
0.241365
0.242009
0.239969
0.239318
0.238965
0.239318
0.239969
0.237657
0.236996
0.236644
0.236997
0.237657
0.235021
0.23435
0.233998
0.23435
0.235021
0.232003
0.23132
0.230968
0.231321
0.232003
0.228536
0.227842
0.22749
0.227842
0.228536
0.224545
0.22384
0.223488
0.223841
0.224545
0.219946
0.219232
0.218881
0.219233
0.219946
0.214645
0.213926
0.213577
0.213926
0.214645
0.208539
0.207818
0.207472
0.207818
0.208539
0.201512
0.200791
0.200451
0.200791
0.201512
0.193427
0.192708
0.192384
0.192708
0.193427
0.183582
0.184073
0.183633
0.184073
0.183583
0.198748
0.198278
0.197821
0.198278
0.19875
0.210496
0.2099
0.209422
0.209901
0.210498
0.219843
0.219227
0.218758
0.219227
0.219845
0.2273
0.226686
0.22623
0.226686
0.227301
0.233243
0.232634
0.232192
0.232634
0.233244
0.237961
0.237356
0.236925
0.237357
0.237962
0.241682
0.24108
0.240657
0.241081
0.241683
0.244553
0.243959
0.243549
0.24396
0.244554
0.246769
0.246172
0.245764
0.246173
0.246769
0.248434
0.247841
0.247439
0.247841
0.248435
0.249669
0.249076
0.248678
0.249077
0.24967
0.250488
0.249898
0.249507
0.249898
0.250489
0.250984
0.250394
0.250007
0.250394
0.250985
0.251209
0.250619
0.250235
0.250619
0.251209
0.251205
0.250615
0.250235
0.250615
0.251206
0.251009
0.250418
0.250041
0.250418
0.251009
0.250648
0.250056
0.249683
0.250057
0.250649
0.250147
0.249553
0.249183
0.249554
0.250147
0.249523
0.248928
0.24856
0.248928
0.249524
0.24879
0.248193
0.247827
0.248193
0.248791
0.247957
0.247356
0.246994
0.247357
0.247957
0.247026
0.246422
0.246062
0.246423
0.247027
0.245997
0.245389
0.245031
0.245389
0.245997
0.244861
0.244247
0.243891
0.244247
0.244861
0.243603
0.242982
0.242627
0.242982
0.243603
0.242201
0.241572
0.241218
0.241572
0.242201
0.240625
0.239986
0.239633
0.239986
0.240625
0.238837
0.238187
0.237835
0.238187
0.238837
0.236796
0.236133
0.23578
0.236133
0.236796
0.234446
0.233769
0.233416
0.233769
0.234446
0.231726
0.231032
0.230678
0.231032
0.231726
0.22856
0.22785
0.227495
0.22785
0.22856
0.224863
0.224137
0.223783
0.224138
0.224863
0.220549
0.219808
0.219453
0.219808
0.220549
0.215514
0.214762
0.214409
0.214762
0.215514
0.20965
0.20889
0.20854
0.20889
0.20965
0.202836
0.20207
0.201726
0.20207
0.202836
0.194933
0.194161
0.193832
0.194161
0.194933
0.178103
0.178617
0.178172
0.178618
0.178105
0.193134
0.192679
0.192223
0.19268
0.193135
0.204672
0.204091
0.203615
0.204092
0.204673
0.213785
0.213184
0.212717
0.213185
0.213786
0.221012
0.220413
0.21996
0.220414
0.221013
0.226743
0.226151
0.225711
0.226151
0.226744
0.231273
0.230686
0.230257
0.230686
0.231274
0.23483
0.234247
0.233826
0.234247
0.234831
0.237556
0.236982
0.236575
0.236982
0.237557
0.239653
0.239077
0.238672
0.239078
0.239654
0.24122
0.240646
0.240248
0.240647
0.241221
0.242369
0.241799
0.241406
0.2418
0.24237
0.243118
0.24255
0.242163
0.242551
0.243119
0.24356
0.242993
0.24261
0.242993
0.24356
0.243745
0.243179
0.2428
0.24318
0.243746
0.243717
0.243152
0.242777
0.243152
0.243718
0.243513
0.242947
0.242576
0.242948
0.243513
0.243161
0.242596
0.242228
0.242596
0.243161
0.242688
0.242121
0.241757
0.242122
0.242688
0.242112
0.241545
0.241183
0.241545
0.242112
0.241451
0.240881
0.240522
0.240881
0.241451
0.240713
0.240141
0.239784
0.240141
0.240714
0.239907
0.23933
0.238975
0.23933
0.239907
0.239031
0.238449
0.238096
0.238449
0.239031
0.23808
0.237492
0.237141
0.237492
0.23808
0.237044
0.236447
0.236098
0.236447
0.237043
0.2359
0.235294
0.234945
0.235294
0.2359
0.234619
0.234002
0.233654
0.234002
0.234619
0.233163
0.232532
0.232184
0.232532
0.233163
0.23148
0.230832
0.230484
0.230832
0.23148
0.229508
0.228844
0.228495
0.228844
0.229508
0.227192
0.226498
0.226147
0.226498
0.227192
0.224435
0.223726
0.223373
0.223726
0.224435
0.221175
0.22044
0.220086
0.22044
0.221175
0.217312
0.216554
0.216199
0.216554
0.217312
0.212731
0.211956
0.211602
0.211956
0.212731
0.207316
0.206526
0.206175
0.206526
0.207316
0.20094
0.200138
0.199793
0.200138
0.20094
0.19346
0.192645
0.192314
0.192645
0.19346
0.168924
0.169481
0.169027
0.169481
0.168925
0.183694
0.183273
0.18282
0.183274
0.183695
0.194851
0.194304
0.193832
0.194304
0.194852
0.203552
0.202985
0.202524
0.202986
0.203553
0.210384
0.209822
0.209377
0.209823
0.210385
0.215762
0.215207
0.214775
0.215208
0.215763
0.219985
0.219436
0.219016
0.219437
0.219986
0.22328
0.222736
0.222324
0.222736
0.223281
0.225782
0.225248
0.224851
0.225249
0.225782
0.227695
0.22716
0.226765
0.227161
0.227696
0.229115
0.228582
0.228191
0.228582
0.229115
0.230133
0.229606
0.229224
0.229606
0.230133
0.230781
0.230256
0.229879
0.230257
0.230781
0.231144
0.230621
0.230249
0.230621
0.231144
0.231271
0.23075
0.230382
0.230751
0.231271
0.231205
0.230686
0.230322
0.230686
0.231205
0.230983
0.230464
0.230104
0.230465
0.230983
0.230633
0.230116
0.229759
0.230116
0.230633
0.230183
0.229665
0.229312
0.229665
0.230183
0.229653
0.229135
0.228784
0.229135
0.229653
0.229062
0.228541
0.228194
0.228541
0.229062
0.228422
0.227898
0.227553
0.227899
0.228422
0.227742
0.227215
0.226872
0.227215
0.227742
0.227027
0.226494
0.226153
0.226494
0.227026
0.226274
0.225734
0.225394
0.225733
0.226273
0.225475
0.224925
0.224587
0.224925
0.225474
0.224612
0.224051
0.223714
0.224051
0.224612
0.223661
0.223086
0.222748
0.223086
0.22366
0.222584
0.221993
0.221655
0.221993
0.222584
0.221338
0.220725
0.220387
0.220725
0.221338
0.219874
0.219234
0.218891
0.219234
0.219874
0.218087
0.217427
0.217085
0.217427
0.218087
0.215905
0.215217
0.214874
0.215218
0.215905
0.213225
0.21251
0.212166
0.21251
0.213225
0.209955
0.209211
0.208866
0.209211
0.209955
0.206014
0.205233
0.204884
0.205233
0.206014
0.201269
0.200466
0.200119
0.200466
0.201269
0.195576
0.194753
0.194414
0.194753
0.195576
0.188787
0.18794
0.187615
0.18794
0.188786
0.155867
0.156501
0.15604
0.156501
0.155868
0.170198
0.169845
0.169403
0.169846
0.170199
0.180745
0.180267
0.179811
0.180267
0.180746
0.188812
0.188319
0.187877
0.188319
0.188813
0.195061
0.194575
0.194151
0.194576
0.195062
0.199929
0.199452
0.199043
0.199452
0.19993
0.203718
0.203249
0.202852
0.203249
0.203719
0.20665
0.206186
0.205799
0.206187
0.206651
0.208849
0.208397
0.208024
0.208397
0.208849
0.210513
0.21006
0.20969
0.210061
0.210513
0.211735
0.211285
0.21092
0.211286
0.211735
0.212582
0.21214
0.211784
0.21214
0.212582
0.2131
0.212661
0.21231
0.212661
0.2131
0.213361
0.212925
0.212579
0.212925
0.213361
0.213413
0.21298
0.212639
0.21298
0.213413
0.213297
0.212867
0.21253
0.212867
0.213297
0.213047
0.212618
0.212285
0.212618
0.213046
0.212691
0.212264
0.211935
0.212264
0.212691
0.212258
0.211831
0.211506
0.211831
0.212257
0.211767
0.211341
0.211018
0.211341
0.211767
0.21124
0.210812
0.210493
0.210812
0.211239
0.210691
0.21026
0.209944
0.21026
0.21069
0.210132
0.209698
0.209384
0.209698
0.210132
0.209573
0.209133
0.20882
0.209132
0.209572
0.209015
0.208567
0.208255
0.208566
0.209014
0.208456
0.207997
0.207686
0.207996
0.208454
0.207885
0.207413
0.207102
0.207412
0.207884
0.207283
0.206794
0.206483
0.206794
0.207282
0.206618
0.206111
0.205799
0.206111
0.206617
0.205871
0.20533
0.205013
0.205329
0.20587
0.204953
0.204396
0.204078
0.204396
0.204953
0.20379
0.203197
0.202877
0.203197
0.20379
0.202319
0.201688
0.201363
0.201688
0.202319
0.200426
0.199759
0.199432
0.199759
0.200426
0.197992
0.19729
0.196965
0.19729
0.197993
0.194888
0.194151
0.19383
0.194151
0.194888
0.191021
0.190232
0.189916
0.190232
0.191021
0.186275
0.185473
0.185165
0.185473
0.186275
0.180487
0.179651
0.179353
0.179651
0.180487
0.138632
0.139403
0.138943
0.139403
0.138633
0.152234
0.152018
0.151608
0.152018
0.152235
0.161838
0.161508
0.161096
0.161508
0.161839
0.168987
0.168652
0.168261
0.168652
0.168988
0.174428
0.174106
0.173736
0.174106
0.174429
0.178612
0.178302
0.17795
0.178303
0.178613
0.181833
0.181533
0.181194
0.181533
0.181833
0.184297
0.184005
0.183676
0.184005
0.184297
0.186114
0.185837
0.185525
0.185837
0.186114
0.187466
0.187189
0.186879
0.187189
0.187466
0.188445
0.188171
0.187867
0.188171
0.188445
0.189086
0.188822
0.188528
0.188822
0.189086
0.189448
0.189188
0.1889
0.189188
0.189447
0.18959
0.189335
0.189052
0.189334
0.189589
0.189555
0.189304
0.189026
0.189303
0.189554
0.18938
0.189132
0.188859
0.189131
0.189379
0.189095
0.188851
0.188582
0.18885
0.189094
0.188729
0.188487
0.188222
0.188486
0.188727
0.188305
0.188065
0.187804
0.188064
0.188304
0.187846
0.187607
0.18735
0.187606
0.187846
0.187373
0.187133
0.186879
0.187132
0.187372
0.186902
0.18666
0.186409
0.186659
0.1869
0.186448
0.186203
0.185954
0.186201
0.186446
0.186025
0.185773
0.185526
0.185772
0.186022
0.18564
0.18538
0.185134
0.185379
0.185638
0.185299
0.185028
0.184782
0.185026
0.185297
0.185
0.184714
0.184468
0.184713
0.184998
0.184735
0.18443
0.184182
0.184429
0.184735
0.184486
0.184156
0.183905
0.184156
0.184486
0.184241
0.183879
0.183623
0.183879
0.184241
0.183919
0.183523
0.183261
0.183523
0.18392
0.183473
0.183033
0.182764
0.183033
0.183473
0.182816
0.182328
0.182053
0.182329
0.182816
0.181844
0.181306
0.181025
0.181306
0.181845
0.180439
0.17985
0.179567
0.17985
0.18044
0.178463
0.177833
0.177557
0.177833
0.178463
0.175771
0.175108
0.174846
0.175108
0.175771
0.172286
0.171555
0.171307
0.171555
0.172286
0.167838
0.167066
0.166841
0.167066
0.167838
0.116694
0.117724
0.117285
0.117724
0.116695
0.129045
0.129118
0.128779
0.129118
0.129046
0.137207
0.137203
0.136887
0.137204
0.137207
0.143067
0.143083
0.142802
0.143083
0.143067
0.147437
0.147479
0.147226
0.147479
0.147437
0.150747
0.150808
0.150577
0.150808
0.150747
0.153259
0.153335
0.153119
0.153335
0.153259
0.155151
0.155238
0.155034
0.155238
0.155151
0.156516
0.156621
0.156435
0.15662
0.156516
0.157498
0.157604
0.157422
0.157604
0.157497
0.158194
0.158305
0.158128
0.158305
0.158192
0.158606
0.158729
0.158564
0.158728
0.158605
0.158796
0.158925
0.158767
0.158925
0.158795
0.158812
0.158947
0.158795
0.158946
0.15881
0.158688
0.158829
0.158684
0.158828
0.158686
0.158456
0.158602
0.158462
0.158601
0.158453
0.15814
0.158291
0.158156
0.15829
0.158137
0.157765
0.157921
0.157791
0.157919
0.157762
0.157351
0.157511
0.157386
0.15751
0.15735
0.15692
0.157083
0.156963
0.157083
0.156921
0.156493
0.156656
0.156539
0.156655
0.156492
0.156084
0.156247
0.156133
0.156245
0.156083
0.155712
0.155871
0.15576
0.155869
0.155711
0.15539
0.155545
0.155436
0.155543
0.155389
0.155135
0.155282
0.155174
0.15528
0.155133
0.154958
0.155093
0.154986
0.155092
0.154957
0.154871
0.154989
0.154881
0.154989
0.154871
0.154879
0.154975
0.154864
0.154975
0.154881
0.154983
0.155048
0.154931
0.155049
0.154986
0.155175
0.155198
0.155073
0.155199
0.155178
0.155441
0.155413
0.155275
0.155415
0.155445
0.155719
0.155629
0.155475
0.155631
0.155722
0.155948
0.155785
0.155612
0.155786
0.155951
0.156029
0.155786
0.155597
0.155787
0.15603
0.155831
0.155512
0.155315
0.155513
0.155831
0.15521
0.154828
0.154638
0.154829
0.15521
0.15401
0.153597
0.153438
0.153597
0.15401
0.152137
0.15171
0.151606
0.15171
0.152137
0.149571
0.149102
0.149051
0.149102
0.149571
0.0890115
0.0905553
0.0901375
0.0905555
0.0890119
0.0991167
0.0997922
0.0995409
0.0997924
0.0991171
0.1051
0.105799
0.105614
0.105799
0.1051
0.109222
0.10999
0.109864
0.109991
0.109222
0.112238
0.113052
0.112963
0.113052
0.112238
0.114484
0.115326
0.115262
0.115326
0.114484
0.116154
0.117016
0.11697
0.117015
0.116154
0.11738
0.118257
0.118225
0.118256
0.117383
0.118238
0.119134
0.119118
0.119133
0.118241
0.118811
0.119711
0.119705
0.119709
0.118809
0.119206
0.120109
0.120106
0.120106
0.119197
0.119386
0.120303
0.120314
0.120302
0.119379
0.119411
0.120337
0.120356
0.120336
0.119404
0.119316
0.120251
0.120277
0.120249
0.11931
0.119125
0.120068
0.120101
0.120066
0.119121
0.11886
0.11981
0.119851
0.119808
0.118853
0.118538
0.119498
0.119546
0.119495
0.118528
0.118179
0.119147
0.119201
0.119143
0.118169
0.117794
0.118771
0.118832
0.118771
0.117791
0.117404
0.118388
0.118455
0.11839
0.117408
0.11703
0.118016
0.118087
0.118016
0.117032
0.11668
0.117667
0.117742
0.117666
0.116682
0.116367
0.117356
0.117434
0.117356
0.116376
0.116109
0.117098
0.11718
0.117098
0.116117
0.115926
0.116909
0.116995
0.116908
0.115929
0.115835
0.116806
0.116894
0.116806
0.115836
0.115854
0.116806
0.116896
0.116807
0.115857
0.116001
0.116927
0.117016
0.11693
0.116009
0.116295
0.117186
0.117266
0.11719
0.116305
0.116753
0.117583
0.117654
0.117588
0.116764
0.117428
0.118174
0.118221
0.118179
0.117438
0.118276
0.118911
0.118925
0.118916
0.118284
0.11929
0.119785
0.119759
0.119789
0.119296
0.120406
0.120744
0.120674
0.120746
0.12041
0.121492
0.121691
0.121589
0.121692
0.121494
0.122406
0.122502
0.122393
0.122503
0.122406
0.122988
0.123025
0.122956
0.123025
0.122988
0.123172
0.123243
0.123277
0.123243
0.123172
0.12309
0.123224
0.123392
0.123224
0.12309
0.0529317
0.0554657
0.0547282
0.0554658
0.0529318
0.0590211
0.0607849
0.0602393
0.060785
0.0590213
0.062027
0.0639416
0.0634951
0.0639417
0.0620271
0.0640202
0.0660388
0.0656637
0.0660389
0.0640203
0.0654726
0.0675217
0.0671817
0.0675217
0.0654726
0.0665285
0.0685856
0.0682643
0.0685851
0.066528
0.0672818
0.0693434
0.069034
0.0693422
0.0672827
0.0677982
0.0698688
0.0695699
0.0698686
0.0678011
0.068141
0.0702152
0.0699246
0.0702125
0.0681436
0.0683286
0.0704073
0.0701305
0.0704014
0.0683246
0.0684342
0.070516
0.0702368
0.0705108
0.0684297
0.068439
0.070524
0.0702579
0.0705248
0.0684328
0.0683692
0.0704539
0.0701939
0.0704522
0.0683529
0.0682351
0.0703247
0.0700714
0.0703217
0.0682259
0.0680529
0.0701491
0.0699028
0.0701458
0.0680463
0.0678356
0.0699385
0.0696992
0.0699354
0.0678263
0.0675902
0.0697025
0.0694702
0.0696988
0.0675776
0.0673282
0.0694486
0.069222
0.0694438
0.0673082
0.0670512
0.0691808
0.068959
0.0691829
0.0670321
0.0667747
0.0689103
0.0686885
0.0689139
0.0667719
0.0665167
0.06865
0.0684247
0.0686502
0.0665116
0.0662638
0.0684036
0.0681773
0.0684049
0.0662676
0.0660399
0.068181
0.0679546
0.0681852
0.0660558
0.0658567
0.0679939
0.067769
0.0679951
0.0658688
0.0657258
0.0678532
0.0676326
0.0678521
0.0657348
0.0656659
0.0677717
0.0675579
0.0677703
0.0656686
0.065677
0.0677614
0.0675607
0.067762
0.065688
0.0657944
0.0678417
0.0676575
0.0678446
0.0658079
0.0660477
0.0680348
0.0678515
0.0680366
0.0660562
0.0664697
0.068357
0.0681703
0.0683615
0.0664741
0.0671511
0.0688752
0.0686622
0.0688793
0.0671497
0.068105
0.0695913
0.0693364
0.0695944
0.0681054
0.0694222
0.0705492
0.0702362
0.0705523
0.0694212
0.0710843
0.0717608
0.0713815
0.071763
0.071087
0.0727789
0.073193
0.0727854
0.0731939
0.0727804
0.0746976
0.0749061
0.0745056
0.0749064
0.0746981
0.0769579
0.0770059
0.0766585
0.0770059
0.0769579
0.0794433
0.0794914
0.0793047
0.0794914
0.0794433
0.0829323
0.0831377
0.0832805
0.0831376
0.0829322
0.00580414
0.00648573
0.00619989
0.00648573
0.00580415
0.00731433
0.00734014
0.00708097
0.00734015
0.00731434
0.00783263
0.00774357
0.00748436
0.00774358
0.00783265
0.00808265
0.00797273
0.00772126
0.00797273
0.00808267
0.00823007
0.00811594
0.00787133
0.00811594
0.00823009
0.0083245
0.00820915
0.00796968
0.00820911
0.00832448
0.00838553
0.00826958
0.00803408
0.00826936
0.00838533
0.0084211
0.00830679
0.00807461
0.00830644
0.00842028
0.00844126
0.00832669
0.00809752
0.00832598
0.00843995
0.00844691
0.00833299
0.0081067
0.00833221
0.00844576
0.00844234
0.0083308
0.00810605
0.00833034
0.00844449
0.00843646
0.00832094
0.00809835
0.0083211
0.00843661
0.00842337
0.00830344
0.00808249
0.00830332
0.00841972
0.00840199
0.00828084
0.00806151
0.0082806
0.00840132
0.00837651
0.00825416
0.00803626
0.00825372
0.00837569
0.00834796
0.00822427
0.00800763
0.00822405
0.00834755
0.0083172
0.00819209
0.00797656
0.00819202
0.008317
0.00828482
0.00815815
0.00794358
0.00815794
0.00828115
0.00825124
0.00812299
0.0079097
0.00812308
0.00824441
0.00821719
0.00808732
0.00787571
0.00808688
0.00821286
0.00818327
0.00805175
0.00784196
0.00805111
0.00817908
0.00814755
0.00801711
0.0078092
0.00801679
0.00814643
0.00811592
0.0079842
0.00777816
0.00798393
0.00811575
0.00808709
0.00795431
0.00774997
0.00795384
0.00808699
0.00806328
0.00792878
0.00772567
0.00792825
0.00806527
0.00804718
0.0079085
0.00770638
0.00790772
0.00804658
0.00803215
0.00789441
0.00769356
0.00789372
0.00803391
0.00802838
0.00788953
0.00768961
0.00788893
0.0080282
0.00803426
0.00789586
0.007697
0.00789523
0.00803193
0.00805457
0.00791766
0.00771989
0.00791726
0.00805102
0.00809741
0.00796155
0.00776503
0.00796112
0.00809296
0.00816064
0.00803306
0.00783805
0.00803267
0.00815697
0.00825633
0.0081427
0.007949
0.00814252
0.00825356
0.00839171
0.00830314
0.00811082
0.00830314
0.00839148
0.00863352
0.00853547
0.00834265
0.00853544
0.00863349
0.00898515
0.00887135
0.00867565
0.00887132
0.00898509
0.00950279
0.00936098
0.00915792
0.00936096
0.00950275
0.0104426
0.0101356
0.00989183
0.0101356
0.0104426
0.013204
0.0121217
0.011739
0.0121217
0.0132039
0.00622702
0.00597266
0.00580532
0.00597267
0.00622702
0.0441212
0.0455303
0.0446422
0.0455305
0.0441209
0.073277
0.0739509
0.0738673
0.073951
0.0732765
0.0950742
0.0953336
0.095241
0.0953336
0.0950737
0.111936
0.111956
0.111831
0.111956
0.111935
0.125042
0.124991
0.124854
0.124991
0.125042
0.135266
0.135163
0.135027
0.135163
0.135266
0.143079
0.142925
0.142789
0.142925
0.143079
0.14877
0.148559
0.14842
0.148559
0.14877
0.152493
0.152217
0.152074
0.152217
0.152493
0.154299
0.153951
0.153799
0.153951
0.154299
0.154132
0.153705
0.153542
0.153705
0.154132
0.151842
0.151331
0.15116
0.151331
0.151841
0.14714
0.146551
0.146384
0.146551
0.14714
0.139586
0.138945
0.138816
0.138945
0.139586
0.128451
0.127876
0.127871
0.127877
0.128451
0.112221
0.112035
0.11231
0.112035
0.112221
0.0898499
0.0895438
0.0897616
0.0895438
0.0898499
0.0522102
0.0453841
0.0443773
0.0453841
0.0522102
0.00635989
0.00611128
0.00595499
0.0061113
0.00635989
0.0458877
0.0473858
0.0465526
0.0473861
0.0458873
0.0774191
0.078112
0.0780464
0.0781121
0.0774186
0.101364
0.101558
0.101456
0.101558
0.101364
0.120023
0.119929
0.119769
0.119929
0.120023
0.134568
0.134368
0.134191
0.134368
0.134567
0.145898
0.145628
0.145444
0.145628
0.145897
0.154513
0.154183
0.153995
0.154183
0.154513
0.160724
0.160335
0.160139
0.160335
0.160724
0.164707
0.164254
0.164046
0.164254
0.164707
0.166506
0.165985
0.165768
0.165985
0.166506
0.166056
0.165468
0.165245
0.165468
0.166056
0.163198
0.162541
0.162317
0.162541
0.163197
0.15763
0.156918
0.156709
0.156918
0.15763
0.148861
0.148151
0.148005
0.148151
0.148861
0.136063
0.135595
0.135638
0.135595
0.136063
0.118237
0.118234
0.11867
0.118234
0.118237
0.0976081
0.0974002
0.0979993
0.0974002
0.097608
0.0820876
0.0751328
0.0738784
0.0751328
0.0820876
0.00649902
0.00625574
0.00610508
0.00625576
0.00649901
0.0475121
0.0491232
0.0483339
0.0491234
0.0475117
0.0810748
0.0817939
0.0817423
0.081794
0.0810741
0.106878
0.107014
0.106913
0.107014
0.106877
0.127094
0.126925
0.126736
0.126925
0.127093
0.142919
0.14261
0.142392
0.14261
0.142918
0.155225
0.154835
0.154605
0.154835
0.155225
0.164545
0.16409
0.163852
0.16409
0.164545
0.171198
0.170682
0.170437
0.170682
0.171198
0.175362
0.174785
0.174533
0.174785
0.175361
0.177091
0.176453
0.176195
0.176453
0.177091
0.176339
0.175639
0.175373
0.175639
0.176339
0.172902
0.172146
0.171882
0.172146
0.172902
0.166453
0.165659
0.165417
0.165659
0.166452
0.156426
0.155676
0.155513
0.155676
0.156426
0.141821
0.141403
0.141458
0.141403
0.141821
0.121711
0.121847
0.122318
0.121847
0.121711
0.0988062
0.0987063
0.0993162
0.0987063
0.0988061
0.0829462
0.0758696
0.0744995
0.0758696
0.0829462
0.00664382
0.00640473
0.0062548
0.00640475
0.00664381
0.0490468
0.0507899
0.050024
0.0507902
0.0490462
0.0843584
0.0851
0.0850528
0.0851002
0.0843574
0.111758
0.111844
0.111746
0.111844
0.111757
0.133307
0.133082
0.132874
0.133082
0.133306
0.150259
0.149858
0.149609
0.149858
0.150258
0.16341
0.162924
0.162659
0.162924
0.163409
0.173334
0.172782
0.172506
0.172782
0.173333
0.180357
0.179745
0.179462
0.179745
0.180356
0.184659
0.183989
0.1837
0.18399
0.184658
0.186294
0.18557
0.185274
0.18557
0.186294
0.185205
0.184424
0.184124
0.184424
0.185204
0.181176
0.180351
0.180056
0.180351
0.181176
0.173844
0.172994
0.172724
0.172994
0.173844
0.162508
0.161759
0.161576
0.161759
0.162508
0.146131
0.145696
0.145711
0.145696
0.146131
0.122931
0.123206
0.123584
0.123206
0.122931
0.0931353
0.0935487
0.0938888
0.0935486
0.0931352
0.0541097
0.0467585
0.0454381
0.0467585
0.0541097
0.00817882
0.00712933
0.00681212
0.00712932
0.00817881
0.0415504
0.0378962
0.0372613
0.0378962
0.0415503
0.04031
0.0369942
0.0364179
0.0369942
0.04031
0.00818725
0.00702904
0.00670834
0.00702905
0.00818725
0.00715277
0.00622803
0.00596527
0.00622803
0.00715277
0.0365376
0.0306323
0.0295961
0.0306323
0.0365376
0.0355324
0.029741
0.0287744
0.029741
0.0355324
0.00712871
0.00616925
0.00590518
0.00616925
0.00712871
0.00657975
0.00570885
0.00547408
0.00570885
0.00657975
0.031882
0.0260693
0.025042
0.0260693
0.031882
0.0312935
0.0255969
0.0245884
0.0255969
0.0312935
0.0065108
0.00564162
0.00541048
0.00564162
0.0065108
0.00589195
0.00502883
0.00480664
0.00502883
0.00589195
0.0278442
0.0224382
0.0213497
0.0224382
0.0278442
0.0275964
0.0221887
0.0211046
0.0221887
0.0275964
0.00581095
0.00496011
0.00474304
0.00496011
0.00581095
0.00317441
0.00300588
0.00285795
0.00300589
0.0031744
0.00810348
0.00802977
0.00764317
0.0080298
0.00810346
0.0095221
0.00945882
0.00909795
0.00945882
0.00952208
0.0104157
0.0103372
0.0100042
0.0103372
0.0104157
0.0110174
0.0109438
0.0106362
0.0109438
0.0110173
0.0114738
0.0114035
0.0111145
0.0114035
0.0114738
0.0118462
0.0117743
0.0114979
0.0117744
0.0118462
0.0121628
0.0120853
0.0118167
0.0120853
0.0121628
0.0124375
0.0123506
0.0120863
0.0123507
0.0124375
0.0126754
0.0125756
0.0123127
0.0125756
0.0126754
0.0128748
0.0127593
0.0124953
0.0127593
0.0128747
0.0130259
0.0128936
0.0126268
0.0128936
0.0130259
0.0131135
0.0129548
0.0126826
0.0129548
0.0131135
0.0131419
0.0129181
0.0126403
0.0129181
0.0131419
0.0130798
0.012751
0.0124798
0.012751
0.0130798
0.0128634
0.0124391
0.0121793
0.0124391
0.0128634
0.012319
0.0118498
0.0115697
0.0118498
0.012319
0.0109576
0.0105153
0.0102104
0.0105153
0.0109576
0.00440938
0.00417015
0.00400612
0.00417016
0.00440938
0.00527777
0.00517271
0.00482763
0.00517274
0.00527774
0.0322287
0.0333344
0.0321416
0.0333349
0.032228
0.0475248
0.0479017
0.047044
0.0479025
0.0475239
0.0572978
0.0575268
0.0567968
0.0575276
0.0572968
0.0642437
0.0645288
0.0638622
0.0645296
0.0642427
0.0694924
0.0698425
0.0692055
0.0698433
0.0694915
0.0735811
0.0739608
0.0733375
0.0739615
0.0735802
0.0768007
0.0771706
0.0765495
0.0771713
0.0768
0.0793087
0.0796313
0.0790036
0.079632
0.079308
0.0811747
0.0814088
0.0807737
0.0814094
0.0811741
0.0824085
0.0825276
0.0818774
0.0825281
0.082408
0.0829424
0.0829339
0.0822626
0.0829344
0.0829419
0.0825391
0.0824683
0.0817868
0.0824688
0.0825386
0.0806642
0.0807789
0.0801113
0.0807793
0.0806639
0.0768773
0.0772528
0.0765077
0.0772532
0.076877
0.0706625
0.0710273
0.0700869
0.0710276
0.0706622
0.0614501
0.0615177
0.060499
0.0615179
0.0614499
0.04599
0.045929
0.0448262
0.0459292
0.0459899
0.00754188
0.00744565
0.00705083
0.00744566
0.00754187
0.00588896
0.00565063
0.00541038
0.00565071
0.00588894
0.0389747
0.0403057
0.0391487
0.0403063
0.0389742
0.0612423
0.061842
0.0614788
0.0618427
0.0612415
0.0769213
0.0772741
0.0770032
0.0772748
0.0769204
0.0886337
0.0889521
0.0887393
0.0889527
0.0886328
0.0976658
0.0979961
0.0978298
0.0979968
0.097665
0.104713
0.105047
0.104912
0.105047
0.104712
0.110174
0.11049
0.110373
0.110491
0.110173
0.114277
0.114551
0.114439
0.114552
0.114276
0.117135
0.117342
0.117226
0.117343
0.117135
0.118776
0.118894
0.118764
0.118894
0.118775
0.11914
0.11915
0.118999
0.119151
0.11914
0.118051
0.117951
0.117778
0.117951
0.118051
0.115181
0.114991
0.114803
0.114991
0.115181
0.110089
0.109801
0.10959
0.109802
0.110089
0.102123
0.101628
0.101384
0.101628
0.102122
0.0893265
0.0886317
0.0884612
0.0886319
0.0893263
0.0660659
0.0651955
0.0646315
0.0651957
0.0660658
0.00985716
0.00942542
0.00902079
0.00942543
0.00985715
0.0060931
0.00583492
0.00564545
0.00583494
0.00609309
0.0420678
0.0434199
0.0424415
0.0434204
0.0420673
0.0683942
0.0690453
0.0688867
0.0690458
0.0683935
0.0876672
0.0879806
0.0878445
0.087981
0.0876664
0.102386
0.102554
0.102431
0.102554
0.102385
0.113792
0.113926
0.113827
0.113926
0.113791
0.122693
0.122799
0.122715
0.122799
0.122693
0.129533
0.129599
0.129524
0.1296
0.129533
0.134576
0.134591
0.134515
0.134591
0.134575
0.13796
0.13791
0.137829
0.13791
0.137959
0.139728
0.1396
0.139507
0.1396
0.139728
0.139829
0.13961
0.139502
0.13961
0.139829
0.138106
0.137787
0.137662
0.137787
0.138106
0.13427
0.133849
0.133716
0.133849
0.13427
0.127899
0.127373
0.127247
0.127373
0.127899
0.118306
0.117681
0.117602
0.117681
0.118306
0.103622
0.103054
0.103097
0.103054
0.103622
0.0772874
0.0761545
0.0759042
0.0761545
0.0772873
0.0131456
0.011921
0.0114512
0.011921
0.0131456
)
;

boundaryField
{
    empty
    {
        type            empty;
    }
    top
    {
        type            fixedValue;
        value           uniform 0;
    }
    fixedwall
    {
        type            nutkWallFunction;
        Cmu             0.09;
        kappa           0.41;
        E               9.8;
        value           nonuniform List<scalar> 
585
(
0.000603109
0.000666442
0.000640081
0.000666443
0.000603109
0.000740702
0.00074294
0.000719219
0.000742941
0.000740703
0.000787282
0.00077927
0.000755631
0.00077927
0.000787283
0.000809915
0.000800117
0.00077724
0.000800118
0.000809916
0.000823514
0.000813378
0.000791153
0.000813379
0.000823514
0.000832474
0.000822263
0.000800524
0.000822261
0.000832455
0.000838502
0.000828307
0.000806952
0.000828298
0.000838452
0.00084252
0.000832384
0.000811347
0.000832373
0.000842424
0.000845087
0.000835041
0.000814275
0.00083503
0.000844977
0.000846601
0.000836639
0.000816113
0.000836647
0.000846572
0.000847392
0.000837453
0.000817119
0.000837478
0.000847493
0.000847662
0.00083768
0.000817471
0.000837654
0.00084771
0.000847589
0.000837434
0.000817332
0.000837357
0.000847441
0.000846981
0.000836698
0.000816732
0.0008366
0.000846645
0.00084575
0.000835489
0.000815658
0.000835426
0.00084551
0.000844259
0.000833941
0.000814247
0.000833932
0.000844169
0.00084259
0.000832096
0.000812498
0.000832075
0.000842377
0.000840589
0.000829949
0.000810416
0.000829887
0.000840317
0.000838164
0.000827464
0.000808
0.000827375
0.000838002
0.000835625
0.000824635
0.000805228
0.000824496
0.000835298
0.000832691
0.000821433
0.000802086
0.00082126
0.000832174
0.000829213
0.000817811
0.000798545
0.000817645
0.000828742
0.00082535
0.000813745
0.000794589
0.000813654
0.000825175
0.000821161
0.00080925
0.000790195
0.000809237
0.000821117
0.000816572
0.000804313
0.000785328
0.000804296
0.000816398
0.000811385
0.000798869
0.000779964
0.000798841
0.000811256
0.000805704
0.00079288
0.00077407
0.000792877
0.000805565
0.000799565
0.000786324
0.000767682
0.000786398
0.000799676
0.000792851
0.000779202
0.000760867
0.00077932
0.00079321
0.000785757
0.000771517
0.000753481
0.000771569
0.000785838
0.000778056
0.000763189
0.000745495
0.000763206
0.000778042
0.000769535
0.000754165
0.000736881
0.000754191
0.000769676
0.000760528
0.00074448
0.000727615
0.000744484
0.00076063
0.000750911
0.000734103
0.000717671
0.000734102
0.000750939
0.000740564
0.000722994
0.000707004
0.000722994
0.000740564
0.000729436
0.000711114
0.000695554
0.000711115
0.000729436
0.000717546
0.000698412
0.000683235
0.000698413
0.000717546
0.000704889
0.000684744
0.0006699
0.000684745
0.000704887
0.000691216
0.000669657
0.000655336
0.000669658
0.000691215
0.000598538
0.000662176
0.000635567
0.000662177
0.00059854
0.000738724
0.000741096
0.00071725
0.000741097
0.000738725
0.000786201
0.000778064
0.000754332
0.000778064
0.000786202
0.000809
0.000798984
0.000776024
0.000798985
0.000809002
0.000822413
0.000812031
0.000789734
0.000812031
0.000822415
0.000830994
0.00082051
0.000798706
0.000820509
0.000830993
0.000836521
0.000826001
0.000804578
0.000825985
0.000836487
0.000839873
0.000829386
0.000808273
0.000829354
0.000839778
0.000841669
0.000831209
0.000810363
0.000831156
0.000841506
0.000842189
0.000831779
0.000811198
0.000831743
0.00084207
0.000841968
0.000831551
0.000811132
0.000831542
0.000841986
0.000841182
0.000830635
0.000810421
0.000830643
0.000841218
0.000839732
0.000829035
0.000808975
0.000829045
0.000839688
0.000837752
0.00082698
0.000807069
0.000826999
0.00083777
0.000835439
0.000824559
0.000804774
0.000824573
0.000835401
0.000832844
0.000821844
0.000802165
0.000821868
0.000832862
0.000830089
0.000818919
0.000799326
0.000818941
0.000830136
0.000827153
0.000815822
0.000796317
0.000815844
0.00082713
0.000824157
0.00081264
0.000793234
0.000812638
0.000824028
0.000821115
0.00080941
0.000790136
0.000809353
0.000820886
0.000817963
0.000806159
0.000787058
0.000806121
0.000817796
0.000814923
0.000803019
0.000784069
0.000802989
0.000814855
0.00081207
0.000800045
0.000781235
0.000799982
0.000811927
0.000809491
0.000797335
0.000778656
0.000797267
0.000809351
0.000807357
0.000794996
0.000776431
0.000794932
0.000807306
0.000805717
0.00079312
0.000774665
0.00079305
0.000805578
0.000804444
0.000791838
0.000773498
0.000791778
0.000804375
0.000804067
0.000791416
0.000773142
0.000791346
0.000803915
0.000804616
0.000792002
0.000773817
0.000791944
0.00080445
0.000806471
0.000793962
0.000775903
0.000793926
0.000806326
0.000810193
0.000797945
0.000780024
0.000797913
0.000810016
0.00081603
0.000804475
0.000786698
0.000804447
0.000815888
0.000824793
0.000814469
0.000796823
0.000814445
0.000824683
0.000837074
0.000829059
0.000811567
0.00082905
0.000837069
0.000859016
0.000850136
0.000832645
0.00085013
0.000859005
0.00089079
0.00088052
0.00086283
0.000880516
0.000890784
0.000937366
0.00092463
0.000906362
0.000924628
0.000937363
0.00102136
0.000993999
0.000972222
0.000993997
0.00102136
0.00126456
0.00116982
0.00113615
0.00116982
0.00126456
0.000638111
0.000614337
0.000598654
0.000614339
0.000638111
0.000650489
0.0006273
0.000612684
0.000627301
0.000650489
0.000663423
0.000640779
0.000626721
0.00064078
0.000663423
0.00067686
0.00065465
0.000640691
0.000654651
0.00067686
0.000817754
0.000721708
0.000692434
0.000721708
0.000817754
0.000818529
0.000712471
0.000682833
0.000712471
0.000818529
0.000723868
0.000638198
0.000613648
0.000638198
0.000723868
0.000721656
0.000632717
0.000608023
0.000632717
0.000721656
0.000670911
0.000589595
0.000567484
0.000589595
0.000670911
0.000664512
0.000583274
0.000561481
0.000583273
0.000664511
0.00060678
0.000525303
0.000504125
0.000525303
0.00060678
0.000599185
0.000518765
0.000498048
0.000518764
0.000599185
0.000345311
0.000345311
0.000328509
0.000328509
0.000313689
0.000313689
0.00032851
0.00032851
0.000345311
0.000345311
0.000810907
0.000804183
0.000768882
0.000804186
0.000810905
0.000939105
0.000933412
0.000900957
0.000933414
0.000939103
0.00101898
0.00101197
0.000982264
0.00101197
0.00101898
0.00107241
0.00106588
0.00103858
0.00106588
0.00107241
0.00111278
0.00110655
0.001081
0.00110655
0.00111278
0.0011456
0.00113926
0.00111489
0.00113926
0.0011456
0.00117344
0.00116662
0.001143
0.00116662
0.00117344
0.00119754
0.00118992
0.00116671
0.00118992
0.00119754
0.00121838
0.00120964
0.00118659
0.00120964
0.00121838
0.00123581
0.00122571
0.0012026
0.00122571
0.00123582
0.00124902
0.00123745
0.00121412
0.00123745
0.00124902
0.00125666
0.0012428
0.00121901
0.00124281
0.00125667
0.00125914
0.0012396
0.0012153
0.0012396
0.00125914
0.00125372
0.00122499
0.00120125
0.00122499
0.00125372
0.00123482
0.00119768
0.00117488
0.00119768
0.00123482
0.00118715
0.00114591
0.00112123
0.00114591
0.00118715
0.0010671
0.00102783
0.00100067
0.00102783
0.0010671
0.000466028
0.000466028
0.000442927
0.000442927
0.000427016
0.000427016
0.000442928
0.000442928
0.000466028
0.000466028
0.000548936
0.000538969
0.000506129
0.000538972
0.000548933
0.000759612
0.000750787
0.000714477
0.000750787
0.000759611
0.000606508
0.000584109
0.000561469
0.000584112
0.000606506
0.000969124
0.00093042
0.000894005
0.00093042
0.000969123
0.000625612
0.000601431
0.000583631
0.000601433
0.000625611
0.00125946
0.00115218
0.00111076
0.00115218
0.00125946
)
;
    }
    outlet
    {
        type            zeroGradient;
    }
}


// ************************************************************************* //
