/*--------------------------------*- C++ -*----------------------------------*\
  =========                 |
  \\      /  F ield         | OpenFOAM: The Open Source CFD Toolbox
   \\    /   O peration     | Website:  https://openfoam.org
    \\  /    A nd           | Version:  9
     \\/     M anipulation  |
\*---------------------------------------------------------------------------*/
FoamFile
{
    format      ascii;
    class       volScalarField;
    location    "4.5";
    object      p;
}
// * * * * * * * * * * * * * * * * * * * * * * * * * * * * * * * * * * * * * //

dimensions      [0 2 -2 0 0 0 0];

internalField   nonuniform List<scalar> 
4545
(
19.9288
20.1745
20.1295
20.1745
19.9288
19.9098
20.2164
20.1705
20.2164
19.9098
19.8634
20.2803
20.235
20.2802
19.8633
19.8006
20.3183
20.2886
20.3183
19.8005
19.7585
20.3393
20.3277
20.3392
19.7583
19.733
20.3513
20.3545
20.3513
19.7321
19.7168
20.3579
20.3714
20.3576
19.7166
19.7069
20.3611
20.382
20.3613
19.7042
19.6991
20.363
20.3885
20.3636
19.6939
19.6952
20.3621
20.3909
20.363
19.6887
19.6921
20.3602
20.3909
20.3615
19.6852
19.6869
20.3581
20.3888
20.3575
19.6867
19.6838
20.3535
20.385
20.3521
19.6889
19.6791
20.3496
20.3812
20.3488
19.6846
19.675
20.345
20.3764
20.3451
19.6773
19.6758
20.3361
20.3685
20.3376
19.6737
19.6732
20.3275
20.3601
20.3293
19.6702
19.6662
20.3204
20.3516
20.3218
19.6641
19.6598
20.3112
20.341
20.3107
19.6625
19.6532
20.3003
20.3296
20.2987
19.6608
19.6453
20.2901
20.3187
20.2894
19.6529
19.638
20.2796
20.3069
20.2788
19.6442
19.6363
20.2655
20.2935
20.2662
19.637
19.6325
20.2523
20.2802
20.2547
19.6288
19.6259
20.2405
20.2666
20.2414
19.6255
19.6175
20.23
20.2535
20.2275
19.6244
19.6122
20.2197
20.2415
20.2175
19.6175
19.6134
20.2084
20.2297
20.209
19.6116
19.6155
20.1989
20.2186
20.2014
19.6075
19.6174
20.192
20.2083
20.1933
19.6099
19.6209
20.1874
20.2001
20.1877
19.6139
19.6257
20.1849
20.1944
20.1856
19.6199
19.6347
20.1847
20.1904
20.1844
19.633
19.6492
20.1862
20.1883
20.1858
19.6472
19.6656
20.1904
20.1885
20.1898
19.6648
19.6858
20.1965
20.1907
20.1961
19.6855
19.7096
20.2044
20.1952
20.2042
19.7094
19.7363
20.214
20.2021
20.2139
19.7362
19.7655
20.2243
20.2114
20.2243
19.7655
20.3315
19.9322
20.0015
19.9322
20.3315
20.3915
19.8947
19.9577
19.8947
20.3915
20.2645
19.9783
20.0303
19.9783
20.2644
20.1872
20.0081
20.0774
20.0081
20.1871
20.1474
20.0213
20.1101
20.0212
20.1473
20.1229
20.0282
20.1315
20.0282
20.1227
20.1067
20.0317
20.1441
20.0316
20.1065
20.0958
20.0328
20.1515
20.0328
20.0957
20.0882
20.0326
20.1554
20.0326
20.088
20.082
20.031
20.1567
20.0311
20.0818
20.0768
20.0287
20.1561
20.0288
20.0764
20.0721
20.0258
20.154
20.0254
20.0713
20.0663
20.0217
20.1507
20.0213
20.0662
20.061
20.0174
20.1469
20.0173
20.0616
20.0559
20.0125
20.1422
20.0127
20.0563
20.0495
20.0062
20.1362
20.0068
20.0499
20.0422
19.9996
20.1295
20.0004
20.0432
20.0353
19.9932
20.1226
19.9938
20.0363
20.0285
19.9862
20.1149
19.9863
20.0286
20.0204
19.9787
20.1069
19.9786
20.0207
20.0126
19.9716
20.0991
19.9717
20.0137
20.0057
19.9646
20.0914
19.9647
20.0064
19.9983
19.9574
20.0836
19.9577
19.9984
19.9912
19.951
20.0763
19.9517
19.9919
19.9854
19.9459
20.0698
19.9463
19.9864
19.9816
19.9423
20.0644
19.9419
19.9817
19.9792
19.9402
20.0608
19.9398
19.9793
19.9779
19.9393
20.0602
19.9396
19.978
19.979
19.9406
20.0628
19.9412
19.9788
19.9827
19.9442
20.0646
19.9444
19.9823
19.9892
19.9503
20.0685
19.9501
19.9885
19.9985
19.9586
20.0745
19.9585
19.9975
20.0105
19.9693
20.0825
19.9689
20.0095
20.0254
19.9821
20.0922
19.9817
20.0248
20.0432
19.9969
20.1036
19.9966
20.0428
20.0633
20.0132
20.1165
20.013
20.0631
20.085
20.0309
20.1306
20.0308
20.0849
20.1077
20.0494
20.1458
20.0493
20.1076
20.1326
20.067
20.1618
20.0669
20.1326
20.4602
19.8715
19.8694
19.8715
20.4602
20.6294
19.7832
19.7373
19.7832
20.6294
20.5069
19.872
19.8081
19.872
20.5069
20.4368
19.8975
19.849
19.8974
20.4368
20.4056
19.905
19.8737
19.905
20.4055
20.3872
19.9068
19.8884
19.9068
20.3869
20.375
19.906
19.8963
19.9063
20.3739
20.3662
19.9038
19.8998
19.9041
20.3654
20.3598
19.9006
19.9002
19.9005
20.3597
20.3536
19.8972
19.8989
19.8965
20.3548
20.348
19.8933
19.8961
19.8917
20.3507
20.3443
19.888
19.8923
19.8871
20.3452
20.3412
19.8815
19.8876
19.8825
20.3387
20.3376
19.8747
19.8822
19.8769
20.3332
20.3321
19.8685
19.8764
19.8699
20.3288
20.3246
19.8628
19.8706
19.8633
20.323
20.3183
19.8557
19.8642
19.8569
20.3162
20.3123
19.8483
19.8574
19.8492
20.3107
20.3052
19.842
19.8512
19.8426
20.3034
20.2999
19.8345
19.8449
19.8365
20.2958
20.2951
19.8275
19.8388
19.8301
20.2899
20.2894
19.822
19.8336
19.824
20.2852
20.2828
19.8184
19.8293
19.8183
20.282
20.2788
19.8147
19.8261
19.8144
20.279
20.2766
19.8123
19.8246
19.8137
20.2747
20.2759
19.812
19.8248
19.8146
20.2719
20.2766
19.8135
19.8259
19.816
20.2729
20.2786
19.8172
19.8276
19.8175
20.278
20.2828
19.8228
19.8326
19.8209
20.2851
20.2904
19.8318
19.8432
19.8304
20.292
20.3006
19.8422
19.8546
19.8409
20.3019
20.3128
19.8546
19.8671
19.8526
20.3152
20.3278
19.8685
19.8811
19.867
20.3295
20.3445
19.8844
19.8965
19.8835
20.3456
20.3628
19.9015
19.9127
19.9012
20.3632
20.3813
19.9198
19.9295
19.9197
20.3814
20.3995
19.9391
19.9463
19.939
20.3996
20.4183
19.9573
19.9618
19.9573
20.4183
20.4442
19.9666
19.9732
19.9666
20.4442
20.4429
19.9053
19.8476
19.9053
20.4429
20.625
19.822
19.6957
19.822
20.625
20.4959
19.921
19.7762
19.921
20.4959
20.4258
19.9493
19.8225
19.9493
20.4258
20.3958
19.9574
19.8471
19.9573
20.3956
20.3783
19.9588
19.8601
19.9587
20.378
20.3667
19.9573
19.8661
19.9572
20.3663
20.3585
19.9543
19.8679
19.9543
20.3581
20.3521
19.9505
19.867
19.9504
20.3519
20.3463
19.9461
19.8646
19.946
20.3466
20.3411
19.9412
19.861
19.941
20.3417
20.3365
19.9358
19.8566
19.9356
20.3364
20.3318
19.93
19.8516
19.93
20.3307
20.3268
19.924
19.8462
19.9241
20.325
20.321
19.9178
19.8406
19.9178
20.3194
20.3146
19.9115
19.8349
19.9114
20.3134
20.3084
19.905
19.829
19.9051
20.3072
20.3023
19.8984
19.8232
19.8986
20.3011
20.2962
19.8923
19.8177
19.8924
20.2947
20.2906
19.8864
19.8125
19.8866
20.2887
20.2856
19.8812
19.808
19.8814
20.2834
20.281
19.8769
19.8043
19.877
20.2791
20.2771
19.8737
19.8018
19.8736
20.2761
20.2746
19.8716
19.8006
19.8717
20.274
20.2738
19.871
19.8009
19.8714
20.2727
20.2745
19.8722
19.803
19.8727
20.2731
20.2769
19.8753
19.807
19.8757
20.2757
20.2812
19.8807
19.8131
19.8807
20.2808
20.2876
19.8882
19.8187
19.8878
20.288
20.2962
19.8954
19.827
19.8949
20.2966
20.307
19.905
19.8371
19.9045
20.3074
20.3198
19.9165
19.8485
19.9159
20.3204
20.3344
19.9293
19.8609
19.9289
20.3349
20.3506
19.9431
19.8739
19.9429
20.351
20.3679
19.9575
19.8868
19.9574
20.3681
20.3857
19.972
19.8991
19.972
20.3858
20.4031
19.9867
19.9102
19.9867
20.4032
20.4216
19.9995
19.9189
19.9995
20.4217
20.4492
20.0008
19.9217
20.0009
20.4492
20.4134
19.9316
19.8544
19.9316
20.4134
20.5825
19.8562
19.7039
19.8562
20.5825
20.4393
19.9603
19.8045
19.9603
20.4393
20.3647
19.9914
19.8587
19.9913
20.3646
20.3333
20.0011
19.8852
20.001
20.3332
20.3155
20.0035
19.8981
20.0034
20.3153
20.3039
20.0027
19.9034
20.0026
20.3037
20.2958
20.0001
19.9044
20.0001
20.2956
20.2894
19.9966
19.903
19.9965
20.2893
20.2838
19.9925
19.9001
19.9924
20.2838
20.2788
19.9878
19.8961
19.9877
20.2787
20.2739
19.9827
19.8915
19.9826
20.2736
20.2691
19.9774
19.8864
19.9772
20.2684
20.264
19.9718
19.881
19.9715
20.2631
20.2586
19.9661
19.8755
19.9658
20.2577
20.2531
19.9602
19.8698
19.9599
20.2522
20.2476
19.9543
19.8641
19.954
20.2467
20.2422
19.9485
19.8585
19.9482
20.2413
20.2371
19.9429
19.8531
19.9427
20.2361
20.2324
19.9378
19.8482
19.9375
20.2312
20.2283
19.9332
19.8439
19.9329
20.2271
20.2249
19.9295
19.8403
19.9292
20.2238
20.2224
19.9267
19.8378
19.9265
20.2216
20.2212
19.925
19.8363
19.9248
20.2205
20.2213
19.9246
19.8361
19.9245
20.2207
20.223
19.9255
19.8372
19.9255
20.2224
20.2263
19.928
19.8398
19.9279
20.2258
20.2314
19.932
19.8437
19.9319
20.2312
20.2384
19.9376
19.8488
19.9374
20.2384
20.2474
19.9444
19.8552
19.9442
20.2475
20.2583
19.9526
19.8627
19.9524
20.2584
20.2709
19.9618
19.8709
19.9617
20.2711
20.2852
19.9718
19.8794
19.9717
20.2854
20.301
19.9821
19.8877
19.9821
20.3011
20.318
19.9923
19.8951
19.9923
20.3181
20.3358
20.0022
19.9012
20.0022
20.3359
20.354
20.0116
19.9053
20.0116
20.354
20.3745
20.0186
19.9055
20.0186
20.3746
20.4071
20.0135
19.897
20.0135
20.4071
20.3928
19.9473
19.8674
19.9473
20.3928
20.5499
19.876
19.724
19.8759
20.5499
20.3955
19.9844
19.8382
19.9844
20.3954
20.3165
20.018
19.898
20.018
20.3164
20.2836
20.029
19.9271
20.0289
20.2835
20.2653
20.0322
19.9412
20.0322
20.2652
20.2536
20.032
19.9471
20.0319
20.2535
20.2455
20.03
19.9485
20.0299
20.2454
20.2392
20.0269
19.9474
20.0269
20.2391
20.2338
20.0232
19.9447
20.0232
20.2337
20.2289
20.019
19.9411
20.0189
20.2287
20.2242
20.0145
19.9368
20.0143
20.2239
20.2196
20.0097
19.9321
20.0095
20.2191
20.2148
20.0047
19.9271
20.0044
20.2142
20.21
19.9996
19.922
19.9993
20.2094
20.2052
19.9944
19.9168
19.9941
20.2045
20.2004
19.9892
19.9115
19.9888
20.1997
20.1957
19.984
19.9064
19.9837
20.195
20.1914
19.9792
19.9014
19.9788
20.1906
20.1874
19.9746
19.8968
19.9743
20.1866
20.184
19.9706
19.8927
19.9702
20.1832
20.1813
19.9672
19.8892
19.9668
20.1805
20.1794
19.9645
19.8864
19.9642
20.1787
20.1785
19.9628
19.8845
19.9625
20.1779
20.1788
19.962
19.8836
19.9618
20.1783
20.1804
19.9623
19.8835
19.9621
20.18
20.1834
19.9637
19.8845
19.9636
20.1831
20.1879
19.9662
19.8864
19.9661
20.1877
20.194
19.9698
19.8892
19.9697
20.1939
20.2017
19.9745
19.8928
19.9744
20.2017
20.211
19.9799
19.8968
19.9798
20.211
20.2219
19.9859
19.9009
19.9859
20.222
20.2344
19.9922
19.9048
19.9922
20.2345
20.2484
19.9985
19.908
19.9985
20.2485
20.264
20.0044
19.9097
20.0045
20.2641
20.281
20.0097
19.9094
20.0097
20.2811
20.299
20.0144
19.9067
20.0145
20.2991
20.3208
20.0168
19.8995
20.0168
20.3208
20.3567
20.0068
19.8827
20.0068
20.3567
20.3789
19.9563
19.8795
19.9563
20.3789
20.5279
19.8874
19.7419
19.8874
20.5279
20.366
19.9993
19.8643
19.9993
20.366
20.2839
20.0346
19.9284
20.0346
20.2839
20.2499
20.0466
19.9596
20.0466
20.2498
20.2312
20.0506
19.9749
20.0505
20.2312
20.2195
20.0509
19.9817
20.0509
20.2194
20.2115
20.0494
19.9837
20.0494
20.2114
20.2054
20.0469
19.9831
20.0469
20.2052
20.2002
20.0438
19.9811
20.0437
20.2001
20.1956
20.0402
19.978
20.0401
20.1954
20.1912
20.0363
19.9744
20.0361
20.191
20.187
20.0322
19.9703
20.032
20.1866
20.1827
20.0279
19.9661
20.0277
20.1823
20.1785
20.0235
19.9617
20.0232
20.178
20.1743
20.019
19.9571
20.0187
20.1738
20.1701
20.0146
19.9525
20.0143
20.1696
20.1661
20.0101
19.948
20.0098
20.1656
20.1623
20.0059
19.9436
20.0056
20.1617
20.1588
20.0018
19.9394
20.0015
20.1582
20.1558
19.9981
19.9355
19.9978
20.1552
20.1532
19.9949
19.932
19.9946
20.1526
20.1513
19.9921
19.9289
19.9918
20.1508
20.1501
19.9899
19.9264
19.9896
20.1497
20.1498
19.9883
19.9244
19.9881
20.1494
20.1504
19.9874
19.9229
19.9872
20.1501
20.1521
19.9872
19.922
19.987
20.1518
20.1548
19.9876
19.9216
19.9875
20.1546
20.1588
19.9887
19.9215
19.9886
20.1587
20.1641
19.9903
19.9217
19.9903
20.164
20.1707
19.9924
19.9218
19.9923
20.1707
20.1788
19.9946
19.9216
19.9946
20.1787
20.1883
19.9969
19.9207
19.9968
20.1883
20.1996
19.9988
19.9186
19.9988
20.1996
20.2127
20.0003
19.9148
20.0003
20.2127
20.2276
20.0011
19.9087
20.0011
20.2277
20.2445
20.0015
19.8999
20.0015
20.2446
20.2664
19.9999
19.8865
19.9999
20.2664
20.3041
19.986
19.8635
19.9859
20.3041
20.37
19.9613
19.888
19.9613
20.37
20.5139
19.8939
19.7543
19.8938
20.5139
20.3474
20.0082
19.8818
20.0081
20.3474
20.2634
20.0446
19.9487
20.0446
20.2633
20.2287
20.0573
19.9815
20.0572
20.2286
20.2099
20.0618
19.9978
20.0618
20.2098
20.1983
20.0627
20.0053
20.0627
20.1982
20.1905
20.0618
20.008
20.0617
20.1904
20.1846
20.0599
20.0081
20.0598
20.1845
20.1798
20.0574
20.0067
20.0573
20.1797
20.1757
20.0544
20.0044
20.0543
20.1755
20.1718
20.0512
20.0015
20.0511
20.1716
20.1682
20.0479
19.9983
20.0477
20.1679
20.1645
20.0444
19.9949
20.0442
20.1642
20.1609
20.0408
19.9913
20.0406
20.1606
20.1574
20.0372
19.9876
20.0369
20.157
20.1539
20.0335
19.9838
20.0333
20.1536
20.1506
20.0298
19.98
20.0296
20.1502
20.1473
20.0262
19.9762
20.0259
20.1469
20.1442
20.0226
19.9724
20.0223
20.1438
20.1413
20.0192
19.9687
20.0189
20.1409
20.1388
20.0159
19.9652
20.0156
20.1383
20.1365
20.0128
19.9618
20.0126
20.1361
20.1347
20.0099
19.9585
20.0097
20.1343
20.1333
20.0073
19.9553
20.0071
20.133
20.1324
20.0048
19.9523
20.0047
20.1321
20.1321
20.0026
19.9492
20.0025
20.1319
20.1325
20.0006
19.9462
20.0005
20.1323
20.1337
19.9987
19.943
19.9986
20.1335
20.1357
19.9969
19.9395
19.9968
20.1356
20.1388
19.995
19.9355
19.995
20.1387
20.1431
19.993
19.9307
19.993
20.143
20.1487
19.9908
19.9248
19.9907
20.1487
20.1562
19.988
19.9174
19.988
20.1562
20.1658
19.9848
19.9081
19.9847
20.1657
20.1778
19.981
19.8965
19.9809
20.1777
20.1925
19.9771
19.8821
19.977
20.1924
20.2132
19.9715
19.8634
19.9715
20.2131
20.2513
19.9542
19.8353
19.9542
20.2513
20.3648
19.9635
19.8925
19.9635
20.3648
20.5062
19.897
19.7612
19.897
20.5062
20.3373
20.0128
19.8916
20.0128
20.3373
20.2523
20.0499
19.9601
20.0499
20.2523
20.2174
20.0631
19.994
20.0631
20.2173
20.1986
20.0682
20.011
20.0681
20.1986
20.1872
20.0695
20.0191
20.0695
20.1872
20.1798
20.0691
20.0225
20.0691
20.1797
20.1743
20.0678
20.0232
20.0677
20.1743
20.1701
20.0659
20.0225
20.0658
20.17
20.1665
20.0637
20.0209
20.0636
20.1663
20.1633
20.0612
20.0188
20.0611
20.1631
20.1603
20.0587
20.0165
20.0586
20.1601
20.1574
20.0561
20.014
20.056
20.1572
20.1546
20.0534
20.0113
20.0533
20.1544
20.1519
20.0507
20.0085
20.0505
20.1516
20.1492
20.0478
20.0056
20.0477
20.1489
20.1465
20.0449
20.0026
20.0448
20.1462
20.1438
20.042
19.9995
20.0418
20.1435
20.1412
20.0389
19.9962
20.0387
20.1409
20.1385
20.0357
19.9928
20.0355
20.1382
20.1359
20.0325
19.9892
20.0323
20.1355
20.1332
20.029
19.9855
20.0289
20.1329
20.1306
20.0254
19.9814
20.0253
20.1303
20.128
20.0216
19.9771
20.0215
20.1277
20.1254
20.0176
19.9724
20.0174
20.1252
20.1229
20.0132
19.9671
20.013
20.1227
20.1206
20.0084
19.9613
20.0083
20.1204
20.1184
20.0033
19.9548
20.0032
20.1183
20.1167
19.9976
19.9474
19.9976
20.1166
20.1155
19.9915
19.939
19.9914
20.1154
20.1152
19.9848
19.9294
19.9847
20.1151
20.1161
19.9774
19.9182
19.9774
20.116
20.1187
19.9695
19.9053
19.9694
20.1186
20.1236
19.9609
19.8903
19.9609
20.1236
20.1314
19.952
19.873
19.952
20.1314
20.1426
19.9433
19.8532
19.9433
20.1426
20.1607
19.9336
19.8294
19.9335
20.1607
20.1975
19.9129
19.7968
19.9129
20.1975
20.3629
19.9638
19.8936
19.9638
20.3629
20.5035
19.8978
19.7632
19.8978
20.5035
20.3341
20.0143
19.8948
20.0142
20.3341
20.249
20.0518
19.964
20.0518
20.249
20.2142
20.0653
19.9983
20.0653
20.2141
20.1957
20.0707
20.0158
20.0707
20.1956
20.1846
20.0725
20.0244
20.0725
20.1845
20.1775
20.0726
20.0282
20.0725
20.1775
20.1726
20.0718
20.0295
20.0717
20.1725
20.1689
20.0705
20.0295
20.0705
20.1688
20.166
20.069
20.0287
20.069
20.1659
20.1636
20.0674
20.0274
20.0673
20.1634
20.1614
20.0657
20.0259
20.0656
20.1613
20.1594
20.064
20.0243
20.0639
20.1592
20.1575
20.0623
20.0226
20.0622
20.1573
20.1557
20.0605
20.0207
20.0603
20.1555
20.1539
20.0586
20.0187
20.0584
20.1537
20.1521
20.0565
20.0166
20.0564
20.1519
20.1501
20.0543
20.0142
20.0542
20.1499
20.148
20.0519
20.0116
20.0517
20.1478
20.1457
20.0491
20.0086
20.0489
20.1454
20.1431
20.0459
20.0052
20.0458
20.1428
20.1401
20.0423
20.0012
20.0421
20.1399
20.1368
20.0381
19.9966
20.0379
20.1366
20.1331
20.0332
19.9912
20.0331
20.1329
20.1288
20.0275
19.9849
20.0274
20.1286
20.1241
20.021
19.9775
20.0209
20.1239
20.1189
20.0134
19.9689
20.0133
20.1188
20.1133
20.0048
19.959
20.0048
20.1132
20.1073
19.9952
19.9477
19.9952
20.1072
20.1013
19.9845
19.9347
19.9844
20.1012
20.0956
19.9725
19.9198
19.9725
20.0955
20.0907
19.9595
19.9029
19.9595
20.0906
20.0873
19.9455
19.884
19.9455
20.0872
20.0862
19.9309
19.8628
19.9308
20.0861
20.0882
19.9159
19.8393
19.9159
20.0881
20.0941
19.9016
19.8135
19.9016
20.0941
20.1079
19.8868
19.7844
19.8868
20.1078
20.1415
19.8623
19.7473
19.8623
20.1415
20.3638
19.9625
19.8915
19.9624
20.3638
20.5056
19.8966
19.7607
19.8965
20.5056
20.3374
20.0129
19.8917
20.0128
20.3374
20.2529
20.0504
19.9606
20.0504
20.2528
20.2184
20.0641
19.995
20.0641
20.2184
20.2003
20.0698
20.0127
20.0698
20.2003
20.1896
20.0719
20.0215
20.0719
20.1896
20.183
20.0724
20.0257
20.0723
20.183
20.1786
20.0721
20.0275
20.072
20.1786
20.1756
20.0715
20.028
20.0714
20.1755
20.1734
20.0706
20.0279
20.0706
20.1733
20.1718
20.0698
20.0274
20.0697
20.1717
20.1706
20.069
20.0268
20.0689
20.1704
20.1695
20.0682
20.0261
20.0681
20.1694
20.1687
20.0674
20.0253
20.0673
20.1685
20.1679
20.0666
20.0244
20.0665
20.1677
20.1671
20.0657
20.0234
20.0656
20.167
20.1663
20.0646
20.0222
20.0645
20.1662
20.1653
20.0633
20.0207
20.0632
20.1651
20.1639
20.0616
20.0189
20.0615
20.1637
20.1621
20.0594
20.0165
20.0593
20.162
20.1599
20.0566
20.0135
20.0565
20.1597
20.157
20.0531
20.0096
20.053
20.1568
20.1533
20.0486
20.0047
20.0485
20.1531
20.1487
20.0429
19.9986
20.0428
20.1485
20.1431
20.036
19.991
20.0359
20.1429
20.1364
20.0275
19.9818
20.0274
20.1362
20.1284
20.0174
19.9707
20.0173
20.1283
20.1193
20.0055
19.9575
20.0054
20.1191
20.1089
19.9917
19.9421
19.9917
20.1088
20.0976
19.9761
19.9243
19.976
20.0975
20.0858
19.9585
19.9039
19.9584
20.0857
20.074
19.939
19.8808
19.939
20.0739
20.063
19.918
19.855
19.918
20.063
20.0541
19.896
19.8266
19.8959
20.054
20.0481
19.8736
19.7958
19.8735
20.0481
20.0465
19.852
19.763
19.852
20.0465
20.0535
19.831
19.7276
19.831
20.0535
20.0819
19.8015
19.6855
19.8015
20.0819
20.3679
19.9593
19.886
19.9593
20.3679
20.5128
19.893
19.7535
19.893
20.5128
20.3476
20.0083
19.8819
20.0083
20.3476
20.2644
20.0455
19.9496
20.0455
20.2644
20.2307
20.0592
19.9834
20.0592
20.2307
20.2131
20.0649
20.0009
20.0649
20.213
20.2028
20.0672
20.0098
20.0672
20.2028
20.1967
20.068
20.0142
20.0679
20.1966
20.1929
20.0681
20.0164
20.0681
20.1928
20.1905
20.068
20.0174
20.0679
20.1904
20.1891
20.0678
20.0178
20.0678
20.189
20.1884
20.0677
20.018
20.0676
20.1883
20.1881
20.0677
20.0182
20.0676
20.188
20.188
20.0679
20.0184
20.0678
20.1879
20.1883
20.0681
20.0186
20.068
20.1882
20.1887
20.0683
20.0188
20.0682
20.1885
20.1891
20.0685
20.0188
20.0684
20.1889
20.1895
20.0685
20.0186
20.0684
20.1893
20.1895
20.0682
20.0181
20.0681
20.1894
20.1892
20.0676
20.0174
20.0675
20.1891
20.1884
20.0663
20.0159
20.0662
20.1882
20.1868
20.0642
20.0136
20.0641
20.1867
20.1844
20.0611
20.0102
20.0611
20.1843
20.1809
20.0568
20.0056
20.0567
20.1808
20.1761
20.051
19.9993
20.0509
20.176
20.1697
20.0433
19.9911
20.0432
20.1695
20.1615
20.0336
19.9806
20.0335
20.1613
20.1513
20.0214
19.9675
20.0213
20.1511
20.1389
20.0066
19.9516
20.0065
20.1388
20.1243
19.9889
19.9324
19.9888
20.1242
20.1075
19.9682
19.9098
19.9681
20.1074
20.0889
19.9444
19.8835
19.9444
20.0888
20.0689
19.9177
19.8535
19.9177
20.0688
20.0486
19.8884
19.8197
19.8884
20.0485
20.0292
19.8572
19.7826
19.8572
20.0292
20.0123
19.8251
19.7426
19.8251
20.0123
19.9998
19.794
19.7009
19.794
19.9998
19.9965
19.7642
19.6573
19.7642
19.9965
20.0165
19.728
19.6087
19.728
20.0165
20.3761
19.9537
19.877
19.9537
20.3761
20.5265
19.8863
19.7409
19.8862
20.5264
20.3662
19.9995
19.8645
19.9995
20.3662
20.2853
20.0359
19.9297
20.0359
20.2853
20.2526
20.0492
19.9623
20.0492
20.2525
20.2355
20.0548
19.9792
20.0548
20.2355
20.2257
20.0571
19.9879
20.0571
20.2257
20.2201
20.058
19.9923
20.058
20.22
20.2168
20.0584
19.9947
20.0584
20.2167
20.2151
20.0587
19.9961
20.0587
20.215
20.2145
20.0591
19.997
20.059
20.2143
20.2146
20.0596
19.9978
20.0595
20.2144
20.2152
20.0604
19.9987
20.0603
20.2151
20.2163
20.0614
19.9998
20.0613
20.2161
20.2176
20.0626
20.0009
20.0625
20.2175
20.2192
20.0639
20.0022
20.0638
20.219
20.2209
20.0653
20.0034
20.0651
20.2207
20.2226
20.0665
20.0045
20.0664
20.2224
20.224
20.0674
20.0052
20.0673
20.2239
20.2251
20.068
20.0056
20.0679
20.225
20.2256
20.068
20.0055
20.0679
20.2255
20.2253
20.0671
20.0044
20.067
20.2252
20.224
20.0651
20.0021
20.065
20.2239
20.2214
20.0616
19.9983
20.0616
20.2213
20.2171
20.0564
19.9926
20.0563
20.217
20.2109
20.0489
19.9847
20.0489
20.2107
20.2022
20.0388
19.9739
20.0387
20.202
20.1906
20.0256
19.9599
20.0255
20.1904
20.1759
20.0087
19.942
20.0086
20.1757
20.1576
19.9877
19.9198
19.9876
20.1574
20.1356
19.9623
19.8927
19.9622
20.1354
20.1098
19.9322
19.8604
19.9321
20.1096
20.0805
19.8973
19.8227
19.8973
20.0804
20.0486
19.8581
19.7796
19.8581
20.0485
20.0155
19.8152
19.7316
19.8152
20.0154
19.9831
19.7701
19.6795
19.7701
19.983
19.9541
19.7253
19.6251
19.7253
19.954
19.9347
19.6823
19.5695
19.6823
19.9347
19.9407
19.6354
19.5113
19.6354
19.9407
20.3896
19.9444
19.8648
19.9444
20.3896
20.5482
19.8747
19.723
19.8747
20.5482
20.3957
19.9846
19.8384
19.9846
20.3957
20.3179
20.0194
19.8995
20.0194
20.3179
20.2865
20.032
19.9302
20.0319
20.2865
20.2701
20.0371
19.9462
20.0371
20.27
20.2607
20.0392
19.9544
20.0392
20.2606
20.2555
20.0401
19.9588
20.04
20.2553
20.2526
20.0407
19.9613
20.0406
20.2524
20.2515
20.0412
19.9629
20.0411
20.2513
20.2516
20.042
19.9642
20.0418
20.2513
20.2525
20.043
19.9656
20.0428
20.2522
20.254
20.0445
19.9673
20.0443
20.2537
20.256
20.0463
19.9691
20.0461
20.2557
20.2584
20.0484
19.9712
20.0482
20.2581
20.2612
20.0507
19.9735
20.0505
20.2609
20.2642
20.0532
19.9759
20.053
20.2639
20.2672
20.0557
19.9783
20.0555
20.267
20.2702
20.0581
19.9807
20.0579
20.27
20.2729
20.0601
19.9826
20.06
20.2727
20.2752
20.0617
19.9841
20.0616
20.275
20.2767
20.0625
19.9848
20.0625
20.2765
20.2772
20.0623
19.9843
20.0622
20.277
20.2763
20.0605
19.9823
20.0605
20.2762
20.2738
20.0569
19.9784
20.0568
20.2736
20.2689
20.0508
19.9719
20.0507
20.2687
20.2611
20.0417
19.9623
20.0416
20.2609
20.2498
20.0288
19.9487
20.0287
20.2496
20.2343
20.0114
19.9305
20.0113
20.2341
20.2139
19.9886
19.9066
19.9885
20.2137
20.1877
19.9596
19.8762
19.9595
20.1875
20.1551
19.9237
19.8386
19.9236
20.155
20.116
19.8804
19.7929
19.8803
20.1158
20.0704
19.8295
19.739
19.8295
20.0702
20.0193
19.7717
19.6769
19.7716
20.0193
19.9649
19.7085
19.6079
19.7085
19.9649
19.9106
19.6431
19.5344
19.6431
19.9106
19.8644
19.5788
19.459
19.5787
19.8644
19.8452
19.5127
19.3833
19.5127
19.8452
20.4101
19.9289
19.8521
19.9289
20.4101
20.5806
19.855
19.7031
19.855
20.5805
20.4394
19.9605
19.8048
19.9604
20.4394
20.3659
19.9928
19.8602
19.9928
20.3659
20.3359
20.004
19.8883
20.004
20.3358
20.3199
20.0084
19.9032
20.0084
20.3198
20.3108
20.0101
19.911
20.01
20.3106
20.3057
20.0107
19.9153
20.0107
20.3055
20.3031
20.0112
19.918
20.0111
20.3028
20.3023
20.0119
19.9199
20.0117
20.3019
20.3029
20.0128
19.9216
20.0126
20.3025
20.3044
20.0142
19.9235
20.014
20.304
20.3065
20.0161
19.9256
20.0159
20.3061
20.3092
20.0186
19.9285
20.0183
20.3088
20.3125
20.0215
19.9316
20.0212
20.312
20.3163
20.0247
19.9351
20.0244
20.3158
20.3204
20.0283
19.9389
20.028
20.32
20.3248
20.0321
19.943
20.0318
20.3244
20.3293
20.036
19.9472
20.0358
20.329
20.3338
20.0397
19.9511
20.0395
20.3334
20.3379
20.0432
19.9548
20.0431
20.3376
20.3416
20.0462
19.9576
20.0461
20.3414
20.3445
20.0482
19.9597
20.0482
20.3443
20.3463
20.0491
19.9605
20.0491
20.3462
20.3466
20.0482
19.9595
20.0482
20.3464
20.3447
20.0449
19.956
20.0449
20.3445
20.3398
20.0386
19.9494
20.0385
20.3395
20.3311
20.0282
19.9386
20.0281
20.3307
20.3173
20.0125
19.9223
20.0125
20.317
20.2975
19.9903
19.8992
19.9902
20.2972
20.2698
19.9601
19.8678
19.96
20.2696
20.2328
19.9202
19.8264
19.9201
20.2326
20.1846
19.8691
19.7733
19.869
20.1844
20.1241
19.8055
19.7072
19.8054
20.1239
20.0507
19.7288
19.6272
19.7287
20.0505
19.965
19.6396
19.5333
19.6396
19.9649
19.8703
19.5413
19.4281
19.5412
19.8703
19.7759
19.4383
19.3158
19.4383
19.7759
19.7051
19.3321
19.2017
19.3321
19.7051
20.4398
19.9035
19.8461
19.9035
20.4398
20.6229
19.8212
19.6952
19.8212
20.6229
20.4957
19.9211
19.7765
19.9211
20.4956
20.4264
19.9504
19.8237
19.9504
20.4264
20.3973
19.9598
19.8497
19.9598
20.3973
20.3814
19.963
19.8645
19.963
20.3813
20.3721
19.9638
19.873
19.9639
20.3718
20.3668
19.9641
19.878
19.9641
20.3664
20.3639
19.9644
19.8816
19.9644
20.3632
20.3631
19.965
19.8843
19.965
20.3622
20.364
19.9659
19.8865
19.9658
20.3632
20.3658
19.9675
19.889
19.9671
20.3653
20.3683
19.9697
19.8922
19.9694
20.3676
20.3715
19.9726
19.8958
19.9723
20.3706
20.3753
19.9761
19.9
19.9759
20.3742
20.3798
19.9801
19.9047
19.9798
20.3788
20.3849
19.9846
19.9097
19.9842
20.3841
20.3904
19.9895
19.9151
19.9892
20.3897
20.3963
19.9948
19.9209
19.9944
20.3958
20.4024
20.0004
19.9272
20.0002
20.4017
20.4085
20.006
19.9336
20.0059
20.4079
20.4145
20.0116
19.94
20.0115
20.4142
20.4202
20.0167
19.9458
20.0167
20.4201
20.4254
20.021
19.9507
20.0211
20.4253
20.43
20.024
19.954
20.024
20.4298
20.433
20.025
19.9554
20.0251
20.4326
20.4333
20.0235
19.954
20.0236
20.4328
20.4301
20.0183
19.9487
20.0184
20.4296
20.4221
20.0078
19.9379
20.0079
20.4216
20.4071
19.99
19.9196
19.9901
20.4067
20.3843
19.9631
19.8915
19.9631
20.3838
20.3501
19.924
19.8507
19.9239
20.3496
20.2995
19.8692
19.7937
19.8691
20.2992
20.2287
19.7956
19.7171
19.7955
20.2285
20.1334
19.6998
19.6176
19.6997
20.1333
20.0092
19.5787
19.4917
19.5786
20.0091
19.8537
19.431
19.3371
19.431
19.8536
19.6724
19.2593
19.1557
19.2592
19.6723
19.4884
19.0657
18.954
19.0657
19.4884
20.4579
19.8707
19.8689
19.8707
20.4579
20.6277
19.7825
19.7367
19.7825
20.6277
20.5062
19.8716
19.8075
19.8715
20.5062
20.4362
19.8975
19.8489
19.8975
20.4362
20.4052
19.9058
19.8744
19.9058
20.4052
20.3875
19.9088
19.8903
19.9089
20.3874
20.3768
19.9097
19.8999
19.9098
20.3765
20.3705
19.91
19.906
19.9103
20.3699
20.3663
19.9111
19.9108
19.9115
20.3651
20.365
19.9119
19.9144
19.9128
20.3628
20.3665
19.9123
19.9166
19.913
20.3644
20.3683
19.9136
19.919
19.9135
20.3674
20.3708
19.9159
19.9223
19.9161
20.3694
20.3741
19.9189
19.9262
19.9193
20.3721
20.3783
19.9226
19.9306
19.9233
20.3758
20.3833
19.927
19.9355
19.9275
20.3811
20.3893
19.9319
19.9409
19.9321
20.3874
20.396
19.9375
19.947
19.9377
20.3944
20.4034
19.9438
19.9536
19.9434
20.4027
20.4114
19.9509
19.9614
19.951
20.4099
20.4197
19.9585
19.9696
19.959
20.4183
20.4286
19.9667
19.9783
19.9667
20.4282
20.4371
19.9758
19.9875
19.9752
20.4378
20.4465
19.9846
19.9967
19.9842
20.4471
20.4578
19.9919
20.005
19.992
20.4575
20.4689
19.9983
20.0125
19.999
20.4679
20.4781
20.004
20.0186
20.0047
20.4769
20.4848
20.0077
20.022
20.0082
20.4839
20.4889
20.0067
20.0206
20.0072
20.488
20.4898
19.9979
20.0116
19.9982
20.4889
20.4817
19.9793
19.9921
19.9797
20.4807
20.4606
19.9462
19.9572
19.9467
20.4595
20.4205
19.8918
19.9002
19.8918
20.42
20.3514
19.8082
19.8134
19.8079
20.3513
20.2393
19.6848
19.6855
19.6846
20.2391
20.0694
19.5095
19.5029
19.5094
20.0693
19.8245
19.2693
19.252
19.2692
19.8244
19.4876
18.9567
18.9244
18.9566
19.4875
19.039
18.5486
18.5026
18.5485
19.0389
20.3315
19.9327
20.0024
19.9327
20.3315
20.3912
19.8937
19.9568
19.8937
20.3912
20.2637
19.9763
20.0279
19.9764
20.2637
20.1854
20.0056
20.0744
20.0056
20.1854
20.1448
20.0185
20.1066
20.0185
20.1448
20.1199
20.0255
20.1281
20.0255
20.1199
20.1039
20.0296
20.1413
20.0296
20.104
20.0939
20.0322
20.1499
20.0322
20.094
20.0877
20.0337
20.1554
20.0338
20.0879
20.084
20.0353
20.1596
20.0353
20.0843
20.0826
20.0373
20.1631
20.0371
20.0824
20.082
20.039
20.166
20.0391
20.0818
20.0824
20.0412
20.1688
20.0414
20.0825
20.0842
20.0442
20.1718
20.0442
20.084
20.0869
20.0481
20.1758
20.0479
20.0867
20.0906
20.0529
20.1809
20.0527
20.0902
20.0952
20.0586
20.1869
20.0585
20.0947
20.1007
20.0653
20.1939
20.0654
20.1005
20.1074
20.073
20.2018
20.0733
20.1073
20.1151
20.0816
20.2105
20.0817
20.1148
20.1238
20.0913
20.2203
20.0913
20.1238
20.1341
20.1022
20.2312
20.1022
20.1339
20.1454
20.1141
20.2432
20.1139
20.1451
20.1579
20.1269
20.2562
20.1268
20.1578
20.1715
20.141
20.27
20.1409
20.1715
20.1861
20.1559
20.2844
20.1559
20.1864
20.2022
20.1714
20.2993
20.1713
20.2022
20.2188
20.1871
20.3143
20.187
20.2188
20.2352
20.2022
20.3282
20.2022
20.2354
20.2504
20.2149
20.341
20.215
20.2504
20.2624
20.2237
20.3497
20.2239
20.2625
20.2692
20.225
20.3493
20.2251
20.2692
20.2662
20.2126
20.3341
20.2128
20.2666
20.2453
20.1786
20.2954
20.1786
20.245
20.1806
20.1093
20.2192
20.1093
20.1804
20.0744
19.9876
20.0865
19.9875
20.0742
19.911
19.8044
19.8846
19.8044
19.9109
19.5868
19.4786
19.5376
19.4785
19.5867
18.5839
18.451
18.5018
18.451
18.5838
19.9279
20.1739
20.1287
20.1739
19.9279
19.9077
20.2139
20.1678
20.2139
19.9077
19.8611
20.2758
20.2304
20.2758
19.8611
19.7969
20.3124
20.2824
20.3124
19.797
19.7533
20.3318
20.32
20.3319
19.7533
19.7264
20.3425
20.3455
20.3426
19.7266
19.7092
20.3483
20.362
20.3484
19.7096
19.6969
20.3517
20.3724
20.3518
19.6972
19.6911
20.3523
20.3778
20.3524
19.692
19.6864
20.3527
20.3812
20.3525
19.6892
19.6812
20.3543
20.3842
20.3534
19.686
19.6839
20.3536
20.3855
20.354
19.6841
19.6885
20.3526
20.3857
20.3535
19.6864
19.6915
20.353
20.3862
20.3529
19.6919
19.6951
20.3543
20.3873
20.3538
19.6963
19.6996
20.3563
20.3893
20.356
19.7006
19.7051
20.3594
20.3922
20.3592
19.705
19.7117
20.3638
20.3964
20.3642
19.7083
19.7197
20.3691
20.4017
20.3709
19.7123
19.7291
20.3755
20.4074
20.376
19.7251
19.7396
20.3834
20.4147
20.3834
19.7373
19.7504
20.3936
20.4239
20.3934
19.7494
19.7658
20.4043
20.4343
20.4044
19.7644
19.7828
20.4169
20.4463
20.4169
19.7824
19.8001
20.4326
20.4612
20.432
19.8029
19.8211
20.4505
20.4789
20.4502
19.8238
19.8435
20.4714
20.499
20.4706
19.8472
19.8714
20.4939
20.5213
20.4938
19.8726
19.9016
20.5197
20.5462
20.52
19.9005
19.9327
20.5495
20.5739
20.5502
19.9304
19.968
20.58
20.6025
20.5808
19.9653
20.0038
20.6101
20.6303
20.6107
20.0025
20.0363
20.6363
20.6533
20.637
20.0346
20.0586
20.6513
20.6632
20.6515
20.057
20.0588
20.6401
20.6435
20.64
20.058
20.0041
20.5704
20.5601
20.5702
20.0038
19.8281
20.3655
20.3331
20.3653
19.8279
19.4378
19.8968
19.8224
19.8967
19.4377
18.338
18.6221
18.5362
18.622
18.3379
19.8705
20.2736
20.267
20.2736
19.8706
20.2206
20.1172
20.2185
20.1172
20.2206
20.5197
19.9752
20.0116
19.9752
20.5197
20.5459
19.9718
19.931
19.9718
20.5459
20.5355
19.959
19.8773
19.959
20.5355
20.513
19.938
19.8395
19.938
20.513
20.4826
19.9077
19.8041
19.9077
20.4825
20.445
19.8686
19.764
19.8686
20.4449
20.3993
19.8205
19.7157
19.8205
20.3993
20.3451
19.7633
19.6578
19.7633
20.3451
20.2822
19.6969
19.5899
19.697
20.2822
20.211
19.6212
19.5117
19.6212
20.2111
20.1301
19.5335
19.4212
19.5335
20.1301
20.0326
19.4262
19.3123
19.4262
20.0326
19.8881
19.2668
19.1571
19.2668
19.8881
19.634
19.002
18.9151
19.002
19.634
18.9987
18.3627
18.3273
18.3627
18.9987
17.6082
17.1845
17.2461
17.1845
17.6082
13.6476
13.4694
13.5824
13.4693
13.6476
19.8462
20.2589
20.2503
20.2589
19.8462
20.2004
20.1109
20.2065
20.1109
20.2004
20.5117
19.9731
19.9993
19.9731
20.5118
20.5315
19.979
19.9232
19.979
20.5315
20.5127
19.972
19.8714
19.972
20.5127
20.4816
19.9537
19.8363
19.9537
20.4816
20.4438
19.9247
19.8028
19.9247
20.4438
20.4005
19.8865
19.764
19.8865
20.4005
20.351
19.8392
19.7168
19.8391
20.351
20.2944
19.7825
19.6597
19.7824
20.2944
20.2301
19.7156
19.5915
19.7156
20.2301
20.1565
19.637
19.5105
19.637
20.1565
20.0693
19.5412
19.4117
19.5412
20.0693
19.9557
19.4147
19.2834
19.4147
19.9557
19.7723
19.214
19.086
19.214
19.7722
19.4259
18.8613
18.7538
18.8613
19.4259
18.5808
18.0352
17.9796
18.0352
18.5808
16.6513
16.2072
16.2535
16.2072
16.6513
12.4133
12.124
12.3344
12.124
12.4133
19.8206
20.2456
20.2354
20.2456
19.8206
20.1793
20.0997
20.193
20.0997
20.1793
20.4974
19.9688
19.9889
19.9688
20.4974
20.5107
19.9842
19.9198
19.9842
20.5107
20.4838
19.9835
19.8736
19.9835
20.4838
20.4451
19.9685
19.8438
19.9685
20.4451
20.401
19.9416
19.8138
19.9416
20.4009
20.3532
19.9051
19.7778
19.9051
20.3532
20.3011
19.8595
19.7328
19.8595
20.301
20.2435
19.8043
19.6775
19.8043
20.2435
20.1792
19.7382
19.6101
19.7383
20.1792
20.1057
19.6589
19.5283
19.6589
20.1057
20.0171
19.5593
19.4253
19.5593
20.0171
19.8982
19.4236
19.287
19.4236
19.8982
19.7019
19.2053
19.0708
19.2054
19.7019
19.3303
18.8238
18.7084
18.8238
19.3303
18.4461
17.9604
17.8985
17.9604
18.4461
16.5231
16.1403
16.1823
16.1403
16.5231
12.3977
12.1204
12.3294
12.1204
12.3976
19.7942
20.2343
20.2227
20.2343
19.7942
20.1572
20.0849
20.1786
20.0849
20.1572
20.476
19.9655
19.9803
19.9655
20.476
20.4841
19.9901
19.9196
19.9901
20.4841
20.4496
19.9959
19.8823
19.9959
20.4496
20.4046
19.9848
19.8593
19.9848
20.4046
20.3556
19.9606
19.8342
19.9605
20.3556
20.3048
19.9262
19.8017
19.9262
20.3047
20.2513
19.8827
19.7596
19.8826
20.2513
20.194
19.8295
19.7068
19.8295
20.1939
20.1311
19.7655
19.6416
19.7655
20.1311
20.0603
19.6878
19.5611
19.6879
20.0604
19.9757
19.5894
19.4586
19.5894
19.9757
19.8632
19.4554
19.3208
19.4554
19.8632
19.6827
19.2451
19.1112
19.2451
19.6827
19.3593
18.8976
18.7825
18.8976
19.3593
18.6234
18.1569
18.099
18.1568
18.6233
17.2234
16.9829
17.0294
16.9828
17.2234
13.5328
13.3978
13.5039
13.3978
13.5327
0.935804
0.864868
0.792824
0.864844
0.935766
3.0956
2.93996
3.00495
2.93993
3.09556
2.90163
2.71242
2.8009
2.7124
2.9016
-0.0847699
-0.0595156
-0.0789278
-0.0595303
-0.0847948
-1.83681
-1.83771
-1.90115
-1.83773
-1.83685
-0.243
-0.212578
-0.195897
-0.212601
-0.243037
-0.33118
-0.33663
-0.30579
-0.336651
-0.331213
-2.56417
-2.5115
-2.55429
-2.51151
-2.5642
-0.912892
-1.02742
-1.09757
-1.02743
-0.912919
-0.25312
-0.24759
-0.259948
-0.247609
-0.253151
-0.330862
-0.327877
-0.326291
-0.327893
-0.330888
-1.46832
-1.46696
-1.5088
-1.46698
-1.46834
-0.0332412
-0.0753685
-0.102938
-0.075376
-0.0332524
0.0411063
0.0367101
0.0289133
0.0367025
0.041094
0.021841
0.0219255
0.020289
0.0219189
0.0218312
-0.220438
-0.218572
-0.234583
-0.218577
-0.220447
19.987
20.3748
20.4072
20.3748
19.987
20.0236
20.3555
20.4015
20.3556
20.0238
20.0832
20.3607
20.4055
20.3612
20.0836
20.1118
20.4137
20.4451
20.4138
20.1119
20.1329
20.462
20.4871
20.462
20.1329
20.1444
20.4985
20.5234
20.4985
20.1444
20.1439
20.5181
20.5456
20.5181
20.1439
20.1299
20.5183
20.549
20.5183
20.1298
20.1013
20.4985
20.532
20.4985
20.1013
20.0585
20.4592
20.4944
20.4592
20.0585
20.0038
20.4031
20.4385
20.4031
20.0037
19.943
20.3361
20.3702
20.3361
19.943
19.8886
20.27
20.3016
20.27
19.8886
19.8628
20.2255
20.2547
20.2255
19.8628
19.8922
20.2321
20.261
20.2321
19.8922
20.0085
20.3234
20.3598
20.3234
20.0085
20.2059
20.5012
20.5519
20.5012
20.2059
20.3984
20.738
20.7862
20.738
20.3983
20.5347
20.9228
20.9604
20.9228
20.5347
19.9362
20.3505
20.357
20.3505
19.9363
20.1603
20.1725
20.2825
20.1725
20.1603
20.3111
20.0971
20.1849
20.0972
20.3112
20.3321
20.1117
20.1665
20.1117
20.3322
20.3343
20.1257
20.167
20.1257
20.3343
20.3321
20.1313
20.1704
20.1313
20.3321
20.3215
20.1254
20.1664
20.1254
20.3215
20.2998
20.1061
20.1497
20.1061
20.2997
20.2658
20.0726
20.1179
20.0726
20.2657
20.2198
20.0255
20.0711
20.0255
20.2198
20.1648
19.967
20.0112
19.9669
20.1647
20.1076
19.9028
19.9443
19.9028
20.1075
20.0599
19.8447
19.8822
19.8447
20.0599
20.0364
19.8132
19.8469
19.8132
20.0363
20.0781
19.8397
19.8742
19.8397
20.078
20.2255
19.9717
20.0123
19.9717
20.2255
20.4646
20.1786
20.2479
20.1786
20.4646
20.6871
20.6392
20.7325
20.6392
20.6871
20.6841
21.1708
21.1594
21.1708
20.6841
19.9178
20.314
20.3124
20.3142
19.9179
20.2409
20.12
20.2388
20.1198
20.2409
20.4637
20.0073
20.0675
20.0073
20.4637
20.4934
19.9987
19.9999
19.9988
20.4934
20.4917
19.9886
19.962
19.9886
20.4917
20.4833
19.9724
19.9359
19.9724
20.4833
20.4668
19.9481
19.909
19.9481
20.4667
20.4405
19.9144
19.875
19.9143
20.4405
20.4033
19.8702
19.8309
19.8702
20.4033
20.3552
19.8159
19.776
19.8159
20.3552
20.2982
19.7534
19.712
19.7533
20.2982
20.2371
19.6867
19.643
19.6867
20.237
20.1795
19.6232
19.5764
19.6232
20.1794
20.1363
19.5737
19.5246
19.5736
20.1362
20.1176
19.5465
19.499
19.5465
20.1176
20.1442
19.5569
19.5289
19.5569
20.1441
20.1548
19.522
19.5449
19.5219
20.1548
20.3668
20.0998
20.1784
20.0998
20.3668
20.1442
20.5056
20.4438
20.5056
20.1442
19.8937
20.2906
20.2858
20.2907
19.8938
20.2367
20.1198
20.2284
20.1197
20.2367
20.509
19.9849
20.0301
19.9849
20.509
20.5393
19.9756
19.9501
19.9756
20.5393
20.5347
19.9608
19.8993
19.9608
20.5347
20.5198
19.9392
19.8637
19.9392
20.5198
20.4965
19.9094
19.8295
19.9094
20.4965
20.4647
19.8711
19.7902
19.8711
20.4646
20.4232
19.8236
19.7424
19.8236
20.4232
20.3719
19.7669
19.685
19.7669
20.3719
20.3116
19.7019
19.6184
19.7019
20.3116
20.2447
19.6303
19.5444
19.6303
20.2447
20.1739
19.5538
19.4651
19.5537
20.1738
20.1006
19.4725
19.3823
19.4725
20.1005
20.013
19.3723
19.2857
19.3723
20.013
19.8925
19.2344
19.1706
19.2344
19.8924
19.5667
18.8661
18.8584
18.8661
19.5666
19.1426
18.761
18.8339
18.761
19.1426
18.5435
18.7408
18.6818
18.7408
18.5435
)
;

boundaryField
{
    empty
    {
        type            empty;
    }
    top
    {
        type            fixedValue;
        value           uniform 20.1;
    }
    fixedwall
    {
        type            zeroGradient;
    }
    outlet
    {
        type            fixedValue;
        value           uniform 0;
    }
}


// ************************************************************************* //
